diamond 11 10年11月26日08时500百帕流场
10 11 26 08   0   500
  2.000 -2.000  32.0 160.0  80.0  12.0  65  35
    -6.9    -6.8    -6.5    -5.8    -5.0    -4.5    -4.6    -5.1    -5.8    -6.5
    -7.5    -8.6    -9.6   -10.2   -10.4   -10.2    -9.9    -9.5   -10.2   -13.5
   -18.0   -21.2   -22.5   -22.8   -22.9   -22.9   -22.9   -22.5   -21.5   -19.6
   -17.3   -15.6   -14.7   -14.3   -13.9   -13.7   -13.5   -13.5   -13.7   -13.7
   -13.5   -13.1   -12.8   -12.8   -13.0   -13.3   -13.4   -13.1   -11.9    -9.8
    -7.6    -6.0    -5.3    -5.1    -5.0    -4.9    -4.6    -4.1    -3.8    -3.6
    -3.5    -3.5    -3.5    -3.4    -3.4
    -7.0    -6.8    -6.5    -5.8    -4.9    -4.3    -4.3    -4.7    -5.2    -5.7
    -6.6    -7.7    -8.8    -9.7    -9.9    -9.8    -9.0    -7.8    -8.4   -12.5
   -18.0   -21.6   -22.8   -22.9   -22.9   -22.9   -22.9   -22.7   -21.8   -20.0
   -17.8   -16.3   -15.5   -15.0   -14.4   -13.8   -13.6   -13.5   -13.7   -13.5
   -13.2   -12.8   -12.4   -12.4   -12.7   -13.2   -13.5   -13.3   -12.3   -10.3
    -7.9    -6.1    -5.2    -5.0    -5.0    -4.9    -4.5    -4.0    -3.7    -3.5
    -3.5    -3.5    -3.4    -3.3    -3.1
    -7.3    -7.1    -6.7    -5.8    -4.8    -4.1    -4.0    -4.2    -4.5    -4.8
    -5.1    -5.8    -6.7    -7.7    -8.2    -7.4    -5.0    -2.6    -3.0    -8.3
   -15.8   -21.0   -22.7   -22.9   -23.0   -23.0   -22.9   -22.6   -21.5   -19.7
   -18.3   -18.0   -18.0   -17.5   -16.7   -15.6   -14.8   -14.3   -14.0   -13.3
   -12.5   -12.0   -11.6   -11.5   -11.8   -12.6   -13.3   -13.6   -13.1   -11.6
    -9.3    -7.0    -5.6    -5.0    -4.9    -4.7    -4.3    -3.9    -3.6    -3.5
    -3.5    -3.4    -3.1    -2.7    -2.3
    -8.3    -8.1    -7.4    -6.1    -4.8    -4.1    -4.1    -4.1    -4.3    -4.4
    -4.7    -4.9    -4.9    -5.1    -4.6    -2.7      .3     2.6     2.0    -3.4
   -11.8   -18.8   -22.1   -22.9   -23.0   -23.0   -22.6   -21.3   -18.6   -16.0
   -15.6   -17.5   -19.4   -20.2   -20.1   -19.8   -18.8   -17.2   -15.5   -13.7
   -12.3   -11.6   -11.0   -10.5   -10.5   -11.2   -12.6   -13.7   -14.6   -13.8
   -11.4    -8.6    -6.2    -5.2    -4.8    -4.5    -4.0    -3.7    -3.6    -3.5
    -3.5    -3.1    -2.3    -1.4     -.7
    -8.9    -8.9    -7.8    -6.3    -5.0    -4.6    -4.6    -4.5    -4.2    -4.3
    -4.2    -4.0    -3.3    -2.2     -.7     1.5     3.7     5.1     4.5      .5
    -6.9   -14.9   -20.2   -22.4   -22.8   -22.2   -20.2   -16.4   -11.2    -7.6
    -8.2   -12.6   -17.2   -19.7   -21.2   -21.4   -20.9   -18.9   -16.5   -14.1
   -12.6   -11.7   -10.8    -9.5    -8.7    -9.2   -10.8   -13.4   -14.4   -13.8
   -11.2    -8.2    -5.8    -4.7    -4.1    -3.7    -3.6    -3.8    -3.8    -3.7
    -3.0    -2.0     -.5      .9     1.6
    -8.8    -8.4    -6.4    -4.7    -3.8    -4.0    -4.8    -4.7    -3.7    -3.0
    -2.7    -1.8      .1     2.3     3.9     4.9     5.5     5.7     5.5     3.8
     -.8    -7.6   -14.1   -18.4   -19.9   -18.1   -13.5    -7.3    -1.7     1.0
     -.7    -6.1   -11.8   -15.4   -17.7   -19.8   -19.9   -17.8   -15.3   -13.6
   -12.4   -11.8   -10.4    -8.6    -7.2    -7.2    -8.7   -11.0   -12.8   -11.6
    -7.9    -4.9    -3.4    -2.5    -1.7    -1.2    -1.8    -2.9    -3.3    -2.8
    -1.1      .9     2.7     4.0     4.3
    -7.0    -5.3    -1.8     -.7    -1.1    -2.6    -3.8    -4.0    -2.8    -1.7
     -.9      .9     3.8     6.4     7.6     7.3     6.0     5.4     5.4     5.6
     4.8     2.5    -1.3    -5.8    -8.8    -7.7    -3.4     1.1     3.9     4.5
     2.8     -.7    -4.2    -6.4    -9.1   -12.6   -14.5   -14.1   -12.8   -12.1
   -11.2   -10.0    -8.1    -6.5    -5.2    -4.9    -5.9    -7.9    -8.7    -7.4
    -4.7    -2.8    -1.4     -.1     2.1     3.4     2.6      .9     -.1     1.2
     3.5     5.6     6.6     6.9     6.6
    -4.7     1.0     6.1     2.8     1.2     -.8    -1.9    -1.5      .3     1.4
     1.9     3.5     6.4     8.9    10.1     9.5     7.2     6.1     6.0     7.4
     9.6    12.6    14.3    12.9     9.6     7.4     6.5     5.8     4.9     4.0
     2.5      .7     -.8     -.9    -2.2    -4.9    -8.1    -9.2    -9.1    -8.1
    -6.4    -3.4     -.9     -.4     -.4    -1.4    -2.9    -4.3    -4.5    -3.6
    -2.3    -1.4     -.1     2.8     6.1     8.4     8.6     7.7     7.5     8.3
     9.5    10.1     9.6     8.7     7.9
     1.3     2.6     6.9     6.0     3.6     1.6     1.9     3.9     6.5     7.7
     7.5     7.6     9.3    11.8    13.7    13.4    11.4     9.6    10.1    12.3
    15.3    19.0    21.8    22.6    21.9    20.4    16.6    10.4     4.9      .5
      .4      .3     -.3     -.4    -2.3    -4.9    -7.5    -6.9    -3.9    -1.1
     3.4     5.6     6.6     4.0     3.1     1.7     -.1    -1.7    -1.6    -1.2
     -.9     -.5     1.4     5.0     8.5    10.6    11.0    10.8    10.6    11.3
    11.7    11.7    10.5     9.1     8.0
    -4.2    -2.8      .6     6.0     5.0     2.5     4.1     7.4    10.2    11.2
    11.2    11.4    12.8    15.3    17.5    18.4    18.1    18.7    20.0    21.3
    22.4    23.4    24.0    25.5    28.0    30.8    27.7    18.1     5.7      .0
    -1.5     -.4    -1.9    -2.8    -5.6   -11.1   -12.4    -7.4    -3.4    -1.2
     1.2     4.6     6.3     4.9     4.2     3.4     1.6      .3      .0      .0
     -.1      .1     1.6     5.0     9.0    11.6    12.4    11.8    11.2    11.1
    11.5    11.3    10.1     8.5     7.3
    -2.6     -.8      .2     2.8     1.3     -.5     4.1     8.8    11.9    12.9
    13.5    14.5    16.3    17.9    19.3    20.3    21.3    23.5    25.1    25.9
    25.7    25.6    25.6    27.4    31.0    36.7    35.6    25.3    10.6     2.5
      .8      .0    -2.6    -4.2    -7.8    -9.7    -9.1    -3.1      .6    -1.5
    -2.4     -.8     1.7     3.0     3.5     3.2     1.4      .4      .4      .4
      .3     -.4     -.5     2.3     7.2    12.0    13.7    13.5    11.3    10.6
    10.6    10.3     9.2     7.5     6.5
     7.1     6.1     5.8     3.0     -.2     -.7     5.5    11.6    15.2    15.9
    15.6    16.5    17.6    18.5    19.5    20.3    22.0    24.4    26.0    26.8
    26.9    27.4    28.5    30.0    34.7    37.5    37.3    29.4    17.5     8.1
     4.1     2.5     1.2     2.1     4.4     4.6     2.9     5.5     5.3     3.2
    -1.5    -2.3     -.2     1.2     2.4     2.9     1.3      .6      .5     1.0
      .7     -.5    -1.7      .5     5.3    11.6    13.9    13.0    11.4    10.3
    10.0     9.8     8.9     7.4     5.3
    11.5    11.1    11.5     8.3     4.5     2.5     4.9    10.0    14.2    16.3
    17.2    16.7    17.4    18.2    18.9    19.9    21.4    23.1    25.3    26.6
    27.3    28.7    30.4    32.4    34.3    36.3    36.0    31.2    22.7    15.4
    12.0    11.1     9.7    10.7    14.4    18.1    17.6    13.1    10.6     8.5
     4.2     2.5     2.7     3.5     4.4     4.6     3.6     3.0     3.4     3.5
     2.3      .4     -.8     2.0     6.2    10.5    12.2    11.9    10.9    10.3
    10.1    10.2     9.7     7.3     6.5
    10.7    14.5    16.2    13.7     9.7     5.4     3.9     1.7     9.9    13.9
    15.2    15.1    15.7    17.3    18.6    19.8    20.4    21.3    22.5    24.1
    26.1    28.2    31.2    33.0    34.1    34.8    34.8    32.9    30.3    28.6
    29.5    30.5    27.4    22.1    21.9    24.9    22.8    16.1    13.9    13.3
    12.2    10.7     7.3     8.0     8.5     9.4     9.6     9.8     9.7     9.0
     6.9     4.1     3.5     5.7    10.3    11.8    10.1     9.6     9.7    10.0
    10.5    10.9    11.3    10.5     9.3
    10.8    16.3    16.7    16.6    11.0    10.1     8.5     6.3     5.3    12.0
    14.5    15.1    16.0    17.4    18.5    19.3    18.7    17.6    17.1    18.2
    21.0    24.6    29.2    32.1    32.3    31.7    31.3    32.3    33.3    34.4
    38.0    39.2    37.3    33.1    32.9    29.6    24.1    17.2    13.0    13.3
    18.6    16.7    10.1     9.2    11.9    12.9    12.8    12.9    13.0    12.4
    11.1     9.4     9.1    12.1    10.7     8.3     5.7     6.8     7.9     9.4
    10.5    11.4    12.1    11.7    11.1
    14.7    14.6    17.2    19.9    20.6    22.8    29.7    20.7    12.8    16.8
    17.7    16.9    17.0    17.6    18.1    17.2    14.8    11.7    10.7    12.7
    16.2    20.3    24.9    27.6    26.5    24.1    23.7    26.1    30.5    32.4
    37.2    39.7    40.4    39.4    38.2    34.9    26.7    18.8    13.0    11.9
    19.1    16.2    10.3    11.6    14.8    15.4    14.1    14.0    13.9    13.7
    13.2    12.3    11.5    10.7     7.1     5.8     4.8     6.4     7.7     9.2
    10.3    11.2    11.7    11.6    11.2
    15.8    15.2    19.6    31.1    35.8    35.4    37.4    34.1    20.9    20.3
    20.4    19.7    18.5    17.8    16.6    14.0    10.5     7.7     7.3     8.8
    11.8    14.4    16.4    18.1    18.7    17.3    17.0    20.2    23.9    27.7
    30.5    33.9    36.2    38.5    37.4    33.3    25.8    20.2    16.5    12.6
    14.8    14.4    12.1    16.1    18.4    17.5    15.1    14.8    14.8    14.6
    14.2    13.1    12.0    10.5     9.4     8.4     8.5     8.5     9.0     9.3
     9.9    10.6    11.1    11.3    11.2
    17.5    19.5    24.4    32.7    37.0    32.4    30.1    25.3    20.6    19.5
    21.0    21.0    19.5    17.7    15.2    11.5     7.7     4.8     3.3     2.8
     4.5     6.9     8.6    11.4    16.2    14.5    13.0    13.3    16.1    21.2
    24.3    25.1    27.4    29.6    29.5    26.9    24.0    22.1    21.5    21.2
    20.2    23.3    24.0    23.9    22.8    19.9    16.2    16.3    17.2    17.2
    16.2    14.1    12.2    10.8     9.4     9.3     9.5     9.5     9.4     9.4
     9.7    10.2    10.7    11.0    11.0
    19.1    19.6    21.6    25.6    28.1    25.6    23.2    23.2    18.4    19.4
    20.3    20.2    18.2    15.3    12.2     8.3     4.2      .7    -2.2    -4.9
    -4.1    -1.0     3.0     6.1    11.3    11.2     8.4     7.2     7.9    15.1
    18.3    18.7    21.0    22.9    21.2    21.8    23.1    23.3    29.2    26.4
    24.8    25.2    26.0    25.1    23.0    19.9    17.1    17.4    20.4    21.8
    19.4    15.2    12.6    11.1    10.6    10.1     9.7     9.7     9.6     9.5
     9.7    10.0    10.4    10.7    10.7
    22.1    21.0    19.7    20.5    21.9    23.4    23.3    22.3    20.3    19.3
    18.9    17.1    14.2    11.2     8.6     5.6     1.7    -2.4    -5.7    -8.0
    -6.5    -2.9     1.4     3.6     5.3     5.3     4.6     6.2     7.2    12.2
    14.4    15.6    17.0    16.3    15.9    18.9    24.9    20.6    23.5    29.7
    27.1    24.1    22.3    22.4    20.4    17.4    14.8    17.4    22.0    24.1
    22.4    15.7    11.9    10.5    10.0     9.7     9.6     9.5     9.5     9.6
     9.7     9.9    10.1    10.2    10.1
    22.5    21.4    18.3    17.3    18.9    21.1    22.4    22.5    20.6    18.3
    15.5    12.8    10.3     8.6     7.5     6.0     2.9    -1.1    -4.8    -6.3
    -5.9    -1.3     1.9     3.6     3.6     3.0     3.3     7.8    10.6    12.0
    12.8    14.0    14.1    12.1    12.9    16.4    20.7    18.4    21.3    28.9
    28.4    23.3    19.5    18.2    18.2    15.0    11.3    14.1    21.3    23.4
    20.2    13.4     8.1     9.2     9.4     9.0     8.3     9.3     9.5     9.7
     9.6     9.5     9.2     9.1     9.0
    20.5    20.8    18.0    16.8    17.4    18.9    19.1    17.7    15.5    13.0
    10.7     9.1     8.2     7.8     7.6     7.1     5.4     2.3    -1.1    -2.8
    -1.6     1.0     3.5     6.3     7.4     6.9     6.7    10.6    11.9    11.4
    11.1    13.1    13.6    12.1    12.5    13.9    15.4    16.6    21.3    26.9
    26.4    23.4    19.5    16.8    17.1    15.6    11.8    14.1    18.3    23.1
    18.9    11.9     9.1     9.4    11.2    10.4     9.8     9.8    10.1     9.9
     9.3     8.5     7.7     7.4     7.4
    17.1    16.9    15.7    14.7    14.5    14.2    12.4     9.6     8.6     8.2
     7.9     7.7     7.7     7.7     7.7     7.6     7.4     6.2     2.6      .2
     1.2     3.2     5.2    10.2    11.5    11.6    11.3    13.0    11.9     9.9
     6.5    10.2    12.3    12.9    12.3    12.5    14.4    14.4    18.9    23.7
    23.8    22.5    21.1    20.1    18.2    17.9    23.1    21.7    21.9    20.7
    18.4    14.6    13.2    13.2    13.1    12.8    11.8    11.8    11.1    10.0
     8.2     6.5     5.7     5.5     5.7
    13.4    12.3    11.3    11.0    10.7     9.7     8.5     7.7     7.6     7.6
     7.6     7.6     7.6     7.7     7.7     7.7     7.6     7.3     5.9     4.9
     5.8     7.1     8.6    11.3    12.0    12.0    11.0    11.3    12.0     7.5
     9.3     7.9     7.8     8.8     9.5    10.3    14.1    17.0    18.3    19.2
    19.7    20.2    20.5    21.3    20.8    21.6    23.4    27.1    22.1    15.8
    12.9    15.2    15.5    14.6    12.5    10.9    11.2    11.2    10.5     8.5
     6.0     4.2     3.7     3.9     4.2
    10.9    10.1     9.7     9.8     9.6     8.8     7.8     7.6     7.5     7.6
     7.6     7.6     7.6     7.7     7.8     7.8     7.8     8.0     8.5     9.4
     9.8    10.0    10.2    10.5    10.5    10.2     9.2     9.2    11.3    18.4
    18.1    15.4    11.5     9.1     6.2     7.6    13.7    17.8    18.9    18.3
    17.7    18.5    20.7    22.6    22.9    22.7    23.0    21.6    16.1    11.8
    11.1    14.2    15.2    13.0    10.5     9.4    10.3    10.3     9.1     6.8
     4.3     2.8     2.7     3.0     3.2
    10.1     9.6     9.5     9.6     9.3     8.6     7.8     7.5     7.5     7.5
     7.6     7.7     7.8     8.2     8.7     8.7     8.8     9.3    10.0    10.3
    10.3    10.3    10.3    10.3    10.2     9.6     8.8     8.6    10.2    11.1
    15.6    14.4    14.5    13.6     6.7    13.4    16.1    15.3    17.3    18.1
    17.4    18.6    22.1    24.6    24.2    21.8    18.3    15.2    11.4    10.3
    11.0    13.4    13.9    12.1    10.2     9.5     9.6     9.3     8.1     5.9
     3.6     2.4     2.3     2.5     2.6
     9.9     9.8     9.7     9.6     9.1     8.3     7.7     7.5     7.5     7.6
     7.9     8.5     9.1    10.1    11.2    11.4    11.1    10.8    10.5    10.3
    10.3    10.3    10.3    10.3    10.2     9.5     8.7     8.5     9.0     6.4
     8.5    12.1    13.6    11.7    11.7    16.3    19.6    19.3    18.7    17.8
    16.6    18.5    21.9    25.1    25.3    19.8    14.6    11.9    10.4    11.5
    13.6    14.8    14.1    11.8    10.1     9.4     9.3     9.0     7.6     5.3
     3.3     2.3     2.2     2.2     2.3
    10.0     9.9     9.9     9.6     8.8     7.9     7.6     7.5     7.6     7.9
     8.6     9.3    10.6    11.6    12.4    12.5    12.3    11.9    11.1    10.2
     9.8     9.8    10.0    10.0     9.9     9.1     8.2     8.2     9.1    12.9
    15.1    15.6    21.7    19.7    14.0    13.2    16.7    20.6    20.4    18.4
    17.4    18.7    21.7    25.2    25.8    19.8    12.6     8.2    10.2    13.9
    15.9    16.6    14.3    11.8    10.0     9.4     9.2     8.5     6.8     4.5
     2.8     2.1     2.0     2.1     2.2
    10.0    10.0     9.9     9.5     8.8     7.9     7.7     7.7     8.3     9.1
     9.6    10.1    11.1    11.9    12.6    12.8    12.6    12.0    10.6     7.3
     5.7     6.0     7.1     6.3     6.3     7.0     6.0     1.4     5.6    11.0
    16.3    18.3    24.3    22.1    17.2    11.7    11.2    14.1    14.8    16.6
    18.1    18.3    19.1    21.3    20.1    14.4     9.1     6.8    10.9    15.6
    17.6    16.7    14.6    11.8    10.1     9.5     9.0     7.9     5.9     3.7
     2.4     2.0     2.0     2.1     2.1
    10.0    10.0     9.9     9.6     8.9     8.2     8.2     8.5     9.2     9.9
    10.0    10.4    11.4    12.4    12.8    12.8    12.5    11.1     7.0     2.0
     1.1     2.6     4.0     4.6     4.6     4.2     4.8     3.7     3.6     8.4
    14.9    16.3    17.7    15.4    14.1    11.2     8.6     8.4     9.7    13.0
    16.5    17.8    14.4    15.8    10.7     7.4     7.5     6.5    11.1    15.5
    17.1    16.2    13.9    11.5     9.9     9.3     8.7     7.3     5.1     3.2
     2.3     2.0     2.0     2.1     2.1
    10.0    10.0     9.9     9.7     9.2     8.7     8.8     9.2     9.8    10.3
    10.4    10.9    12.0    12.6    12.8    12.5    12.0    10.2     4.1    -1.3
    -2.6    -2.9    -2.7    -1.9    -1.3    -2.2      .1     2.4     3.9     6.4
     8.6     8.3     6.9     5.6     5.9     8.1     4.2     4.4     7.3     9.8
    11.2    12.2    11.1    13.3    14.7    13.7    11.8    10.8    12.2    14.7
    15.4    13.6    10.8     8.4     7.6     7.9     7.9     6.7     4.7     3.0
     2.2     2.1     2.0     2.1     2.1
    10.0    10.0     9.9     9.8     9.5     9.2     9.4     9.7    10.1    10.5
    10.7    11.2    12.1    12.5    12.5    12.2    11.4     7.9      .3    -4.4
    -5.9    -7.8   -10.1    -7.3    -5.4    -5.1    -4.0     -.4     1.9     3.4
     4.1     3.1     2.0     1.2     1.5     1.6      .3     -.8     3.7     5.5
     3.8     2.6     5.4    11.0    14.3    15.0    14.4    13.8    13.7    13.5
    11.3     7.1     2.5     -.1      .3     2.3     4.1     4.3     3.4     2.6
     2.2     2.1     2.0     2.0     2.1
    10.0    10.0     9.9     9.9     9.8     9.7     9.9    10.1    10.4    10.7
    10.9    11.4    11.8    12.1    12.1    11.5     9.2     4.2    -1.8    -5.6
    -7.3    -8.9   -10.8    -9.4    -6.0    -4.9    -5.7    -3.8    -1.6      .5
     1.7     1.7     1.0      .1     -.6    -1.9    -4.6    -6.8    -4.7    -2.0
    -2.1    -1.7     2.8     9.1    14.0    15.3    14.8    13.9    12.1     8.7
     3.5    -2.0    -6.2    -8.0    -7.7    -6.0    -3.9    -2.1     -.6      .8
     1.6     2.0     2.0     2.0     2.0
    10.0    10.0    10.0    10.0    10.0    10.0    10.2    10.4    10.6    10.9
    11.1    11.5    11.8    12.0    12.0    11.3     8.5     3.0    -2.7    -6.0
    -7.4    -8.4    -8.7    -7.8    -4.8    -3.6    -4.8    -4.7    -3.7    -1.8
      .2     1.3     1.2      .4    -1.4    -4.4    -7.9   -11.2   -10.7    -8.7
    -5.9    -2.8     1.5     7.7    12.3    14.0    13.7    11.5     7.1     1.0
    -4.8    -8.6   -10.0   -10.4   -10.2    -9.8    -9.0    -7.6    -5.2    -2.3
      .2     1.5     2.0     2.0     2.0
    10.0    10.0    10.0    10.0    10.1    10.2    10.3    10.5    10.7    11.0
    11.2    11.5    11.8    12.0    12.0    11.0     8.1     2.8    -2.5    -5.6
    -7.0    -7.8    -7.9    -7.3    -5.6    -4.7    -4.5    -4.7    -4.0    -2.4
     -.5      .6      .6     -.7    -3.0    -6.2   -10.6   -12.3   -11.9    -8.6
    -6.2    -3.6      .9     6.5    11.2    13.0    12.5     9.5     3.8    -2.9
    -8.5   -10.8   -11.0   -10.7   -10.2   -10.3   -10.1    -9.1    -7.0    -3.9
    -1.0      .9     1.7     2.0     2.0
    -1.2    -1.3    -1.5    -2.0    -2.8    -3.8    -4.8    -5.4    -5.3    -4.2
    -2.3     -.1     2.3     3.4     3.8     3.6     3.3     2.5     1.7     1.6
     1.9     2.1     2.1     2.0     2.0     2.0     2.0     1.9     1.5      .7
     -.2    -1.0    -1.6    -1.9    -2.3    -2.5    -2.8    -2.8    -2.5    -2.2
    -1.6     -.8     -.2     -.4    -1.2    -2.0    -2.5    -3.1    -4.3    -6.3
    -8.4   -10.0   -10.7   -10.9   -10.8   -10.3    -9.4    -8.0    -6.9    -6.3
    -6.1    -6.1    -6.0    -6.0    -5.9
    -1.3    -1.3    -1.4    -1.8    -2.6    -3.7    -5.1    -6.2    -6.6    -6.0
    -4.4    -2.1      .4     2.4     3.0     3.0     2.2      .7     -.4     -.1
     1.1     1.8     2.0     2.0     2.0     2.0     2.0     2.0     1.7     1.3
      .6     -.1     -.6    -1.2    -1.7    -2.4    -2.6    -2.7    -2.4    -1.9
    -1.0      .1      .7      .3     -.8    -1.8    -2.4    -2.9    -3.9    -5.8
    -8.1    -9.9   -10.9   -11.1   -10.9   -10.3    -9.1    -7.7    -6.7    -6.2
    -6.1    -6.0    -6.0    -5.8    -5.5
    -1.4    -1.4    -1.4    -1.6    -2.2    -3.2    -4.9    -6.7    -7.9    -8.4
    -7.9    -6.4    -4.2    -1.7      .0      .0    -2.0    -4.7    -6.0    -4.4
    -1.2     1.1     1.9     2.0     2.0     2.0     2.0     2.0     2.1     2.3
     2.4     2.4     2.2     1.6      .7     -.5    -1.3    -1.5    -1.1     -.2
     1.1     2.2     2.4     1.4     -.2    -1.6    -2.3    -2.6    -3.3    -4.7
    -6.8    -8.9   -10.4   -10.9   -10.8    -9.8    -8.5    -7.1    -6.4    -6.1
    -6.1    -6.0    -5.6    -5.0    -4.5
    -1.9    -1.9    -1.8    -1.7    -1.9    -2.6    -4.1    -6.1    -7.9    -8.9
    -9.4    -9.0    -7.8    -6.4    -5.3    -5.8    -7.8    -9.9   -10.2    -7.8
    -3.6     -.1     1.6     2.0     2.0     2.0     2.0     2.2     2.6     3.2
     3.9     4.4     4.7     4.7     4.4     3.9     3.0     2.2     2.1     2.6
     3.2     3.6     3.2     1.9      .0    -1.6    -2.3    -2.5    -2.7    -3.3
    -4.7    -6.7    -8.7    -9.9   -10.1    -9.1    -7.7    -6.7    -6.2    -6.1
    -6.0    -5.5    -4.5    -3.3    -2.4
    -1.9    -2.1    -2.0    -1.7    -1.9    -2.4    -3.4    -5.0    -6.8    -8.5
    -9.0    -9.0    -8.5    -8.0    -8.1    -9.3   -10.9   -12.0   -11.9    -9.9
    -6.2    -2.0      .7     1.7     2.0     2.1     2.3     2.8     3.4     4.1
     4.6     4.8     5.0     5.3     5.8     5.8     5.4     4.8     4.4     4.3
     4.3     4.1     3.4     1.9     -.2    -2.0    -2.6    -2.6    -2.5    -2.5
    -2.8    -3.7    -5.3    -6.8    -7.6    -7.4    -6.8    -6.6    -6.4    -6.3
    -5.4    -4.1    -2.1     -.3      .6
    -1.7    -1.9    -1.4    -1.1    -1.2    -1.8    -2.7    -3.8    -5.2    -6.7
    -7.7    -7.6    -7.0    -6.9    -7.8    -9.8   -11.6   -12.6   -12.7   -11.7
    -9.2    -5.6    -2.1      .3     1.6     2.5     3.3     4.3     5.0     5.3
     5.0     4.3     3.9     4.1     4.7     5.5     5.6     5.1     4.7     4.6
     4.5     4.3     3.4     1.6     -.8    -2.7    -3.2    -2.9    -2.4    -1.9
    -1.3    -1.0    -1.4    -2.2    -3.0    -3.7    -4.5    -5.6    -5.9    -5.1
    -3.0     -.5     2.0     3.6     4.1
     -.3     -.3      .0      .3      .0     -.8    -1.8    -2.7    -3.9    -5.3
    -6.2    -6.2    -5.6    -5.6    -6.8    -9.1   -11.8   -13.0   -13.2   -12.6
   -11.7    -9.8    -7.0    -3.8     -.5     2.3     4.5     6.4     6.9     5.7
     4.3     2.6     1.7     1.7     2.2     3.0     3.6     3.9     4.0     4.3
     4.1     3.6     2.7     1.6     -.4    -2.3    -3.1    -3.2    -2.0    -1.1
     -.4      .0      .3      .7     1.0      .7     -.6    -2.0    -2.4     -.4
     2.5     5.3     6.8     7.2     6.9
     1.0      .9     1.2     1.6     1.4      .5     -.6    -1.5    -2.3    -3.5
    -4.7    -5.1    -4.8    -4.7    -5.6    -7.9   -10.9   -12.5   -12.8   -12.5
   -12.7   -12.9   -12.1    -9.8    -5.7    -1.0     3.0     5.7     5.7     4.5
     1.7     -.1     -.8     -.4     -.1      .2      .4     1.4     2.6     2.9
     2.4     1.4     1.2     2.5     3.2     1.1     -.8    -1.7     -.5      .2
      .4      .6     1.2     2.4     3.8     4.4     4.3     4.5     5.7     7.6
     9.5    10.4    10.1     9.2     8.3
     1.1     1.8     3.1     4.1     4.2     3.3     2.1     1.4     1.1      .4
    -1.1    -2.6    -3.5    -3.7    -4.1    -5.8    -8.3   -10.1   -10.4   -10.4
   -11.7   -13.5   -14.4   -14.2   -12.6    -9.5    -5.0     -.3     1.0     -.7
    -2.6    -3.4    -3.1    -2.2    -2.1    -2.5    -2.7    -1.3      .4      .8
    -1.2    -1.8     -.9     3.1     5.1     4.3     2.4      .6     1.6     2.2
     2.1     1.6     2.1     3.6     5.1     5.9     6.4     7.8    10.4    12.1
    12.8    12.3    11.0     9.5     8.4
     1.1     2.7     5.0     7.3     8.3     7.7     6.4     4.6     3.7     3.0
     2.1      .6     -.9    -2.0    -2.5    -3.1    -3.9    -4.0    -4.0    -5.4
    -8.6   -12.3   -14.7   -16.0   -17.5   -18.5   -16.2   -10.9    -6.4    -4.6
    -4.7    -5.0    -5.4    -5.0    -4.9    -5.9    -5.3    -2.0     1.7     3.3
     2.2      .1     -.1     3.1     4.7     4.7     2.8     1.7     2.4     3.1
     3.1     2.4     2.3     3.7     5.4     6.4     7.5    10.2    13.8    15.8
    15.1    13.4    11.0     8.7     7.4
     1.8     6.6     8.7    11.1    12.7    13.7    11.4     8.8     6.6     5.4
     4.4     3.2     1.7      .2    -1.1    -1.8    -1.8     -.8     -.6    -2.1
    -5.8    -9.9   -13.3   -15.6   -18.6   -22.5   -22.5   -17.2   -11.0    -6.2
    -3.9    -4.2    -7.2    -7.8    -7.9    -7.4    -5.5    -1.0     3.5     6.0
     5.8     4.1     2.6     3.1     3.4     2.8     1.0      .2     1.3     2.5
     3.1     2.3     1.7     2.8     4.9     6.3     7.9    10.9    16.1    18.0
    17.5    14.4    10.6     7.2     5.7
     2.9     9.1    10.9    10.1    13.4    15.5    14.4    13.2    12.0    10.2
     7.8     5.4     3.4     1.6     -.2    -1.4    -1.4     -.3      .1     -.3
    -2.3    -5.3    -8.7   -11.9   -17.1   -20.7   -22.1   -18.5   -12.5    -5.9
    -3.8    -4.4    -7.6    -8.2    -7.7    -6.6    -4.2      .9     4.1     5.5
     6.3     5.6     3.3     2.5     2.0     1.2     -.6    -1.3     -.8      .9
     2.0     1.9     1.6     3.0     5.2     7.1     8.7    12.0    16.1    19.3
    18.8    14.4     8.9     4.7     3.6
      .7     7.1     7.4     6.0     8.1    13.6    15.8    16.0    15.5    13.8
    11.2     7.9     5.2     2.7      .0    -2.1    -2.9    -1.8     -.5     -.2
     -.9    -2.8    -5.2    -8.3   -12.1   -17.0   -18.8   -17.5   -13.6   -10.1
    -8.2    -9.9   -10.5    -8.3    -7.2    -6.3    -3.5      .6     2.8     3.4
     2.7     2.3     1.6      .9      .3     -.6    -2.2    -3.1    -2.7    -1.3
      .4     1.6     3.1     6.2     9.2    11.3    12.4    14.1    16.7    18.0
    15.8    10.4     4.4     1.4      .5
     1.2     5.4     6.4     4.5     7.4    11.9    16.7    20.1    17.9    15.4
    12.7    11.1     8.4     4.1      .2    -3.0    -3.7    -3.2    -1.8    -1.1
    -1.3    -3.2    -6.5    -8.3   -10.4   -14.4   -16.6   -17.7   -18.8   -20.8
   -23.9   -25.6   -21.9   -14.0   -10.6    -9.1    -5.4    -1.1     1.1     1.7
     1.6     1.2      .3      .0     -.8    -2.3    -4.6    -6.2    -6.4    -4.8
    -1.8     1.5     5.7    10.9    16.3    19.1    19.0    19.0    18.4    15.8
    10.4     3.8    -2.0    -3.9    -3.6
     1.6     3.4     3.7     4.3     6.8    10.5    17.3    19.7    18.9    14.3
    11.6    10.4     7.8     4.1      .6    -2.5    -3.5    -3.2    -1.9    -1.1
    -1.2    -3.2    -7.0    -9.6   -11.2   -13.4   -15.7   -18.7   -22.2   -26.1
   -31.7   -33.1   -30.2   -23.9   -21.5   -17.0   -10.7    -3.7     1.1     2.2
     1.9     1.3      .4     -.3    -1.3    -3.4    -6.3    -8.3    -8.3    -6.4
    -3.0     1.8     8.3    16.2    20.6    22.6    23.0    22.3    19.6    13.9
     6.2     -.8    -5.5    -6.3    -6.1
     3.3     2.5     3.8     6.6     9.8    12.0    15.0    16.5    14.9     9.6
     7.4     7.7     6.2     3.8      .9    -1.1    -2.1    -2.1    -1.4     -.7
     -.8    -2.5    -6.0    -9.0   -10.3   -11.7   -13.8   -16.9   -21.4   -24.6
   -30.5   -33.3   -32.9   -29.6   -26.9   -23.0   -14.9    -7.0     -.8     2.1
     1.7     1.1      .1     -.4    -1.3    -3.4    -7.0    -8.6    -7.6    -5.2
    -3.4     -.2     6.2    14.4    20.5    23.9    25.5    25.7    22.5    16.1
     7.4     -.4    -4.5    -5.7    -5.7
     5.2     4.9     7.5    13.2    15.9    14.6    13.3    12.1     9.3     5.9
     4.2     4.1     4.0     2.9     1.6      .2     -.7    -1.1     -.7     -.1
      .5     -.5    -2.6    -5.2    -7.5    -9.7   -10.7   -13.1   -16.7   -20.2
   -23.5   -27.0   -28.4   -28.5   -26.2   -21.7   -14.5    -8.8    -4.3      .6
      .9      .7     -.4     -.7    -1.8    -3.5    -6.3    -9.2    -7.1    -4.4
    -5.0    -3.3     2.5    10.1    21.4    24.5    29.6    28.4    26.4    20.7
    12.6     4.0    -1.9    -4.7    -5.5
     7.6     9.6    13.4    17.9    19.0    15.8    12.6    10.0     7.2     4.5
     2.9     2.5     2.9     2.5     1.7      .9      .3      .1      .9     2.0
     2.5     1.2    -1.3    -2.4    -3.4    -6.1    -7.3    -8.4   -11.4   -15.0
   -17.2   -18.1   -19.3   -19.8   -18.7   -15.8   -12.9   -10.5    -7.3    -3.2
      .7     -.5    -1.6    -2.5    -2.8    -3.9    -7.1   -11.3    -9.7    -4.5
    -5.2    -3.7     -.2     6.7    10.5    18.2    24.2    26.7    26.5    22.8
    16.4     8.0      .7    -3.6    -5.0
     9.8    12.7    17.9    19.1    18.9    16.0    12.5     9.9     6.7     4.6
     3.0     2.1     1.4      .5     -.1      .1     1.1     2.5     4.2     5.9
     5.9     4.3     1.2     -.3     -.5    -3.3    -5.5    -6.5    -6.6   -10.5
   -12.1   -11.8   -11.6   -11.7   -10.8   -11.4   -13.1   -12.1    -8.7    -4.9
    -1.7    -1.0    -2.2    -3.4    -4.2    -4.8    -7.6   -10.0    -7.9    -4.5
    -3.8    -2.9     1.2     7.7    12.0    14.4    15.3    20.9    22.0    20.6
    16.3     9.3     2.2    -2.7    -4.4
     5.3     9.7    16.3    19.1    19.1    17.1    14.0    11.0     7.9     5.1
     2.8      .6    -1.5    -3.2    -3.7    -2.4      .5     3.7     6.1     7.8
     7.7     6.8     4.4     3.0     2.0    -2.3    -6.6    -7.7    -6.2    -6.7
    -7.8    -7.8    -7.9    -8.2    -8.7   -11.4   -16.2   -14.5   -11.2    -9.5
    -4.8    -1.1    -1.2    -4.4   -10.1   -10.8    -9.0    -7.4    -4.6    -2.5
     -.9      .2     4.2     9.4    13.6    15.6    16.5    16.3    17.0    16.6
    14.4     9.5     3.3    -1.6    -3.5
     6.6     6.8    14.4    18.2    18.2    17.0    14.5    11.8     8.3     4.4
      .7    -2.3    -4.4    -5.6    -5.8    -4.5    -1.7     2.1     5.5     7.6
     9.0     9.1     8.1     6.7     4.6     -.3    -5.4    -6.5    -3.7    -2.2
    -2.8    -4.5    -6.1    -7.3    -8.8   -11.9   -16.1   -16.4   -14.9   -14.4
    -9.6    -3.7    -2.3    -5.5   -14.7   -15.4   -10.5    -6.0    -2.0     -.1
     1.0     2.3     4.6     8.9    12.6    14.9    16.4    14.9    14.7    14.5
    13.4     9.9     4.5     -.2    -2.3
    12.8     6.8    12.2    14.9    15.6    14.4    12.3     9.3     5.7     1.5
    -2.3    -4.8    -6.0    -6.4    -6.4    -5.8    -4.1     -.8     3.5     7.2
     9.5    10.9    10.3     8.7     6.3     2.7    -1.5    -2.4     -.9      .5
      .0    -2.4    -5.6    -8.5   -10.1   -12.4   -14.6   -17.0   -17.6   -17.3
   -12.9    -8.8    -6.3    -7.4   -14.4   -16.0   -10.4    -2.8      .9     2.3
     3.0     3.4     5.6     8.3    11.5    13.6    14.5    14.3    13.6    13.0
    11.7     8.9     4.6      .7    -1.1
    16.7    12.0    10.7    10.7    10.3     9.2     7.0     4.2     2.7      .5
    -2.5    -5.2    -6.2    -6.4    -6.4    -6.4    -6.1    -4.5      .9     6.4
     9.5    11.0    10.8     9.9     9.3     7.6     2.9      .1      .7     2.3
     1.9     -.8    -5.0    -9.0   -10.6   -11.4   -12.0   -11.7   -14.0   -17.0
   -16.9   -15.1   -11.8   -10.5   -10.7    -9.8    -5.8     -.8     1.5     1.7
     3.0     5.4     7.4     8.9    10.7    12.2    12.2    12.3    11.7    10.6
     8.8     6.3     3.5     1.1     -.2
     9.7     7.7     6.1     5.9     5.6     4.6     3.6     2.9     2.7     2.2
     1.2    -1.4    -4.2    -5.8    -6.4    -6.4    -6.4    -5.6    -2.1     3.6
     6.3     8.0     8.1     8.7     9.0     8.3     5.1     1.4      .9     2.6
     2.3      .3    -3.9    -5.6    -5.9    -8.3   -10.9   -11.5   -13.6   -17.3
   -16.6   -16.4   -12.5    -9.0    -6.8    -4.5    -2.5      .2      .4     -.3
      .6     6.8     8.8     8.6     8.1     7.7     8.4     8.7     8.5     7.2
     5.2     3.4     2.2     1.2      .5
     6.1     4.9     4.3     4.4     4.3     3.8     3.0     2.8     2.7     2.6
     2.4     1.8      .2    -2.8    -5.4    -6.1    -6.1    -4.9     -.7     3.0
     4.0     4.2     4.3     4.8     5.4     4.5     1.7      .0     -.5     -.1
      .2     -.5    -1.4    -1.0    -1.0    -4.5    -8.4    -8.3    -9.7   -10.3
   -10.4   -11.4    -9.5    -6.9    -5.1    -3.4    -1.2     -.9     -.5     -.6
     1.3     6.3     8.8     7.0     5.3     4.6     5.6     5.8     5.3     4.2
     2.8     1.9     1.6     1.3      .9
     4.9     4.1     3.9     4.2     4.1     3.6     2.9     2.8     2.7     2.6
     2.4     2.1     1.7      .1    -2.9    -4.6    -4.6    -2.0     2.1     3.6
     3.8     3.8     3.8     3.8     3.5     2.0      .5     -.3    -1.3    -2.8
    -2.6    -3.0    -1.3     1.1     1.7    -2.3    -1.2    -1.9    -3.2    -3.8
    -4.3    -6.2    -7.4    -5.0    -5.6    -7.4    -5.6    -3.1    -1.5      .5
     2.9     5.7     7.3     6.1     4.6     4.0     4.0     3.9     3.5     2.8
     2.0     1.6     1.4     1.3     1.2
     4.5     4.3     4.3     4.3     4.0     3.3     2.9     2.8     2.7     2.5
     1.7      .3    -1.1    -3.1    -5.4    -6.1    -5.3    -2.3     2.0     3.5
     3.7     3.8     3.8     3.7     3.3     1.7      .4     -.3    -1.3    -3.7
    -4.5    -4.6    -3.6     -.6    -1.4    -4.4    -6.8    -6.2    -5.3    -4.1
    -3.0    -3.5    -6.6    -6.0    -7.9   -13.3   -12.6    -4.7     -.8     2.3
     5.2     7.1     7.2     5.5     4.0     3.5     3.4     3.3     3.0     2.3
     1.8     1.5     1.4     1.4     1.3
     4.6     4.6     4.5     4.3     3.7     3.0     2.8     2.7     2.5     1.8
      .0    -1.5    -4.2    -6.1    -7.6    -7.6    -7.4    -5.6    -1.6     2.3
     3.5     3.6     3.6     3.4     3.0     1.6      .3     -.1     -.6     -.9
    -1.8    -3.2    -3.6    -2.8    -2.5    -4.0    -9.2   -11.6   -11.3    -9.4
   -10.0    -5.9    -2.8    -6.3   -10.1   -14.4   -11.1    -4.8     -.3     5.1
     8.0     9.4     7.3     5.3     3.8     3.4     3.3     3.1     2.7     2.1
     1.6     1.5     1.4     1.4     1.4
     4.6     4.6     4.6     4.2     3.5     2.8     2.5     2.2     1.0     -.9
    -2.5    -3.5    -5.3    -6.7    -7.9    -8.1    -7.8    -6.8    -4.8     -.3
     2.1     2.3     1.9     1.5     1.4      .9      .1     -.4     -.3     -.1
     -.3    -1.8    -3.5    -4.2    -4.7    -4.2    -5.6    -8.0   -10.2    -9.8
    -8.7    -5.7    -1.4    -3.5    -8.9   -12.4   -10.1    -4.7     1.0     7.3
    10.0     9.4     7.7     5.3     3.9     3.4     3.3     3.0     2.4     1.9
     1.5     1.4     1.4     1.4     1.4
     4.6     4.6     4.5     4.1     3.1     1.9     1.2      .5    -1.2    -2.9
    -3.3    -3.9    -5.8    -7.5    -8.2    -8.2    -7.7    -6.4    -3.3      .6
     1.7     1.6     1.4     1.2     1.3     1.5      .8      .1     -.2     -.3
     -.6    -2.6    -4.6    -5.8    -6.9    -6.3    -5.0    -4.4    -6.4    -6.4
    -4.7    -1.9     1.1      .4    -3.3    -6.0    -5.8    -2.7     1.9     7.1
     9.4     8.9     7.2     5.2     3.9     3.4     3.2     2.8     2.3     1.7
     1.5     1.4     1.4     1.4     1.4
     4.6     4.6     4.5     3.8     2.5      .7     -.2    -1.1    -2.5    -3.6
    -3.9    -4.9    -6.7    -7.8    -8.1    -7.8    -7.1    -5.9    -2.1     1.3
     2.1     2.1     2.1     2.0     2.2     4.2     3.3     1.6      .3     -.6
    -2.3    -4.8    -7.0    -8.2    -7.8    -7.0    -2.2    -1.8    -4.1    -5.1
    -3.6      .3     2.4     3.9     4.2     3.5     2.5     2.9     4.7     7.2
     8.1     7.3     6.0     4.6     3.7     3.4     3.2     2.8     2.2     1.7
     1.5     1.4     1.4     1.4     1.4
     4.6     4.6     4.4     3.6     1.8     -.4    -1.5    -2.2    -3.2    -4.0
    -4.3    -5.4    -7.0    -7.7    -7.7    -7.2    -6.6    -4.7     -.6     1.9
     2.5     2.7     3.0     2.6     2.6     3.9     5.0     3.6     1.7     -.4
    -3.2    -6.3    -8.3    -9.1    -8.5    -5.8    -2.5     -.7    -2.8    -3.6
    -1.8      .8     3.1     5.7     7.0     7.3     6.5     6.0     6.1     6.7
     6.6     5.8     4.7     3.8     3.3     3.2     3.1     2.7     2.1     1.7
     1.5     1.4     1.4     1.4     1.4
     4.6     4.6     4.4     3.4     1.3     -.9    -2.3    -3.1    -3.8    -4.3
    -4.9    -5.6    -6.5    -7.0    -7.1    -6.7    -5.5    -2.9      .2     2.0
     2.6     2.8     3.0     2.7     2.0     3.0     5.2     4.8     3.4      .7
    -3.0    -6.4    -8.4    -9.0    -8.2    -5.4    -1.9      .5      .2     -.4
      .5     1.8     3.3     5.3     7.3     7.8     7.2     6.7     6.3     5.8
     5.1     4.2     3.5     3.1     3.0     2.9     2.9     2.6     2.1     1.7
     1.5     1.4     1.4     1.4     1.4
     4.6     4.6     4.3     3.2      .9    -1.5    -3.0    -3.7    -4.2    -4.7
    -5.2    -5.8    -6.5    -6.8    -6.9    -6.6    -5.1    -2.4      .5     2.2
     2.6     2.7     2.5     2.1     1.1     1.6     3.7     4.4     3.8     1.4
    -2.4    -6.0    -7.9    -7.9    -6.7    -4.5    -1.9      .6     1.3     1.6
     1.7     2.0     3.0     4.6     6.1     6.8     6.8     6.3     5.6     4.5
     3.5     2.9     2.9     2.9     2.9     2.9     2.8     2.6     2.1     1.6
     1.3     1.2     1.3     1.4     1.4
     4.6     4.6     4.2     2.9      .7    -1.6    -3.2    -4.0    -4.5    -4.9
    -5.3    -5.9    -6.5    -6.8    -6.9    -6.4    -4.9    -2.3      .5     2.0
     2.5     2.6     2.4     2.2     1.9     2.4     3.1     3.9     3.4     1.2
    -2.2    -5.4    -7.1    -7.0    -5.6    -3.7    -2.1     -.9     -.4      .2
      .8     1.7     2.7     4.1     5.6     6.3     6.4     6.0     4.9     3.5
     2.2     2.1     2.4     2.6     3.1     3.0     2.7     2.3     1.5      .8
      .5      .6     1.0     1.3     1.4
