diamond 11 10年11月26日20时500百帕流场
10 11 26 20   0   500
  2.000 -2.000  32.0 160.0  80.0  12.0  65  35
    -7.5    -7.5    -7.4    -7.2    -7.2    -7.7    -8.8    -9.6    -9.3    -7.9
    -5.5    -2.4      .9     2.5     3.1     2.8     3.0     2.6     -.4    -7.9
   -17.2   -23.9   -26.9   -27.7   -27.9   -27.9   -27.9   -27.7   -26.9   -24.5
   -20.6   -16.9   -14.8   -14.1   -14.0   -14.0   -13.8   -13.3   -12.2   -10.8
    -9.7    -9.1    -9.0    -9.1    -9.2    -9.4    -9.5    -9.5    -9.5    -9.5
    -9.5    -9.2    -8.2    -6.1    -3.5    -1.5     -.5     -.2     -.2     -.2
     -.2     -.2     -.1     -.1      .0
    -7.6    -7.5    -7.3    -7.0    -6.9    -7.6    -9.1   -10.6   -11.2   -10.5
    -8.5    -5.3    -1.8     1.1     2.0     2.7     3.2     3.1     -.2    -8.5
   -18.8   -25.4   -27.6   -27.9   -27.9   -27.9   -27.9   -27.8   -26.9   -24.4
   -20.3   -16.5   -14.6   -14.1   -14.0   -14.0   -13.9   -13.4   -12.2   -10.7
    -9.6    -9.1    -9.0    -9.0    -9.1    -9.3    -9.4    -9.5    -9.5    -9.5
    -9.5    -9.3    -8.3    -6.2    -3.5    -1.3     -.4     -.2     -.2     -.2
     -.2     -.2     -.1      .1      .4
    -8.0    -7.8    -7.5    -6.8    -6.3    -6.9    -8.8   -11.3   -13.3   -14.2
   -14.0   -11.9    -8.3    -4.4    -1.1     1.8     4.2     5.1     2.1    -6.8
   -18.0   -25.2   -27.6   -27.9   -28.0   -28.0   -27.9   -27.5   -26.1   -23.0
   -19.0   -15.8   -14.4   -14.0   -14.0   -14.0   -13.9   -13.4   -12.2   -10.7
    -9.6    -9.1    -8.9    -8.8    -8.8    -9.0    -9.3    -9.5    -9.6    -9.6
    -9.5    -9.2    -8.3    -6.2    -3.5    -1.3     -.4     -.2     -.2     -.2
     -.2     -.1      .3     1.0     1.6
    -9.0    -8.9    -8.3    -7.0    -5.9    -6.0    -7.7   -10.4   -13.2   -15.1
   -16.6   -16.0   -13.3    -9.8    -5.2      .1     4.8     7.3     5.6    -2.0
   -13.3   -22.5   -26.8   -27.9   -28.0   -27.9   -27.5   -26.2   -23.2   -19.1
   -15.6   -14.0   -13.7   -13.9   -14.0   -14.2   -14.1   -13.3   -12.1   -10.6
    -9.5    -9.0    -8.7    -8.4    -8.2    -8.5    -9.0    -9.4    -9.7    -9.7
    -9.5    -9.1    -8.2    -6.3    -3.6    -1.4     -.4     -.2     -.2     -.2
     -.1      .4     1.5     2.9     3.9
    -9.2    -9.5    -8.7    -7.1    -5.8    -5.5    -6.4    -8.4   -10.7   -13.7
   -14.4   -13.8   -11.1    -7.6    -3.0     2.2     6.6     8.9     8.1     2.9
    -6.9   -17.4   -24.4   -27.2   -27.8   -27.2   -25.3   -21.4   -16.1   -11.4
    -9.4   -10.2   -11.9   -13.0   -13.8   -14.1   -14.0   -13.1   -11.7   -10.3
    -9.4    -9.0    -8.5    -7.9    -7.5    -7.9    -8.5    -9.3    -9.6    -9.6
    -9.1    -8.6    -7.8    -6.2    -3.6    -1.3     -.3     -.5     -.6     -.4
      .5     2.0     4.2     6.3     7.3
    -8.9    -9.0    -7.4    -6.1    -4.8    -4.7    -5.6    -6.1    -6.3    -6.4
    -6.2    -4.0     -.3     3.4     6.3     8.1     9.3     9.7     9.4     7.2
     1.2    -8.0   -16.8   -22.5   -24.6   -23.2   -18.7   -12.7    -7.1    -3.8
    -3.6    -5.6    -8.2   -10.0   -11.4   -12.7   -13.0   -12.1   -10.8    -9.8
    -9.2    -8.9    -8.3    -7.5    -7.1    -7.4    -8.0    -8.7    -9.2    -9.2
    -8.7    -8.2    -7.3    -5.5    -2.5      .1      .8      .1      .0      .9
     3.3     6.2     8.9    10.7    11.3
    -5.6    -5.3    -4.0    -3.0    -2.6    -3.6    -4.5    -4.3    -2.5     -.4
     2.0     4.9     8.8    12.3    13.4    12.3    10.3     9.5     9.4     9.5
     8.0     4.3    -1.5    -7.9   -12.5   -12.5    -8.8    -4.6    -1.7     -.6
     -.8    -1.8    -3.0    -4.0    -5.7    -7.9    -9.4    -9.7    -9.4    -9.2
    -9.0    -8.6    -7.5    -6.1    -5.5    -6.1    -6.8    -7.9    -8.0    -8.0
    -8.0    -7.6    -6.5    -3.4     1.0     4.1     4.6     3.8     3.7     6.5
    10.1    13.2    14.7    15.1    14.9
    -3.4    -1.5      .1     -.6     -.9    -1.9    -3.1    -2.3      .4     3.0
     5.7     8.9    13.3    16.4    16.8    15.0    11.7    10.2    10.0    11.2
    13.2    15.6    16.4    13.5     8.0     3.5     1.2      .2     -.2     -.3
     -.1      .2      .1     -.1    -1.1    -2.8    -4.8    -6.4    -7.6    -8.3
    -8.4    -7.4    -5.0    -2.0     -.1    -1.9    -3.9    -5.6    -5.7    -6.1
    -6.7    -6.5    -4.3      .1     5.4     8.9     9.9    10.4    12.5    16.0
    18.9    20.0    19.3    18.1    17.1
    -2.5    -3.3    -1.5    -3.0    -1.7    -1.0     -.6     1.2     3.7     5.7
     7.5    10.5    15.1    18.8    20.3    19.2    16.1    13.5    13.9    15.9
    18.7    22.3    25.1    25.0    21.8    17.0    11.3     5.2     1.1    -1.5
      .8     2.5     2.5     1.5     -.3    -2.0    -3.8    -4.9    -6.0    -7.0
    -7.1    -5.7    -2.7      .6     2.6     1.7     -.1    -2.4    -2.5    -2.7
    -3.6    -3.7    -1.2     3.6     8.2    10.7    11.7    13.2    16.1    20.0
    22.0    22.4    20.8    19.1    17.8
    -6.0    -6.6    -5.8    -4.0    -2.7      .0     1.5     4.0     6.0     6.8
     7.3     8.7    12.4    18.9    23.2    24.7    22.8    22.5    24.0    25.4
    26.1    26.9    28.0    28.3    27.8    26.0    21.0    12.6     3.0      .8
     2.4     6.0     4.7     2.3     -.7    -4.1    -5.6    -4.9    -5.2    -6.3
    -7.5    -6.5    -3.2     -.9     1.0     1.9     1.0      .1     -.2     -.6
    -1.0     -.6     1.8     5.5     8.7    10.6    11.6    13.3    16.4    19.7
    21.4    21.8    20.4    18.7    17.5
     -.6     3.1     1.9     1.2      .6     1.5     4.4     7.2     8.4     7.9
     5.8     3.4     2.7    11.3    20.0    24.2    24.3    26.4    28.5    29.9
    29.3    28.8    28.5    28.7    29.0    29.7    27.2    19.4     9.0     5.8
     8.3     9.4     6.1     3.2     -.4    -3.2    -4.3    -3.1    -3.4    -4.7
    -5.7    -4.9    -1.7      .0      .7      .6     1.0      .7      .7      .5
      .4      .8     2.2     4.4     7.0     9.2    10.8    13.0    16.1    18.7
    19.9    19.9    19.2    17.8    17.0
     9.4    15.3    16.8    12.1     7.9     6.6     9.0    12.0    13.4    12.1
     7.7      .0     -.8     4.6    15.7    19.3    18.3    22.2    26.4    29.1
    29.3    28.9    28.4    28.2    29.1    29.1    28.0    23.1    16.6    13.9
    13.3    12.5     9.1     7.2     5.1     2.4      .5      .7      .4     -.7
    -2.1    -1.7     1.9     3.6     3.2     1.7     1.7     1.4     1.3     1.4
     1.5     1.8     2.0     3.0     4.8     7.4     9.6    12.1    15.2    17.7
    18.7    18.9    18.8    17.9    16.0
     9.3    13.7    17.3    19.7    17.3    10.7    10.9    13.2    15.1    15.2
    12.9     8.0     4.2     7.0    14.4    18.7    18.2    19.1    23.5    27.7
    28.9    28.9    28.1    27.5    27.2    26.7    25.9    24.0    20.8    19.0
    19.1    17.2    14.4    13.4    11.4     9.0     7.7     7.7     7.7     7.1
     3.8     2.5     4.1     5.5     6.0     4.6     3.5     2.9     2.7     2.7
     2.7     2.5     1.6     1.0     1.4     3.2     5.6     9.1    13.2    16.5
    18.4    19.6    20.1    18.2    17.5
     8.0    10.3    16.1    20.7    15.8    11.6    11.2    10.8    15.3    18.8
    22.7    26.3    27.5    26.8    26.2    25.8    22.4    19.2    21.2    24.3
    27.0    27.6    27.4    27.0    26.2    24.9    24.3    24.5    24.6    24.6
    26.1    27.8    25.4    20.7    16.8    13.4    12.9    14.0    15.8    14.3
     9.8     6.5     3.5     4.5     4.5     5.0     4.8     5.4     5.7     5.5
     5.0     3.8     1.7     -.7    -2.0    -2.5    -1.5     2.3     8.7    14.7
    18.9    21.1    22.6    22.1    20.9
     9.9    15.3    19.1    20.1    11.7    10.9    14.8    15.2    14.7    20.2
    26.6    33.1    35.5    35.4    32.2    29.6    25.7    22.8    20.3    21.2
    22.6    24.1    25.5    26.0    25.0    23.6    23.9    27.1    28.8    26.0
    27.5    30.4    30.0    25.6    21.7    19.1    18.1    17.5    16.2    14.6
    13.2     8.2      .5    -1.5     4.5     5.4     6.5     8.6    10.2    10.2
     9.6     7.2     3.3     -.7    -3.9    -5.4    -6.0     -.6     6.1    13.5
    19.0    22.1    23.9    23.6    23.0
    17.7    23.1    24.5    23.2    16.3    19.0    29.7    25.4    19.2    21.5
    25.7    32.1    35.9    37.1    35.4    29.9    24.8    20.8    18.8    18.3
    19.3    20.8    22.3    22.9    21.5    19.9    22.1    27.5    32.8    26.3
    25.7    28.5    31.3    28.7    26.6    25.7    25.2    23.1    18.1    14.3
    14.2     6.8     -.6      .6     5.2     7.6     6.9     9.8    13.7    15.8
    15.5    13.6     9.0     3.8    -1.2      .1     2.3     7.8    11.6    15.8
    19.4    22.2    23.4    23.5    23.1
    21.4    23.7    24.1    25.7    24.5    26.5    32.7    32.9    22.5    20.7
    22.4    27.0    33.6    36.4    33.6    27.9    22.1    18.4    16.6    15.7
    15.6    16.2    16.3    16.3    16.2    15.1    17.3    25.8    28.0    25.4
    21.8    23.5    27.6    28.5    28.5    28.9    29.0    27.9    24.9    19.5
    17.4    11.5     4.5     7.2     7.1     7.8    10.0    11.2    14.8    17.0
    18.3    18.1    15.3    11.6    15.1    15.2    21.0    20.6    20.8    19.6
    20.1    21.5    22.7    23.0    23.1
    21.2    20.5    19.3    19.5    21.5    20.9    23.1    22.7    20.5    18.8
    19.4    21.9    26.3    29.1    28.3    23.6    18.4    14.8    11.6     8.6
     7.3     7.9     7.7     9.6    13.2    12.5    12.7    15.6    17.9    17.5
    17.1    19.1    21.8    24.5    27.4    29.5    30.8    31.9    32.9    34.2
    37.0    31.5    26.5    21.3    13.7    11.2    13.5    14.1    15.6    17.7
    18.6    18.8    16.7    13.2    10.8    15.7    21.7    23.5    22.7    20.2
    19.5    20.6    21.8    22.5    22.7
    22.0    20.6    18.8    14.6    14.1    13.9    14.9    18.6    17.6    18.2
    18.4    18.6    18.7    18.3    16.5    13.3     9.7     6.4     2.2    -2.6
    -3.3    -1.1     1.9     4.3     8.9     9.4     8.2     7.7     7.8    11.0
    13.9    16.3    19.2    22.6    25.5    28.4    30.3    31.0    31.0    37.2
    40.9    39.3    35.7    33.2    25.9    16.8    16.5    17.8    17.4    16.6
    17.6    18.1    16.0    12.4    10.5    11.4    12.6    17.6    18.3    17.5
    17.3    18.7    20.4    21.6    22.0
    23.4    22.5    20.3    16.5    12.3    13.0    13.8    15.4    16.2    16.6
    16.4    14.3    10.7     7.1     4.7     2.9     1.0    -1.5    -4.4    -7.4
    -6.1    -2.4     1.6     3.0     4.5     4.6     4.8     6.2     6.2     9.2
    12.4    14.1    16.7    19.6    22.1    25.2    30.0    30.2    30.4    34.4
    37.3    38.5    35.9    36.2    32.8    25.0    21.5    21.9    20.6    17.3
    15.7    15.0    12.7    10.3     9.4     9.8    10.6    11.6    12.5    12.7
    13.6    15.6    18.0    19.8    20.4
    24.2    23.4    22.2    20.4    17.2    14.6    12.9    12.5    12.1    12.2
    11.4     8.8     4.9     2.0      .6     -.1    -1.3    -3.2    -5.3    -6.0
    -5.0     1.1     3.8     3.6     2.3     1.9     2.4     4.1     4.0     9.5
    13.4    11.5    13.9    16.5    18.3    20.0    24.1    27.1    29.3    33.9
    36.8    37.0    33.1    30.7    32.3    28.0    24.4    23.3    22.2    17.2
    15.1    11.1     7.7     7.6     8.3     8.9     9.5     9.5    10.0    10.3
    11.0    12.5    14.8    16.9    17.8
    24.4    21.8    20.2    19.1    16.9    13.8    11.2     9.9     9.9    10.6
    10.3     7.7     3.5      .8      .0     -.1     -.8    -2.2    -3.8    -3.9
    -1.7     2.1     3.8     3.4     2.8     2.5     2.1     -.5     4.6    11.1
    14.3     9.4    10.9    13.9    13.7    13.8    16.6    21.4    24.9    30.2
    36.9    37.4    31.4    26.1    29.6    26.1    23.3    17.6    16.7    20.7
    15.6    10.4     8.1     8.2     9.4     9.6     9.8     9.8     9.9     9.8
     9.7    10.0    11.4    13.2    14.3
    19.4    16.6    14.6    13.9    12.3     9.8     8.6     8.5     9.3    10.3
    10.8     9.1     2.6      .4      .0     -.1     -.2    -1.3    -3.7    -5.0
    -5.0    -4.2    -1.6      .4     2.3     2.7     2.2      .9     7.5    15.6
    14.2    10.7    10.4    12.1     9.8    10.8    13.6    14.4    17.0    20.3
    25.2    25.4    25.9    26.5    28.1    26.9    20.3    15.5    15.2    16.6
    15.5    11.8    10.9    11.2    11.5    11.6    11.0    11.0    10.5     9.6
     8.4     7.7     8.3     9.7    10.8
    13.5    11.9    10.4     9.5     9.0     8.5     8.3     8.5     9.1    10.0
    10.7     9.1     4.7     2.1      .7      .3      .0    -1.3    -3.9    -5.2
    -6.1    -5.8    -4.2     -.9     2.2     3.2     4.1     5.9    10.7    16.9
    17.9    14.2    12.0    10.1     8.1    11.7    13.4    14.0    16.4    16.7
    11.8    11.8    14.1    18.0    21.7    22.5    18.7    14.9    13.1    11.4
     9.6    12.0    12.5    12.1    10.9    10.0    10.4    10.5    10.1     8.6
     6.7     5.6     6.0     7.0     8.0
    10.5     9.4     8.4     7.9     7.9     8.4     8.4     8.5     8.8     9.4
     9.3     6.0     4.4     3.9     3.6     2.7     1.6     -.8    -3.6    -4.4
    -4.5    -3.2      .8     3.4     4.9     5.7     6.8     7.8    10.2    14.6
    15.8    13.8     9.8     9.4    10.0    13.1    14.3    14.5    16.9    16.8
    13.7    14.9    16.1    17.1    19.1    20.5    17.4    14.7    11.6     9.7
     9.7    11.6    12.4    11.1     9.5     9.1    10.2    10.4     9.6     7.7
     5.6     4.5     4.7     5.4     6.1
     8.6     7.9     7.5     7.6     8.0     8.7     8.8     8.8     8.8     8.7
     7.5     5.2     4.5     4.2     4.2     4.1     3.6     2.6     1.9     2.9
     5.0     8.4    10.1    10.5    10.3     9.1     8.2     7.9     8.5     8.4
    10.0     9.0     7.7    11.1    14.1    14.1    17.4    12.7    15.2    18.8
    18.5    22.7    26.2    25.5    25.1    24.6    20.5    15.7    12.0    11.1
    11.6    12.3    12.3    11.1    10.2    10.2    10.6    10.6     9.5     7.4
     5.3     4.2     4.2     4.6     5.0
     8.0     7.6     7.5     7.9     8.4     8.9     8.9     8.9     8.9     8.8
     8.0     6.9     6.2     5.1     4.6     4.6     4.7     5.4     7.2     9.0
    10.3    11.1    11.4    11.4    11.1     9.6     8.4     8.0     7.5     5.0
     4.8     5.8     7.5    15.4    19.4    18.0    19.4    16.6    16.7    21.4
    18.1    21.0    25.2    26.3    28.4    27.8    23.6    15.5    12.9    13.1
    14.1    14.6    13.8    12.1    11.1    10.9    11.0    10.6     9.3     7.0
     5.1     4.1     4.0     4.2     4.4
     8.3     8.0     8.1     8.4     8.8     8.9     8.9     8.9     8.9     9.0
     8.9     8.9     8.8     8.3     7.3     6.7     6.4     7.0     8.8    10.3
    11.0    11.3    11.5    11.4    10.9     9.3     8.2     8.0     7.4     6.3
     5.3     5.2     4.7    11.1    18.7    18.2    18.5    19.5    19.8    19.7
    19.6    21.3    22.3    23.6    24.9    22.5    15.2    11.5    12.7    15.1
    16.3    16.6    14.8    12.9    11.6    11.2    11.0    10.3     8.5     6.3
     4.6     3.9     3.8     4.0     4.1
     8.7     8.8     8.8     8.9     8.9     8.9     8.9     8.9     8.9     9.0
     9.1     9.1     9.1     9.0     8.8     8.5     8.2     8.2     9.1    10.2
    10.6    10.6    10.5    10.1     9.1     6.7     5.4     6.0     6.8     7.3
     6.7     6.1     3.8     7.6    13.0    15.0    16.0    19.4    18.8    16.4
    16.7    19.5    20.9    22.5    21.7    15.0    10.3     8.7    12.5    16.0
    17.5    16.9    15.2    13.1    11.7    11.2    10.8     9.7     7.6     5.5
     4.2     3.8     3.8     3.9     3.9
     9.0     9.0     8.9     9.0     8.9     8.9     8.9     8.9     9.0     9.1
     9.1     9.1     9.1     9.1     9.0     8.9     8.7     8.0     7.1     6.6
     6.2     5.6     4.7     2.7      .8     1.3     2.4     4.2     5.9     7.0
     7.0     6.2     5.8     8.5    12.5    13.5    13.3    16.8    13.8    12.1
    12.8    15.2    17.2    19.2    17.5    12.6     7.6     7.5    12.1    15.9
    17.2    16.5    14.7    12.7    11.4    11.0    10.4     9.0     6.9     5.0
     4.1     3.8     3.8     3.9     3.9
     9.0     9.0     9.0     9.0     8.9     8.9     9.0     9.0     9.0     9.1
     9.1     9.1     9.1     9.1     9.1     8.9     8.1     5.2     1.3     -.8
    -1.5    -2.1    -3.0    -4.0    -3.4      .5     1.7     2.8     4.1     5.3
     5.5     5.9     7.1     9.9    11.9    12.9    11.5    10.9     8.9     8.1
     7.8     9.1    11.6    14.1    14.4    11.5     8.8     8.7    11.4    14.6
    15.7    14.3    11.9     9.9     9.3     9.6     9.6     8.4     6.4     4.8
     4.0     3.8     3.8     3.8     3.8
     9.0     9.0     9.0     9.0     9.0     9.0     9.0     9.0     9.0     9.1
     9.1     9.1     9.1     9.1     9.0     8.5     5.9      .7    -2.9    -3.8
    -4.0    -4.3    -5.6    -6.1    -4.7    -1.7      .9     1.5     1.1      .0
    -1.3     -.8     2.4     7.0     9.8     9.3     7.4     5.8     6.5     5.6
     3.2     1.8     3.4     5.9     7.1     5.9     4.4     4.8     7.6    10.7
    11.1     8.2     4.2     1.9     2.3     4.3     6.0     6.1     5.2     4.4
     4.0     3.8     3.8     3.8     3.8
     9.0     9.0     9.0     9.0     9.0     9.0     9.0     9.0     9.0     9.1
     9.1     9.1     9.1     9.0     8.4     6.5     3.0    -1.1    -3.5    -4.2
    -4.3    -4.7    -5.7    -6.1    -5.6    -3.5    -1.0    -1.7    -4.2    -8.0
   -11.1   -11.5    -8.3    -2.7     1.8     2.9     1.7      .7     1.3     1.7
     -.2    -1.7    -1.5    -1.0    -1.6    -3.6    -5.1    -4.4    -1.6     1.3
     1.7     -.8    -3.9    -5.5    -5.2    -3.6    -1.6      .1     1.5     2.6
     3.4     3.8     3.8     3.8     3.8
     9.0     9.0     9.0     9.0     9.0     9.0     9.0     9.0     9.1     9.1
     9.1     9.1     9.0     8.9     7.9     5.3     1.4    -2.2    -3.9    -4.3
    -4.5    -4.9    -5.8    -6.5    -6.6    -5.5    -4.3    -5.9    -9.6   -13.3
   -15.9   -16.4   -14.7   -11.0    -6.7    -4.1    -3.8    -4.0    -3.2    -2.7
    -2.9    -2.8    -3.0    -3.8    -5.7    -7.8    -8.9    -8.9    -7.9    -6.7
    -6.4    -7.0    -7.5    -7.7    -7.6    -7.2    -6.4    -5.1    -2.9     -.2
     2.1     3.3     3.7     3.8     3.8
     9.0     9.0     9.0     9.0     9.0     9.0     9.0     9.0     9.1     9.1
     9.1     9.1     9.0     8.7     7.5     4.8     1.0    -2.3    -3.9    -4.3
    -4.4    -4.8    -5.3    -5.9    -5.8    -5.3    -5.7    -7.7   -11.5   -15.1
   -16.7   -17.1   -15.9   -13.3    -9.5    -6.8    -6.7    -6.3    -5.7    -4.1
    -3.7    -3.6    -3.9    -5.1    -7.0    -8.7    -9.5    -9.6    -9.5    -9.2
    -9.2    -8.8    -8.4    -8.1    -7.6    -7.6    -7.5    -6.6    -4.6    -1.7
     1.0     2.8     3.5     3.8     3.8
    -2.7    -2.8    -2.8    -3.0    -3.4    -4.0    -4.9    -5.8    -6.4    -6.6
    -6.6    -6.5    -6.4    -6.4    -6.3    -6.4    -6.4    -6.3    -5.4    -3.3
     -.6     1.3     2.2     2.4     2.4     2.4     2.4     2.4     2.3     2.0
     1.3      .6      .1      .0      .0      .0      .0     -.1     -.3     -.5
     -.7     -.9    -1.4    -2.4    -3.7    -4.8    -5.3    -5.5    -5.5    -5.5
    -5.5    -5.4    -5.0    -4.2    -3.2    -2.5    -2.1    -2.0    -2.0    -2.0
    -2.0    -2.0    -2.0    -1.9    -1.9
    -2.8    -2.8    -2.8    -2.9    -3.2    -3.8    -4.8    -5.8    -6.4    -6.6
    -6.7    -6.6    -6.5    -6.4    -6.4    -6.4    -6.5    -6.4    -5.5    -3.1
     -.1     1.7     2.3     2.4     2.4     2.4     2.4     2.4     2.4     2.1
     1.3      .6      .1      .0      .0      .0      .0     -.1     -.3     -.5
     -.7     -.9    -1.3    -2.3    -3.7    -4.8    -5.3    -5.5    -5.5    -5.5
    -5.5    -5.4    -5.0    -4.2    -3.1    -2.4    -2.1    -2.0    -2.0    -2.0
    -2.0    -2.0    -1.9    -1.8    -1.7
    -2.9    -2.9    -2.8    -2.8    -2.9    -3.5    -4.4    -5.5    -6.4    -6.8
    -6.9    -6.8    -6.7    -6.5    -6.5    -6.6    -6.9    -7.1    -6.1    -3.6
     -.4     1.7     2.4     2.4     2.4     2.4     2.4     2.5     2.5     2.3
     1.6      .7      .2      .0      .0      .0      .0     -.1     -.3     -.5
     -.7     -.9    -1.2    -2.1    -3.4    -4.6    -5.2    -5.5    -5.5    -5.5
    -5.5    -5.3    -4.8    -4.0    -3.0    -2.3    -2.1    -2.0    -2.0    -2.0
    -2.0    -1.9    -1.7    -1.4    -1.0
    -3.4    -3.4    -3.2    -2.9    -2.8    -3.1    -4.0    -5.1    -6.1    -6.7
    -7.0    -7.0    -6.8    -6.6    -6.7    -7.0    -7.5    -7.8    -7.1    -4.9
    -1.7      .9     2.1     2.4     2.4     2.4     2.5     2.7     3.0     3.1
     2.4     1.2      .3      .0      .0      .1      .0     -.1     -.3     -.5
     -.7     -.8    -1.1    -1.8    -2.9    -4.1    -4.9    -5.4    -5.8    -5.8
    -5.5    -5.0    -4.5    -3.7    -2.8    -2.3    -2.1    -2.0    -2.0    -2.0
    -2.0    -1.7    -1.0     -.3      .2
    -3.2    -3.5    -3.4    -3.0    -2.8    -3.1    -3.8    -4.7    -5.5    -6.4
    -6.7    -6.7    -6.3    -6.1    -6.3    -7.0    -7.7    -8.2    -7.9    -6.3
    -3.6     -.5     1.4     2.2     2.4     2.6     2.9     3.5     4.3     4.7
     3.9     2.1      .6      .0      .0      .0      .0     -.1     -.4     -.6
     -.7     -.8    -1.0    -1.5    -2.3    -3.2    -4.2    -5.2    -5.6    -5.6
    -5.0    -4.3    -3.7    -3.1    -2.4    -2.0    -1.9    -2.2    -2.2    -2.1
    -1.6     -.8      .4     1.5     2.1
    -2.9    -3.3    -2.8    -2.4    -2.0    -2.6    -3.7    -4.3    -4.6    -5.3
    -5.9    -5.7    -4.9    -4.5    -5.0    -6.3    -7.7    -8.3    -8.4    -7.6
    -5.9    -3.3     -.8      .9     2.1     3.1     4.0     5.1     6.0     6.2
     5.2     2.8      .6     -.5     -.6     -.3     -.2     -.4     -.5     -.7
     -.8     -.9    -1.0    -1.3    -1.8    -2.4    -3.2    -4.3    -5.1    -5.0
    -4.1    -3.4    -2.8    -2.4    -1.8    -1.4    -1.4    -1.9    -1.9    -1.4
     -.1     1.4     2.9     3.9     4.1
    -1.0    -1.6    -1.9     -.9     -.3    -1.4    -2.6    -3.4    -3.5    -4.1
    -4.8    -4.5    -3.5    -3.0    -3.7    -5.4    -7.6    -8.6    -8.8    -8.4
    -7.9    -7.1    -5.6    -3.2      .0     3.1     5.2     6.6     7.0     6.7
     5.4     2.7     -.2    -1.7    -1.9    -1.6    -1.2    -1.0     -.8     -.8
     -.8     -.8     -.9    -1.3    -1.6    -1.8    -2.3    -3.0    -3.7    -3.6
    -3.2    -2.8    -2.4    -1.7    -1.1     -.4     -.4     -.5     -.1     1.4
     3.2     4.9     5.8     6.0     5.7
      .0    -1.8    -2.6      .1     1.2      .6     -.9    -1.0     -.4     -.9
    -2.2    -2.9    -2.6    -2.1    -2.3    -4.1    -6.6    -8.2    -8.6    -8.6
    -9.5   -11.0   -11.7    -9.9    -5.5     -.3     3.8     6.3     7.2     6.9
     5.2     1.9    -1.2    -2.9    -3.3    -3.1    -2.6    -1.8     -.8     -.1
      .0     -.1     -.4     -.8    -1.3    -1.3    -1.5    -1.7    -1.7    -1.7
    -1.9    -2.0    -1.5     -.7     -.2     -.1      .4     1.9     4.0     6.0
     7.4     8.0     7.7     7.0     6.1
    -2.7    -2.5    -2.5     -.5     1.3     2.2     2.4     4.4     6.9     7.8
     5.5     2.0      .0     -.5     -.6    -1.9    -4.3    -6.6    -7.8    -8.6
   -10.5   -13.3   -15.3   -15.2   -12.6    -8.2    -2.9     2.7     6.2     7.9
     4.6      .5    -2.4    -3.7    -4.1    -4.1    -3.5    -1.8      .5     2.1
     2.7     2.4     1.5      .6     -.1     -.5     -.8     -.2     1.2     1.6
      .9      .2      .8     1.7     2.0     2.1     2.7     4.1     7.2     8.9
     9.5     9.2     8.0     6.6     5.4
    -1.5    -1.3     -.7     -.4     1.2     3.3     4.6     7.4    11.3    12.3
    11.4     8.6     5.8     3.0     1.7      .5     -.9    -3.3    -5.8    -8.2
   -11.2   -14.3   -16.5   -17.1   -17.2   -16.0   -11.7    -4.1     4.4     5.6
     2.9    -2.7    -4.2    -4.7    -5.0    -5.2    -4.2    -1.2     2.2     4.6
     5.8     5.4     3.8     2.9     1.7      .7      .0      .4     2.1     3.1
     3.6     4.4     6.3     7.5     7.4     6.8     7.5     9.2    10.8    11.5
    11.0     9.8     7.7     5.4     3.9
     -.6      .7     1.2     1.5     2.7     4.6     5.4     7.5     9.8    12.3
    13.8    14.2    14.1     9.7     5.3     2.8     1.4    -1.5    -4.4    -7.8
   -11.2   -14.1   -15.7   -16.4   -17.3   -19.0   -17.4   -10.3    -1.3      .6
    -3.2    -6.1    -5.3    -5.3    -6.5    -6.5    -4.8    -1.0     3.3     5.4
     6.5     6.3     4.3     3.2     2.1     1.1     -.9    -1.1      .9     3.1
     5.6     9.0    12.8    14.7    14.1    13.2    12.9    13.5    13.7    13.3
    12.3    10.3     7.3     4.1     2.4
     3.2     3.9     2.9     1.9     3.4     4.5     4.2     4.6     5.2     7.2
    11.5    16.6    17.5    14.4     8.5     6.2     7.6     3.4    -1.6    -6.4
   -10.3   -12.6   -13.1   -12.7   -15.0   -16.1   -16.3   -12.5    -7.8    -7.0
    -7.9    -8.7    -7.2    -7.6    -9.3    -9.8    -6.8    -1.0     2.9     5.4
     6.8     6.9     4.1     1.9     1.0      .6    -1.4    -1.9     -.8     2.4
     6.6    11.9    16.6    18.0    17.4    16.3    15.8    15.3    14.8    14.3
    13.3    10.8     7.0     3.3      .3
     7.8     9.9     6.8     1.1     -.1     3.3     3.4     3.1     3.0     5.0
     9.5    15.6    18.3    15.7     9.9     6.8     7.8     6.3      .4    -6.8
   -11.9   -13.7   -11.4    -9.8    -9.4   -10.9   -11.2   -11.2   -10.3   -10.9
   -12.7   -12.2   -10.8   -11.1   -12.5   -13.1   -10.4    -3.8      .3     3.5
     7.1     8.4     5.6     2.2      .3      .1     -.8     -.5      .5     2.5
     6.8    12.7    17.1    18.0    17.4    16.1    15.4    14.9    14.4    13.9
    12.5     9.9     6.5     2.1      .6
    11.0    13.2     8.9     2.4     2.1     2.7     3.1     2.3     3.0     5.7
    11.9    18.6    18.0    11.0     5.8     2.5     4.2     6.0     1.3    -5.4
   -11.5   -13.8   -14.4   -12.0    -9.0    -8.0    -7.6    -9.4   -11.5   -14.1
   -17.4   -20.4   -19.3   -15.6   -14.7   -15.3   -13.1    -7.9    -4.3     1.1
     9.1    11.5     8.1     2.9     1.2      .9     1.1     1.0     1.0     2.5
     6.2    11.6    15.6    16.9    16.1    14.4    12.4    12.3    12.9    12.4
    10.5     8.0     5.9     4.0     2.6
     9.8     6.2     2.6     -.4     2.7     4.4     5.5     5.1     4.6     8.3
    13.2    17.7    14.0     6.7     3.3      .4     1.1     1.9     2.0    -1.9
    -5.8    -9.7   -14.6   -15.6   -12.2    -9.1    -8.6   -11.1   -13.2   -12.5
   -16.6   -21.2   -22.0   -19.1   -18.0   -18.2   -17.4   -13.2    -7.8    -1.1
    10.1    12.8     7.3     2.4      .6     1.6     2.0     1.0      .2     1.7
     4.7     8.8    12.4    14.7    13.0    10.7     8.4    10.7    11.7    11.2
     8.9     6.6     5.5     4.5     3.9
     4.7    -2.8    -2.8      .6     7.0     9.7    12.6    10.3     7.9     9.6
    12.2    15.1    10.0     4.5      .5     1.0     1.9     3.6     3.5     1.1
    -1.7    -5.6   -11.6   -15.0   -12.8   -10.1   -10.1   -13.1   -16.0   -13.4
   -14.8   -18.9   -22.9   -22.0   -23.2   -26.8   -29.1   -26.5   -17.1    -7.2
     4.9     7.8     4.0     2.3     2.4     3.2     5.0     3.3     1.7     2.7
     4.4     6.0     8.1    10.2     9.4    11.7    13.1    16.9    16.8    14.7
    10.8     7.4     5.7     4.8     4.2
     4.0     1.8     3.6    10.6    14.1    16.0    17.2    15.0     9.7     9.4
    10.3     9.9     5.8     2.4     2.0     2.7     3.9     4.9     4.3     2.6
      .8    -1.0    -3.5    -6.0    -7.5    -7.1    -8.5   -13.1   -15.8   -16.3
   -14.1   -15.4   -19.4   -20.7   -23.0   -28.5   -33.6   -34.5   -28.9   -18.4
   -10.4    -3.8    -1.3     1.3     5.0     7.2     6.8     5.6     5.0     5.3
     3.8     3.6     5.4     8.0    18.8    20.8    28.7    27.1    25.7    20.4
    14.9     9.8     6.6     4.9     4.3
     7.2     6.8     7.2     9.4    13.2    16.8    18.0    13.9     9.7     8.6
     9.2     9.0     7.3     5.1     3.7     4.2     4.8     5.1     4.2     2.7
     1.1     1.1     2.0     -.7    -4.1    -5.1    -6.5    -9.2   -12.9   -16.3
   -16.7   -14.2   -14.0   -14.4   -17.0   -23.0   -30.3   -35.7   -34.9   -29.2
   -24.5   -14.4    -6.6     -.1     6.7     9.9     8.9     7.2     6.6     6.9
     4.2     3.1     2.6     4.1     4.6    14.0    23.4    26.9    26.4    21.9
    16.9    11.8     7.6     5.1     4.3
     8.2     7.8     8.3     5.6     7.7    14.4    17.0    13.8     9.2     8.7
     8.8     8.5     7.1     5.0     3.6     3.2     3.3     3.2     2.6     1.5
     1.1     1.8     3.6     2.9     -.9    -3.3    -5.2    -6.2    -8.1   -12.5
   -12.5   -10.3    -9.5    -9.9   -11.6   -15.5   -20.8   -24.2   -27.6   -27.0
   -24.0   -17.2    -9.5    -2.8     4.3    10.5    12.1    10.7     9.5     6.9
     4.8     3.3     2.9     3.6     3.7     6.1     8.2    17.1    19.0    17.8
    14.7    11.0     7.4     5.1     4.3
     5.7     6.8     7.6     6.3     4.6     9.5    12.9    11.8     8.8     7.8
     7.4     6.3     4.2     2.0      .7      .6      .9     1.2     1.1      .7
      .5      .6     2.0     3.4     2.9     -.4    -3.6    -5.4    -6.0    -7.4
    -7.6    -6.9    -6.5    -6.7    -8.6   -12.2   -17.3   -19.0   -20.7   -20.9
   -18.8   -15.5   -10.9    -5.9    -4.5     2.5     9.4    12.3    12.2     8.1
     5.4     4.5     4.5     5.2     5.8     5.8     6.5     8.8    10.6    10.9
    10.2     8.7     6.5     4.9     4.2
     4.6     4.5     7.3     8.3     7.1     7.4     8.2     6.8     5.0     4.3
     3.9     2.8     1.2     -.2     -.7     -.6     -.2      .4      .7      .6
     -.5    -2.1    -1.3     1.7     4.5     1.8    -2.3    -4.4    -4.4    -3.9
    -3.8    -4.3    -4.4    -4.5    -6.2    -9.7   -14.0   -15.9   -16.8   -17.0
   -16.2   -14.7   -11.7    -9.4   -11.6    -6.6     1.3     6.1    10.6     5.4
     4.3     3.8     4.1     6.9     7.6     7.3     6.7     7.0     7.6     7.9
     7.9     7.1     5.9     4.7     4.1
     3.7     2.1     4.7     6.2     5.9     4.7     3.8     2.9     2.5     2.8
     2.9     2.0      .3     -.7    -1.0     -.9     -.5      .3     1.4     1.4
      .2    -1.9    -1.5     1.1     2.7     1.6    -1.1    -3.3    -3.0    -2.2
    -2.0    -3.1    -3.5    -3.6    -4.9    -7.3    -9.9   -12.0   -12.9   -13.8
   -16.7   -14.8   -11.8   -11.2   -11.9   -10.5    -6.3    -1.1     -.2    -2.3
     -.4     1.0     3.2     5.5     8.5     8.9     7.8     7.3     7.2     7.1
     6.9     6.2     5.2     4.4     4.0
     2.3     1.6     1.8     2.8     2.7     1.9     1.4     1.3     1.9     2.5
     3.0     2.4     -.3    -1.0    -1.0    -1.0     -.7      .7     3.7     5.3
     5.4     4.6     3.0     3.6     3.6     2.7     -.2    -2.5    -2.0    -1.1
    -2.4    -2.5    -2.7    -3.1    -3.5    -5.9    -6.6    -5.7    -7.3    -9.3
   -11.3   -10.6   -11.3   -11.9   -11.2    -9.0    -4.3    -1.8    -1.5    -2.6
    -1.5     1.9     3.0     4.6     7.6     9.6     8.9     8.4     7.5     6.8
     6.0     5.2     4.5     4.0     3.7
     1.1      .8      .9     1.2     1.3     1.2     1.1     1.3     1.8     2.4
     2.8     1.7    -1.2    -1.6    -1.3    -1.1     -.7     1.0     4.4     6.0
     6.5     6.4     5.8     4.7     3.6     3.0     1.6     -.1     -.2     -.9
    -1.2    -1.7    -1.2    -1.1    -1.4    -4.3    -3.9    -4.9    -8.3    -8.3
    -6.2    -7.8   -11.8   -12.9   -12.7   -11.0    -6.7     -.6      .4      .6
     2.4     3.8     3.9     3.9     5.5     6.6     7.1     7.0     6.7     5.9
     4.9     4.1     3.7     3.6     3.5
      .9      .8      .8      .8      .9     1.1     1.2     1.3     1.5     1.9
     1.7    -1.0    -2.3    -2.4    -2.2    -1.9    -1.1     1.5     4.9     6.0
     6.2     6.0     5.2     4.4     3.6     2.7     1.6     1.1     1.7     2.4
     1.1     -.6    -1.2    -1.5    -2.3    -4.5    -2.9    -5.0    -8.3    -9.2
    -6.9    -6.8   -10.8   -12.0   -12.4   -11.0    -7.0    -2.3      .8     2.0
     3.1     4.2     4.6     3.8     4.2     5.1     6.2     6.6     6.3     5.3
     4.2     3.5     3.4     3.4     3.4
      .8      .8      .9      .8      .9     1.2     1.5     1.6     1.6     1.3
      .0    -2.0    -2.5    -2.5    -2.5    -2.4    -1.9      .2     3.3     4.4
     4.2     3.6     3.2     3.1     2.8     2.1     1.0     1.0     2.1     3.7
     2.3     -.8    -2.1    -1.8    -3.0    -4.4    -4.6    -1.6    -4.2    -7.6
    -7.6    -5.5    -6.2    -7.2    -8.2    -7.8    -5.3    -3.4    -2.1     -.3
     1.3     2.1     3.4     4.4     5.4     6.3     7.0     7.2     6.6     5.3
     4.1     3.4     3.3     3.3     3.3
      .8      .8      .8      .8     1.0     1.3     1.6     1.6     1.6     1.0
    -1.2    -2.9    -3.2    -2.8    -2.6    -2.6    -2.3     -.9     1.9     3.1
     3.1     3.0     2.9     2.9     2.7     2.0      .9      .9     1.8     3.8
     3.0    -1.2    -2.7    -2.9    -5.9    -5.5    -4.3     -.2     1.8     -.1
    -4.2    -4.4    -1.0     -.3    -1.9    -1.3     -.5    -2.5    -3.8    -4.0
    -3.7    -2.2      .5     3.8     6.5     7.6     7.9     7.5     6.7     5.2
     4.0     3.4     3.3     3.2     3.3
      .7      .7      .8      .9     1.1     1.4     1.5     1.6     1.4      .2
    -3.0    -4.1    -4.2    -4.0    -3.6    -3.3    -2.9    -1.5     1.2     2.7
     3.0     2.9     2.9     2.9     2.7     1.9      .7      .3      .7     1.7
     1.4     -.2      .0    -2.8    -6.9    -6.7    -3.9     1.4     5.9     5.2
     1.7    -1.0     -.1     1.8      .8     1.4     1.2     -.5    -3.7    -5.4
    -6.0    -5.1    -1.4     3.2     6.6     7.9     8.0     7.4     6.2     4.8
     3.7     3.3     3.2     3.2     3.2
      .8      .8      .8      .9     1.1     1.3     1.3     1.1      .0    -2.0
    -3.8    -4.2    -4.3    -4.2    -4.1    -4.0    -3.8    -2.8      .1     2.5
     3.0     3.0     3.0     3.0     2.8     1.4     -.1     -.4     -.4     -.3
     -.2     -.7      .5    -2.0    -5.5    -6.8    -4.0     2.1     6.0     5.3
     2.4     -.3    -1.8      .1     1.8     2.2     2.2      .7    -2.6    -5.7
    -6.8    -5.4    -1.9     2.9     6.4     7.6     7.7     6.9     5.6     4.2
     3.4     3.2     3.2     3.2     3.2
      .8      .8      .8      .8      .7      .6      .2     -.5    -2.0    -3.6
    -4.2    -4.3    -4.3    -4.3    -4.2    -4.2    -4.0    -2.9      .3     3.0
     3.6     3.7     3.8     3.9     4.0     2.2      .2     -.5     -.7     -.8
     -.8     -.7    -1.1    -3.6    -6.7    -7.1    -4.5      .4     3.9     3.2
      .5    -2.4    -5.0    -3.2      .0     1.5     2.3     1.1    -2.2    -5.2
    -6.4    -5.2    -1.7     2.7     6.1     7.4     7.4     6.5     5.1     3.9
     3.4     3.2     3.2     3.2     3.2
      .8      .8      .7      .6      .1     -.5    -1.1    -1.8    -3.0    -4.0
    -4.2    -4.2    -4.2    -4.2    -4.2    -4.1    -3.5    -1.2     2.4     4.5
     4.9     5.0     5.1     5.2     5.5     5.4     3.2     1.1      .0      .0
      .1     -.4    -1.9    -4.7    -6.8    -7.2    -3.6      .5     3.3     2.5
      .0    -2.7    -3.7    -3.7    -1.4      .6     1.3      .5    -2.0    -4.7
    -5.7    -4.4    -1.4     2.4     5.3     6.8     6.9     6.1     4.9     3.8
     3.3     3.2     3.2     3.2     3.2
      .8      .8      .7      .3     -.4    -1.4    -2.2    -2.7    -3.5    -4.1
    -4.2    -4.2    -4.2    -4.2    -4.2    -3.8    -2.0     1.8     4.5     5.3
     5.4     5.3     5.2     5.1     5.4     6.1     5.5     3.4     2.9     3.7
     5.0     4.8     2.0    -1.9    -4.4    -3.9    -1.3     1.3     3.1     2.9
     2.4     1.8      .5     -.4     -.1      .3      .4     -.3    -2.1    -4.0
    -4.6    -3.7    -1.7      .9     3.1     4.6     5.3     5.1     4.3     3.6
     3.3     3.2     3.2     3.2     3.2
      .8      .8      .6      .2     -.8    -2.0    -2.8    -3.3    -3.8    -4.1
    -4.2    -4.2    -4.2    -4.2    -3.8    -2.4      .2     3.1     4.8     5.3
     5.4     5.3     5.2     5.1     5.1     5.8     6.9     7.0     8.1    10.3
    12.5    12.9    10.4     5.9     2.0      .7     1.5     2.3     2.9     3.2
     3.3     3.2     2.6     1.7      .8      .1     -.4     -.9    -1.7    -2.7
    -2.8    -2.2    -1.3     -.4      .4     1.2     2.0     2.5     2.8     2.9
     3.1     3.2     3.2     3.2     3.2
      .8      .8      .6      .0    -1.1    -2.4    -3.2    -3.7    -3.9    -4.1
    -4.2    -4.2    -4.2    -4.1    -3.4    -1.6     1.3     3.8     5.1     5.4
     5.4     5.3     5.1     5.0     4.8     5.4     7.1     9.2    11.9    14.4
    16.2    16.6    15.1    12.0     7.9     5.1     4.2     3.7     3.4     3.3
     3.6     3.2     2.6     1.6      .5     -.3     -.7     -.8    -1.1    -1.3
    -1.2    -1.0     -.8     -.7     -.6     -.4     -.1      .4     1.1     1.9
     2.7     3.1     3.2     3.2     3.2
      .8      .8      .5     -.1    -1.3    -2.5    -3.3    -3.8    -4.0    -4.1
    -4.2    -4.2    -4.2    -4.0    -3.1    -1.2     1.6     3.9     5.0     5.3
     5.4     5.3     5.2     5.1     5.2     5.9     7.4    10.0    13.0    15.6
    16.8    17.0    15.9    13.4     9.7     6.7     5.4     4.8     4.5     4.0
     3.7     3.2     2.4     1.4      .3     -.5     -.8     -.9     -.9     -.9
     -.7     -.7     -.6     -.6     -.7     -.7     -.5     -.2      .4     1.4
     2.3     2.9     3.1     3.2     3.2
