diamond 11 10年11月30日20时500百帕流场
10 11 30 20   0   500
  2.000 -2.000  32.0 160.0  80.0  12.0  65  35
    -4.5    -4.7    -5.7    -7.4    -9.0    -8.3    -4.5      .2     3.5     4.9
     5.3     5.3     5.2     5.0     4.7     3.9     2.9     2.1     1.4      .6
     -.1     -.5     -.6     -.6     -.6     -.6     -.6     -.6     -.7    -1.1
    -1.9    -2.6    -3.1    -3.2    -3.2    -3.2    -2.9    -2.1     -.3     2.1
     3.8     4.5     4.0     2.5      .6     -.9    -1.7    -1.9    -1.9    -1.9
    -1.8    -1.2     1.1     5.8    11.9    16.7    19.0    19.6    19.7    19.8
    20.1    21.1    22.8    24.5    25.2
    -4.3    -4.7    -5.7    -7.9   -10.0    -9.6    -5.5     -.2     3.6     5.1
     5.6     5.6     5.3     5.1     4.7     3.9     2.9     2.1     1.4      .6
     -.1     -.5     -.6     -.6     -.6     -.6     -.6     -.6     -.7    -1.0
    -1.8    -2.6    -3.1    -3.2    -3.2    -3.2    -3.0    -2.2     -.3     2.1
     4.0     4.6     4.1     2.6      .6    -1.0    -1.7    -1.9    -1.9    -1.9
    -1.9    -1.4      .8     5.6    12.1    17.0    19.2    19.7    19.7    19.8
    20.0    21.0    22.8    24.6    25.4
    -4.0    -4.4    -5.7    -8.5   -11.5   -11.8    -7.8    -1.7     3.1     5.5
     6.5     6.6     5.9     5.2     4.6     3.7     2.8     2.1     1.5      .8
      .0     -.4     -.6     -.6     -.6     -.6     -.6     -.6     -.5     -.8
    -1.5    -2.5    -3.0    -3.2    -3.2    -3.2    -3.0    -2.2     -.3     2.2
     4.0     4.6     4.2     2.7      .8     -.9    -1.7    -1.9    -2.0    -2.0
    -1.9    -1.3      .7     5.5    11.9    17.0    19.2    19.7    19.7    19.8
    20.0    21.0    22.9    24.7    25.7
    -3.1    -3.3    -4.9    -8.5   -12.8   -14.3   -11.3    -5.0     1.3     5.2
     7.4     7.4     6.0     5.1     4.2     3.3     2.5     2.0     1.6     1.1
      .3     -.3     -.5     -.6     -.6     -.6     -.6     -.4      .0      .0
     -.7    -1.9    -2.8    -3.2    -3.2    -3.4    -3.2    -2.1     -.1     2.4
     4.1     4.7     4.3     2.9     1.0     -.6    -1.5    -1.9    -2.2    -2.2
    -1.8    -1.2      .7     5.0    11.2    16.5    19.1    19.8    19.9    19.9
    20.1    21.2    23.0    24.9    26.1
    -3.2    -2.8    -4.5    -8.5   -13.8   -17.5   -16.7   -11.4    -3.9     2.5
     4.7     4.9     3.6     3.2     2.9     2.5     2.1     1.9     1.7     1.4
      .7      .1     -.4     -.5     -.6     -.5     -.2      .5     1.3     1.6
      .9     -.6    -2.0    -2.8    -3.2    -3.3    -3.0    -1.7      .5     2.9
     4.4     4.8     4.4     3.1     1.4     -.1    -1.0    -1.8    -2.1    -2.0
    -1.4     -.6      .8     4.0     9.3    14.8    18.3    20.1    20.4    20.4
    20.0    20.8    22.6    24.9    26.2
    -3.5    -3.1    -4.8    -7.7   -12.9   -17.7   -20.4   -17.8   -11.3    -6.1
    -3.7    -3.3    -1.8      .6     2.3     2.2     1.9     1.8     1.8     1.6
     1.3      .8      .4      .1     -.1      .2     1.1     2.2     3.2     3.5
     2.7     1.0     -.5    -1.6    -2.2    -2.7    -2.3     -.6     1.8     4.0
     4.9     5.0     4.3     3.0     1.5      .4     -.4    -1.1    -1.7    -1.3
     -.3      .5     1.1     2.7     6.1    10.8    15.3    18.6    19.4    18.6
    16.9    17.0    19.3    22.8    27.0
    -7.2    -6.5    -6.1    -7.1   -10.3   -15.7   -19.2   -19.7   -16.1   -12.7
   -11.0    -7.6    -1.5     3.5     5.1     3.5     2.2     1.8     1.8     1.8
     2.0     2.3     2.5     2.3     1.9     2.0     3.0     4.2     4.7     4.2
     3.4     2.2     1.4      .7      .0     -.6     -.3     1.2     3.2     4.6
     5.0     4.8     4.0     2.3     1.1      .7      .3      .0     -.4      .0
      .6     1.0     1.1     1.0     2.0     4.7     8.6    11.9    13.1     9.6
     6.2     6.0    10.8    17.2    22.7
   -10.0    -9.9    -7.1    -5.9    -7.1   -10.9   -15.5   -16.6   -14.1   -11.8
   -10.1    -5.5     2.6     6.4     4.8     2.2     1.5     1.7     2.0     2.5
     3.3     4.6     5.6     5.9     5.2     4.8     4.7     4.8     4.1     3.3
     2.2     1.9     2.1     2.1     1.9     1.5     1.7     2.7     3.7     4.2
     4.4     4.4     3.5     1.5     -.5      .2      .6      .9     1.3     1.8
     1.8     1.3      .3     -.8    -1.7    -1.8     -.8      .0    -1.9    -6.7
   -10.1    -8.1     -.1     9.2    16.4
    -8.3    -9.4    -6.8    -2.0    -2.5    -5.4    -8.6    -9.6    -8.3    -7.6
    -5.6     -.6     5.3     5.1     -.3    -3.4    -1.8     1.5     2.9     3.9
     5.3     6.6     7.5     7.7     7.2     6.4     5.6     4.2     2.1     -.5
     -.4     1.0     2.6     3.1     2.7     2.2     2.3     2.8     3.3     2.4
     2.9     3.2     3.9     3.3     2.0     1.2      .3     1.8     4.3     5.2
     4.5     2.0     -.3    -2.2    -3.6    -4.5    -4.6    -4.5    -5.9   -12.0
   -15.0   -14.3    -6.1     2.6     8.3
    -7.1    -6.9    -4.0      .9     1.4     -.7    -3.1    -4.3    -5.3    -4.8
    -2.6     3.7     7.1     -.1    -7.4   -10.7    -4.5     1.0     3.6     4.6
     6.2     8.0     8.1     8.1     7.5     6.7     5.3     3.1     -.6    -2.3
    -1.6     2.1     4.5     5.0     3.7     1.8     1.7     3.7     3.1     -.1
    -2.1      .1     3.5     9.9     9.6     5.8     1.8      .8     3.8     5.9
     5.7     2.5    -1.0    -3.7    -5.3    -6.4    -6.3    -4.1    -2.2    -4.7
    -9.5   -11.3    -6.4      .0     4.7
    -2.1     -.8      .2     3.8     4.7     3.1      .9    -1.2    -2.3    -2.1
     3.9    15.0    22.4    11.2    -2.2    -6.2      .9     5.1     6.7     6.1
     7.9     9.6     9.9     9.4     8.6     7.4     6.0     3.7     -.3    -1.5
      .3     3.5     6.8     7.7     5.5     4.2     4.8     7.7     8.2      .7
    -3.7    -4.1    -1.3     5.8     8.4     7.5    -1.8    -4.0     -.1     3.7
     4.4     1.3    -2.3    -4.7    -6.5    -8.9    -8.8    -5.7     1.4     2.2
      .0    -3.1    -2.8      .2     2.7
     2.6     3.9     4.0     2.0     3.5     4.0     2.6     1.0     -.8     1.1
    10.5    26.7    31.9    25.8    11.4    13.6    23.1    21.9    16.3    12.3
    13.0    14.5    14.7    14.2    12.0    10.2     8.4     6.2     3.2     1.3
     1.9     4.6     8.5    11.0    11.4    10.3    10.1    13.0    12.1     8.8
     2.1    -1.0    -5.1    -6.1    -2.5     1.8    -5.6    -7.1    -5.1     -.3
      .7    -1.0    -3.0    -4.0    -5.3    -7.9    -8.6    -4.0     2.3     6.9
     6.6     2.8      .1     -.2     2.1
     -.1      .2      .8     2.9     5.3     7.5     5.3     2.7      .6     3.4
    12.7    26.9    36.7    36.5    31.9    32.3    37.7    35.3    25.6    17.9
    17.0    17.5    18.8    18.5    16.9    13.4    11.6     9.6     6.8     4.5
     4.0     6.8    11.1    15.5    16.7    16.0    15.5    15.5    14.5    13.4
    17.0    14.8     3.2    -5.6    -8.3    -5.5    -5.5    -2.8     -.4      .4
     -.2    -1.4    -1.5      .4     1.6      .1    -1.8     -.5     3.9     6.7
     5.8     1.7    -2.0    -1.4     -.7
    -2.5     -.8     4.5     9.5    14.6    15.6    11.6     3.4     3.5     6.7
    16.7    27.7    31.9    31.5    33.8    37.4    40.2    40.1    31.9    25.8
    21.6    19.7    17.4    17.8    18.1    16.0    15.1    13.8    11.3     8.7
     7.9     9.7    13.4    17.9    19.5    18.9    17.6    16.2    13.8    16.1
    24.7    24.5    17.7     4.3     -.8    -1.7     1.3     2.6     2.5     2.6
     1.5     1.0     2.2     6.0    10.5    10.8     6.8     6.2     6.7     5.6
     2.0    -2.7    -6.5    -6.8    -5.4
     2.4     9.0    15.5    22.3    23.5    26.0    21.6    14.7     8.6    13.4
    20.7    28.0    28.3    26.6    30.7    35.2    36.7    34.2    31.2    30.1
    30.6    26.9    19.3    16.4    18.0    19.6    20.5    19.4    15.9     9.8
     8.5     9.8    12.2    15.9    19.4    21.4    22.2    22.7    23.4    24.6
    30.7    31.5    26.4    21.1    16.7    12.3     9.9     4.9     2.4     4.2
     6.4     7.6     9.1    13.8    12.7    10.5     7.2     8.6     7.9     4.7
     -.7    -5.6    -8.9    -9.0    -8.2
    18.1    25.5    31.4    36.2    36.3    38.7    43.6    32.6    21.9    23.1
    25.2    28.0    25.3    23.5    25.1    29.5    28.4    23.4    22.0    27.4
    33.1    32.2    24.8    20.9    24.5    29.0    31.3    30.0    24.5    17.7
    12.4    10.2    11.3    14.5    19.6    23.3    25.5    27.4    31.0    33.8
    33.4    33.9    33.7    34.4    34.7    31.2    20.3    11.6     8.5    10.1
    13.8    14.4    14.2    14.2    11.0    12.0    13.0    16.4    15.3    10.8
     3.3    -3.7    -7.4    -8.4    -8.2
    29.3    35.6    41.0    47.5    47.2    45.6    47.5    45.5    32.4    28.1
    26.0    25.1    22.4    21.0    22.2    22.2    19.8    15.9    16.9    22.7
    32.6    35.6    32.9    32.3    35.1    37.3    39.5    38.0    33.4    29.4
    20.8    14.4    13.8    16.2    21.4    25.0    26.2    27.2    29.8    35.8
    35.4    35.6    36.3    39.4    38.1    37.3    33.4    24.0    19.7    19.1
    17.8    16.5    16.0    15.7    21.7    22.2    28.0    27.0    25.5    19.5
    11.0     1.9    -4.3    -7.3    -8.0
    32.0    35.7    40.1    45.2    45.7    37.4    34.9    34.3    31.8    27.9
    25.6    24.4    23.7    22.4    20.9    19.0    16.0    12.8    13.2    16.4
    22.9    27.1    30.1    33.0    43.5    41.3    41.5    41.4    38.0    40.4
    36.8    24.9    19.9    20.7    25.5    27.1    25.2    23.7    25.5    29.5
    34.6    35.2    35.8    35.8    32.9    34.7    37.9    32.2    28.9    27.2
    22.7    18.6    15.2    14.4    12.8    19.3    26.0    28.4    27.7    23.1
    15.8     6.6    -1.3    -6.1    -7.5
    29.9    30.3    32.3    37.0    37.8    29.2    25.0    29.5    28.5    27.0
    25.3    24.0    22.5    20.6    18.5    16.5    14.2    12.5    11.8    12.0
    14.1    17.2    21.4    25.2    34.4    36.3    35.3    33.8    33.7    37.4
    31.5    22.5    19.2    19.8    25.4    25.9    20.8    19.2    21.1    23.5
    25.8    27.3    28.5    28.5    27.8    29.0    32.5    33.3    33.8    34.1
    28.1    20.5    16.2    14.7    14.2    15.2    16.1    22.1    23.0    21.1
    16.0     8.2      .4    -4.9    -6.8
    28.3    27.1    27.4    30.0    32.1    29.4    25.5    24.9    25.0    24.2
    23.1    21.3    18.7    16.1    14.4    13.4    12.6    11.6    10.8     9.8
     9.9    10.7    13.2    14.4    16.2    20.4    21.4    22.6    23.3    24.0
    20.7    18.3    16.7    15.9    18.8    18.7    14.8    13.9    15.0    14.4
    14.7    17.3    18.9    20.5    23.0    25.9    28.7    30.5    33.5    36.6
    33.0    22.5    17.0    14.9    14.5    14.9    15.6    16.3    17.2    16.7
    14.2     8.8     2.0    -3.4    -5.5
    25.3    24.7    23.3    23.9    25.4    23.9    19.6    17.0    16.0    16.7
    17.0    16.3    14.6    13.3    12.6    12.3    11.9    11.2    10.1     8.8
     6.6     5.2     5.4     5.1     4.6     8.0    11.7    13.8    14.3    15.4
    16.3    16.1    14.8    12.6    11.3    10.8     8.6     6.8     9.4     9.5
     9.7    11.3    11.0    12.2    17.8    21.0    22.7    24.7    28.5    33.2
    28.0    20.6    14.8    13.8    13.7    13.7    13.9    14.1    14.5    14.5
    13.4     9.6     3.8    -1.4    -3.7
    20.9    19.8    18.4    18.7    18.7    16.4    12.4    10.1    11.0    13.6
    15.5    15.1    13.6    12.6    12.4    12.2    11.8    10.4     8.1     5.6
     3.1      .8     1.1     3.6     6.1     8.3     9.8     9.7    10.5    11.7
    13.5    15.7    15.0    11.7     8.1     6.3     4.7     1.0     5.2     9.9
    12.9    10.3     6.2     6.2     9.5    14.7    17.4    22.6    24.1    22.0
    20.1    15.7    14.2    13.6    13.2    12.7    12.8    13.2    13.4    13.3
    12.2     9.3     4.8      .5    -1.6
    12.8    10.4     8.9     9.7     9.8     8.1     6.6     6.9     9.6    12.7
    15.4    15.5    12.7    12.1    12.3    12.3    11.9     9.6     4.9     2.0
      .8      .1      .7     3.4     5.2     6.8     8.9     8.0     8.4     9.2
     9.3    12.8    13.3    11.7     8.9     6.7     8.2     8.6    10.7    12.3
    13.6    10.9     8.5     6.8     6.3     8.5    18.5    21.7    21.1    18.0
    15.8    15.2    16.0    16.3    13.2    10.8    11.2    12.0    12.4    11.7
    10.0     7.5     4.5     1.7      .2
     5.8     4.0     2.7     2.7     3.8     5.1     5.8     6.6     9.0    12.0
    14.9    13.6     9.2     9.6    11.3    11.8    11.4     8.9     3.7     1.4
     1.0      .8     1.2     3.0     5.0     5.5     6.0     6.6     5.9     3.8
     5.8     7.1     8.6     9.0     9.7    11.0    13.5    13.8    13.0    14.5
    15.5    15.3    15.0    13.8    12.6    13.6    17.5    21.6    19.0    15.0
    13.5    12.1    14.9    16.4    13.1    10.4    10.9    11.6    11.5     9.8
     7.3     5.3     3.8     2.5     1.5
     2.4     1.2      .2      .2     1.8     4.5     5.7     6.0     7.3    10.6
    12.7     8.8     6.7     6.7     7.3     8.5     8.6     6.2     2.4     1.2
     1.4     1.6     2.4     3.0     3.8     4.9     6.7     6.8     3.5     2.9
     4.5     6.8     3.4     3.8     6.6    10.8    14.6    11.8    10.6     9.0
    11.2    13.7    15.5    17.1    17.1    16.4    18.0    18.2    13.9    11.0
     9.4     9.6    11.2    12.9    11.6    10.5    11.4    11.7    10.8     8.4
     5.8     4.1     3.5     2.9     2.4
      .3     -.4     -.8     -.4     1.4     4.4     6.1     6.7     7.5     8.8
     8.9     7.0     6.3     6.3     6.4     6.6     6.7     5.5     3.3     2.8
     3.1     3.8     4.1     4.2     4.6     6.0     8.4     7.6     3.4    -3.1
     1.1     8.1     6.6     5.8     9.7    13.0     7.0     7.1     8.0     6.5
     6.3     8.6    11.8    14.6    16.9    18.3    17.9    15.9    13.8    10.3
     7.8     9.2    10.1    10.9    11.3    11.5    11.8    11.7    10.4     7.8
     5.2     3.9     3.4     3.2     3.0
     -.4     -.8     -.8     -.1     1.7     4.5     7.2     7.9     8.0     7.7
     7.1     6.7     6.5     6.4     6.4     6.4     6.3     5.7     4.5     4.1
     4.2     4.3     4.4     4.4     4.7     6.1     8.6     8.1     4.1    -5.0
    -3.0    11.4    17.6    24.9    27.8    25.2    20.3    18.6    17.8    15.1
    15.2    17.2    17.3    17.9    21.1    22.2    19.6    14.5    13.3    11.6
    10.1     9.4    10.0    11.0    11.8    12.1    12.2    11.7    10.1     7.4
     4.9     3.8     3.5     3.3     3.2
     -.1     -.4     -.3      .5     2.0     4.4     6.9     7.4     7.1     7.0
     6.9     6.9     6.9     6.8     6.7     6.6     6.5     5.9     4.9     4.4
     4.3     4.4     4.4     4.4     4.6     6.0     8.7     9.5     7.1     2.7
     3.9    12.7    22.6    28.6    32.5    31.5    30.4    29.9    28.1    26.4
    28.4    30.5    26.9    26.3    29.9    24.8    15.0    10.7    11.8    10.3
     9.3     8.9     9.9    11.1    12.0    12.3    12.2    11.3     9.2     6.4
     4.4     3.6     3.4     3.4     3.4
      .5      .5      .6     1.0     2.3     4.3     6.6     6.9     6.9     6.9
     6.9     6.9     6.9     6.9     6.9     6.8     6.8     6.4     5.3     4.4
     4.2     4.1     4.1     4.0     4.2     5.7     8.9    10.8    10.2     9.7
    11.2    18.0    25.0    27.4    25.0    25.4    25.9    24.1    23.7    24.8
    26.4    28.2    26.0    26.6    28.8    19.2    12.3     8.4     9.0     8.5
     8.3     8.8     9.7    11.0    12.0    12.2    11.9    10.5     8.0     5.4
     3.9     3.4     3.4     3.4     3.4
      .8      .8      .8     1.3     2.6     4.8     6.5     6.9     6.9     6.9
     6.9     6.9     6.9     6.9     6.9     6.9     6.8     6.2     4.5     3.2
     2.7     2.5     2.1     1.4      .9     3.2     7.9    10.7    11.1    11.7
    13.9    18.8    22.5    21.6    14.6    15.7    17.9    15.9    15.9    16.6
    18.1    18.4    18.7    20.3    20.8    15.7     9.4     7.5     8.6     8.6
     8.5     8.8     9.5    10.6    11.5    11.9    11.4     9.7     7.1     4.8
     3.7     3.4     3.5     3.5     3.4
      .8      .8      .9     1.4     2.8     5.0     6.5     6.9     6.9     6.9
     6.9     6.9     6.9     6.9     6.9     6.8     6.4     4.7     2.1      .7
      .2      .0     -.2     -.3     -.4      .7     4.6     9.1    10.3    11.3
    13.5    17.2    19.4    16.7    12.6     7.0    11.4    10.6     9.3     9.2
     9.7     9.4    10.2    14.9    16.5    14.6    11.9    10.1     9.4     8.9
     8.3     7.6     7.0     7.2     8.5     9.9    10.2     8.9     6.5     4.6
     3.7     3.5     3.5     3.5     3.5
      .8      .8      .9     1.5     2.9     5.0     6.5     6.9     6.9     6.9
     6.9     6.9     6.9     6.9     6.9     6.6     5.2     2.2      .1     -.4
     -.5     -.5     -.6     -.6     -.6     -.4      .8     4.1     7.1     9.5
    12.2    15.3    16.5    14.5    10.9     8.3     5.8     3.6     3.0     2.8
     2.7     2.9     4.1     7.1    10.5    12.1    12.2    11.5    10.2     8.3
     5.3     1.2    -2.4    -3.6    -1.6     1.9     4.7     5.4     4.8     4.0
     3.6     3.5     3.5     3.5     3.5
      .8      .8      .9     1.5     2.9     4.8     6.2     6.8     6.9     6.9
     6.9     6.9     6.9     6.9     6.5     5.5     3.5     1.2     -.1     -.5
     -.6     -.6     -.6     -.6     -.6     -.6     -.1     1.5     3.8     6.3
     9.1    12.1    13.3    11.6     7.9     3.7      .0    -2.0    -2.0    -1.3
    -1.0    -1.1     -.4     1.6     4.8     7.8     9.8     9.8     7.2     2.9
    -2.5    -8.1   -12.1   -13.7   -12.7   -10.1    -6.9    -3.9    -1.3     1.1
     2.6     3.2     3.4     3.5     3.5
      .8      .8      .9     1.5     2.9     4.7     6.1     6.7     6.9     6.9
     6.9     6.9     6.9     6.8     6.3     4.8     2.6      .6     -.3     -.6
     -.6     -.6     -.6     -.6     -.6     -.6     -.5      .0     1.2     2.9
     4.6     6.0     5.9     3.8      .9    -2.1    -4.3    -5.2    -4.8    -3.8
    -2.7    -2.1    -1.3      .2     2.4     4.8     6.2     4.5     -.4    -6.2
   -11.1   -14.3   -16.1   -16.6   -16.5   -15.8   -14.5   -12.8    -9.8    -5.6
    -1.6     1.0     2.5     3.3     3.5
      .8      .8     1.0     1.6     3.0     4.7     6.0     6.7     6.9     6.9
     6.9     6.9     6.9     6.7     6.0     4.5     2.4      .6     -.3     -.5
     -.6     -.6     -.6     -.6     -.6     -.6     -.6     -.3      .3     1.2
     2.0     2.2     1.3     -.6    -2.7    -4.5    -6.1    -6.5    -6.1    -4.7
    -3.7    -2.8    -1.8     -.3     1.3     2.8     2.9      .2    -4.9   -10.1
   -13.5   -15.5   -16.5   -16.4   -17.1   -16.8   -17.0   -17.1   -16.4   -13.1
    -8.4    -3.7      .3     2.6     3.5
   -12.2   -12.2   -12.2   -12.0   -11.7   -11.0    -9.8    -8.6    -7.8    -7.5
    -7.4    -7.4    -7.4    -7.4    -7.3    -7.1    -7.0    -6.9    -6.8    -6.9
    -6.9    -7.0    -7.0    -7.0    -7.0    -7.0    -7.0    -6.9    -6.3    -4.5
    -1.5     1.5     3.2     3.7     3.8     3.8     3.7     3.2     2.3     1.1
      .1     -.4     -.7    -1.1    -1.6    -2.1    -2.2    -2.3    -2.3    -2.3
    -2.3    -1.9     -.9     1.2     3.9     5.9     6.9     7.1     7.2     7.1
     6.9     6.1     4.7     3.4     2.8
   -12.2   -12.2   -12.2   -12.2   -11.9   -11.3   -10.0    -8.7    -7.8    -7.5
    -7.4    -7.4    -7.4    -7.4    -7.3    -7.1    -7.0    -6.8    -6.8    -6.9
    -6.9    -7.0    -7.0    -7.0    -7.0    -7.0    -7.0    -6.9    -6.4    -4.5
    -1.3     1.7     3.4     3.8     3.8     3.8     3.7     3.3     2.3     1.0
      .1     -.4     -.7    -1.1    -1.7    -2.1    -2.3    -2.3    -2.3    -2.3
    -2.3    -2.0    -1.0     1.2     4.0     6.1     7.0     7.2     7.2     7.2
     7.0     6.2     4.7     3.3     2.6
   -12.1   -12.2   -12.2   -12.3   -12.3   -11.8   -10.6    -9.1    -8.0    -7.5
    -7.4    -7.4    -7.4    -7.4    -7.3    -7.1    -6.9    -6.8    -6.8    -6.9
    -6.9    -7.0    -7.0    -7.0    -7.0    -7.0    -7.0    -6.8    -6.1    -4.1
    -1.0     1.9     3.4     3.8     3.8     3.8     3.7     3.3     2.3     1.0
      .1     -.4     -.7    -1.1    -1.7    -2.1    -2.3    -2.4    -2.4    -2.4
    -2.3    -1.9     -.7     1.4     4.1     6.1     7.0     7.2     7.2     7.2
     6.9     6.1     4.6     3.2     2.5
   -12.0   -12.0   -12.1   -12.3   -12.6   -12.4   -11.5    -9.9    -8.5    -7.7
    -7.4    -7.4    -7.4    -7.3    -7.2    -7.0    -6.9    -6.8    -6.8    -6.8
    -6.9    -6.9    -7.0    -7.0    -7.0    -7.0    -6.8    -6.3    -5.1    -2.8
      .0     2.3     3.5     3.8     3.8     3.9     3.8     3.3     2.2      .9
      .0     -.4     -.7    -1.2    -1.8    -2.2    -2.4    -2.5    -2.6    -2.6
    -2.1    -1.4     -.1     1.9     4.3     6.2     7.0     7.2     7.2     7.2
     6.9     5.9     4.4     3.0     2.4
   -12.0   -11.9   -12.0   -12.3   -12.9   -13.3   -12.9   -11.5    -9.5    -8.0
    -7.4    -7.3    -7.1    -6.9    -6.8    -6.7    -6.7    -6.8    -6.8    -6.8
    -6.9    -6.9    -7.0    -7.0    -7.0    -6.7    -6.0    -4.6    -2.5     -.4
     1.5     2.8     3.4     3.7     3.8     3.9     3.7     3.1     1.9      .8
      .0     -.3     -.7    -1.3    -1.9    -2.2    -2.4    -2.6    -2.6    -2.2
    -1.3     -.1     1.2     2.7     4.5     6.1     6.9     7.2     7.2     7.1
     6.6     5.5     4.0     2.8     2.2
   -12.1   -12.0   -11.9   -11.9   -12.6   -13.2   -13.8   -12.9   -10.5    -8.4
    -7.3    -6.7    -6.3    -5.9    -5.8    -6.1    -6.5    -6.8    -6.9    -6.8
    -6.8    -7.0    -7.2    -7.1    -6.6    -5.4    -3.5    -1.3      .8     2.2
     2.8     3.1     3.2     3.3     3.5     3.6     3.4     2.5     1.3      .4
     -.1     -.3     -.8    -1.4    -2.0    -2.3    -2.4    -2.4    -2.2    -1.2
      .5     1.9     2.6     3.5     4.8     6.2     6.9     7.2     7.2     6.9
     6.0     4.8     3.5     2.6     1.9
   -12.9   -12.6   -11.8   -11.4   -11.7   -12.7   -13.4   -13.0   -10.8    -8.5
    -6.9    -6.1    -5.4    -4.8    -4.7    -5.3    -6.5    -7.1    -7.2    -6.9
    -7.1    -7.6    -8.2    -7.8    -5.9    -3.0     -.2     2.1     3.3     3.3
     3.1     2.8     2.6     2.6     2.7     2.8     2.5     1.6      .5     -.1
     -.5     -.8    -1.4    -2.0    -2.5    -2.7    -2.6    -2.1    -1.1      .5
     2.0     2.9     3.5     4.3     6.0     7.3     7.6     7.4     6.8     5.7
     4.5     3.4     2.9     2.7     2.5
   -13.1   -12.7   -11.0   -10.4   -10.4   -11.2   -11.9   -11.3    -9.1    -7.1
    -5.9    -5.3    -4.8    -3.8    -3.0    -3.5    -5.4    -6.6    -6.9    -6.8
    -7.6    -9.0   -10.1    -9.5    -6.6    -2.5      .9     3.0     3.4     3.4
     2.7     2.4     2.2     2.1     2.0     1.8     1.4      .6     -.2     -.9
    -1.4    -2.5    -3.6    -3.8    -3.9    -3.7    -3.0    -1.5      .6     2.4
     3.3     3.5     3.8     5.2     7.4     9.0     9.1     7.9     6.0     3.4
     1.8     1.5     2.3     3.4     3.7
   -11.8   -11.4    -8.8    -5.6    -6.3    -7.9    -8.4    -7.5    -5.7    -4.6
    -4.4    -4.1    -3.5    -1.6      .6      .6    -1.7    -4.2    -4.9    -5.3
    -7.4   -10.0   -11.7   -11.5    -9.4    -5.7    -2.1      .7     2.1     2.3
     2.5     2.8     2.7     2.1     1.4      .8      .1     -.7    -1.5    -1.8
    -3.5    -4.4    -5.5    -4.8    -5.0    -4.6    -3.1     -.3     3.3     5.1
     5.2     4.1     3.9     5.1     6.8     7.7     7.7     8.0     7.0     3.9
     2.1     1.3     3.2     5.0     6.2
   -11.1    -9.5    -6.1    -1.9    -1.8    -3.8    -4.1    -3.7    -3.2    -3.0
    -3.0    -2.8    -1.5     2.1     4.9     5.8     3.4     1.8     1.1     -.6
    -4.6    -9.3   -12.3   -12.8   -11.4    -8.6    -5.9    -3.1     -.4     2.0
     3.5     4.4     3.9     2.5     1.1      .0    -1.2    -2.2    -1.6      .1
      .3    -2.1    -4.2    -5.4    -5.7    -5.1    -2.8      .2     4.0     5.8
     5.8     3.7     2.2     2.1     2.5     2.7     3.1     5.8     9.7    10.1
     7.0     5.0     6.1     7.7     8.7
    -8.7    -5.3    -2.4     1.9     3.2     1.9     1.2      .9      .4     -.6
    -1.3    -1.5    -1.0     2.4     5.4     5.9     3.6     3.4     3.3     2.3
    -1.8    -7.1   -12.0   -13.3   -12.4   -10.0    -7.9    -5.2    -1.4     2.7
     5.6     6.3     4.6     2.8      .9     -.5    -2.4    -4.4    -4.9      .1
     2.4     1.5    -1.2    -3.5    -4.8    -5.0    -3.2    -1.0     2.3     4.4
     4.2     1.4    -1.3    -2.9    -3.5    -4.9    -3.7     1.0    11.5    15.0
    14.2    11.5    10.6    11.0    11.3
    -5.0    -1.1     2.3     5.0     5.4     5.7     6.0     6.8     6.8     5.3
     3.0      .4     -.2      .9     3.0      .8    -3.4    -1.9      .9     2.7
     1.6    -3.4   -10.7   -15.9   -14.3   -12.0    -9.8    -6.7    -2.0     4.2
     7.1     6.9     4.1     1.7      .9      .2    -2.7    -6.9    -8.3    -6.8
    -2.3    -1.2    -1.3    -1.2    -2.6    -4.3    -3.0    -1.9     -.5      .8
      .8    -1.3    -3.4    -4.6    -5.5    -7.5    -6.5      .9    10.8    18.3
    19.5    16.8    14.8    13.6    13.9
    -4.3    -1.5     1.6     5.7     7.9     7.5     7.9     8.8     9.6     9.3
     8.3     5.7     2.9     1.0     -.5    -2.8    -6.3    -6.2    -2.4     1.7
     3.4     -.8   -11.7   -18.2   -18.8   -14.4   -12.0    -8.6    -3.2     3.0
     7.7     6.4     3.1    -1.7    -1.7      .0    -2.3    -9.1   -12.3   -13.5
   -14.9   -14.1    -9.0    -5.6    -4.9    -4.5    -2.9    -1.7    -1.6     -.9
     -.8    -2.1    -3.5    -3.7    -3.8    -4.3    -3.3     1.9    10.7    17.3
    19.2    17.8    16.1    15.6    15.3
    -3.3    -2.4      .9     5.3     7.2     8.1     8.1     7.6     9.7    11.7
    14.3    17.5    14.8     7.1     1.7    -1.8    -5.0    -7.4    -5.5    -3.7
    -1.2    -4.3   -11.1   -17.2   -19.4   -15.9   -13.8   -11.1    -7.2    -1.6
     4.9    10.2     7.2    -2.5    -4.1    -1.4    -3.6    -9.5   -14.0   -16.2
   -19.4   -20.3   -17.9   -13.3   -11.3    -8.1    -2.4     2.1     4.4     3.8
     2.6     -.3    -2.3    -2.2    -1.2     -.3     1.1     4.5    10.0    15.1
    17.3    17.1    16.7    16.2    16.0
    -1.6     -.2     2.4     5.5     7.3     9.0     8.8     8.3     8.0    11.0
    14.7    18.5    14.3     6.5     2.1     -.6    -3.0    -5.1    -9.1   -12.7
   -16.2   -16.1   -14.5   -15.6   -16.7   -16.3   -14.4   -12.1   -11.3   -13.7
    -4.2     6.1     8.2     1.7    -2.7    -4.5    -6.0    -8.1    -9.2   -11.5
   -17.2   -20.8   -20.0   -20.7   -20.6   -14.7    -3.8     9.4    16.1    13.3
     8.7     2.6     -.3     -.5     1.1     2.7     4.1     5.2     8.1    11.7
    14.6    16.0    16.6    16.6    16.5
     1.8     3.6     5.3     7.0     8.2    10.4    13.2    10.1     6.4     6.8
     9.2    13.7     9.9     4.7      .4     -.2    -1.5    -2.6    -6.6   -14.7
   -22.1   -23.4   -19.5   -16.7   -17.7   -18.0   -15.3   -10.4    -9.5   -12.7
    -9.0      .3     9.2     4.8     -.7    -4.9    -6.8    -7.3    -5.4    -5.2
   -10.5   -16.3   -22.0   -27.1   -30.2   -26.3   -12.4     5.9    17.3    18.2
     9.0     2.0     -.7      .5     2.9     4.3     5.3     5.7     6.7     9.0
    12.1    14.7    16.0    16.4    16.4
     4.0     5.6     7.1     7.4     8.2     9.9    11.9    10.7     4.8     3.0
     3.7     5.2     4.1     1.9      .6     -.2     -.9    -1.5    -5.1   -12.1
   -22.4   -25.9   -22.4   -19.4   -17.5   -19.2   -10.8    -2.9    -3.5    -3.4
    -6.6    -3.4     5.0     4.0    -1.2    -4.9    -6.9    -7.8    -6.6    -3.6
    -8.1   -14.9   -21.6   -29.4   -29.9   -30.8   -25.7    -6.3     7.3     8.8
     2.8    -3.1    -3.4    -1.1     2.9     4.0     5.6     5.4     5.6     6.7
     9.4    12.6    14.9    16.1    16.4
     3.5     5.8     8.2    10.1     9.4     7.0     6.3     4.6     2.4      .9
      .9     1.6     2.5     2.0      .8     -.1    -1.0    -1.2    -3.6    -8.3
   -15.1   -18.8   -19.3   -16.5   -13.2   -12.9    -3.7     3.3      .1     5.7
     7.8     4.5     3.9      .6    -2.7    -5.0    -6.3    -8.1    -8.0    -5.9
    -5.2   -13.5   -19.4   -23.1   -21.7   -26.1   -29.5   -12.0     -.2      .8
    -2.6    -5.6    -5.7    -1.8     -.1     2.4     4.1     4.8     5.1     5.5
     7.5    10.8    13.8    15.6    16.1
     1.0     1.8     4.4     9.6    10.5     5.5     2.7     2.7      .8      .6
      .4      .4      .2     -.7    -1.9    -3.1    -3.7    -4.2    -5.2    -7.2
   -10.0   -12.5   -14.9   -15.4   -12.5    -8.5     -.7    -1.7    -1.8     5.8
     7.5     5.0     1.8    -1.2    -3.8    -3.9    -3.2    -5.1    -9.2    -6.0
    -4.4    -8.1   -13.3   -14.2   -16.1   -20.1   -22.7   -17.9    -7.9    -3.3
    -4.1    -6.1    -4.4     -.1     2.0     2.7     2.7     4.4     4.8     5.2
     6.7     9.7    12.8    14.9    15.6
    -1.9    -1.6      .8     4.8     8.8     6.5     3.9     2.2      .8     -.3
    -1.0    -2.0    -3.5    -5.2    -6.4    -7.0    -7.1    -6.8    -6.9    -7.0
    -7.2    -7.7   -10.0   -14.6   -17.1   -10.6    -6.6    -7.9    -5.4      .5
     3.2     1.9     -.4    -2.0    -3.6    -2.9      .6    -2.8    -7.9    -7.6
    -3.8    -4.4    -7.6    -8.6   -16.5   -20.2   -19.2   -19.5   -13.7    -6.4
    -3.1    -3.6     -.8     3.1     5.5     5.8     5.8     5.4     5.3     5.4
     6.4     8.7    11.5    13.7    14.4
    -1.5    -2.8    -2.1     -.6     2.1     3.2     2.5     1.5     -.9    -3.5
    -5.4    -6.4    -7.2    -7.9    -8.3    -8.3    -8.1    -7.7    -7.1    -6.2
    -4.3    -2.0    -3.6    -9.7   -16.1   -11.6    -6.8    -8.9    -5.1     -.1
     1.9     -.9    -1.8    -2.4    -4.7    -3.3      .5    -1.4    -6.7    -7.9
    -4.5    -2.5    -3.8    -6.8   -14.4   -16.9   -16.9   -18.0   -15.8    -7.5
    -4.6    -2.4      .1     4.3     6.4     7.4     7.6     6.4     5.8     5.5
     5.8     7.2     9.4    11.5    12.4
     1.4    -1.9    -1.7    -1.6     -.3     1.1     1.7     1.0    -1.6    -5.2
    -7.6    -8.3    -8.4    -8.6    -8.6    -8.5    -8.2    -7.2    -5.6    -3.4
     -.8     2.0      .8    -2.4    -5.2    -5.4    -5.5    -6.5    -3.5      .3
     1.5    -1.7    -2.3    -2.5    -5.1    -3.8     -.6     -.5    -4.8    -7.9
    -4.5    -1.7    -1.6    -4.7    -7.2    -8.9   -12.4   -13.8   -12.2    -9.4
    -4.9    -2.7     -.9     1.2     3.5     5.6     5.8     5.6     5.1     4.8
     4.7     5.3     6.9     8.7     9.8
     1.7      .4     -.6    -1.2     -.4     1.2     2.0     1.3    -1.6    -4.8
    -7.7    -8.6    -8.5    -8.5    -8.6    -8.6    -8.3    -6.6    -3.1    -1.0
      .0      .7     1.1     2.1     1.6     1.2     -.9    -4.4    -2.4      .8
    -1.7    -2.4    -2.3    -2.1    -3.2    -2.4     -.7    -2.3    -4.6    -6.5
    -5.1    -3.6    -3.0    -4.5    -5.7    -6.3    -6.5    -7.4    -6.2    -3.5
    -1.2     -.1    -1.1    -1.1      .9     2.1     3.4     3.0     3.3     3.4
     3.4     3.6     4.6     6.1     7.1
     -.2    -1.0    -2.1    -2.3    -1.4      .7     1.9     1.4    -1.1    -4.2
    -7.4    -7.8    -7.2    -7.6    -8.2    -8.4    -8.1    -6.1    -2.2     -.5
     -.5     -.3      .0      .8     2.1     2.4      .2    -2.2    -1.9    -2.3
    -2.8    -3.3    -2.9    -2.8    -3.1    -3.2    -1.8     -.6      .1    -1.9
    -6.2    -6.3    -5.1    -4.2    -3.6    -2.7    -2.5    -1.9     -.1     3.1
     5.6     3.8     1.4     1.0     4.1     6.9     5.7     4.4     3.4     3.1
     2.7     2.6     3.2     4.2     5.0
    -2.1    -2.7    -3.2    -3.2    -1.9      .4     1.9     2.0      .6    -3.0
    -6.7    -6.8    -6.6    -6.6    -6.8    -7.2    -6.9    -4.6    -1.4     -.4
     -.7     -.9    -1.3    -1.2     -.7     -.1     -.9    -1.2    -1.0    -1.0
    -2.4    -4.1    -4.0    -4.4    -5.1    -6.1    -3.6     1.3     2.6     1.1
    -2.9    -3.9    -3.7    -2.6    -1.1     1.6     3.7     2.0     3.9     6.3
     6.8     6.1     5.1     6.2     8.9     9.8     6.7     4.9     4.1     3.3
     2.6     2.3     2.6     3.1     3.6
    -3.1    -3.6    -3.9    -3.5    -2.6    -1.0     1.0     1.2      .1    -2.8
    -5.4    -6.1    -6.2    -6.4    -6.4    -6.5    -6.2    -4.8    -2.3    -1.5
    -1.7    -2.2    -2.4    -2.4    -2.2    -1.7    -1.4    -1.2     -.8     -.2
    -2.0    -5.1    -5.3    -4.8    -5.7    -3.7    -2.0      .0     1.5     1.0
      .8      .1    -1.0      .2     1.2     2.7     5.3     4.2     5.4     5.8
     5.5     5.3     5.8     7.3     7.8     7.1     5.6     4.7     4.0     3.2
     2.5     2.2     2.2     2.5     2.8
    -3.4    -3.7    -3.8    -3.3    -2.5    -1.4     -.3     -.4    -1.4    -2.5
    -3.3    -3.7    -4.3    -5.5    -6.0    -6.1    -6.0    -5.1    -3.2    -2.4
    -2.4    -2.5    -2.6    -2.5    -2.4    -1.8    -1.4    -1.2     -.9      .1
    -1.3    -5.2    -4.8    -3.4    -3.1    -3.2    -4.8    -5.3    -4.3    -1.9
     1.4     2.7     2.2     3.9     4.0     4.1     4.4     3.9     4.3     3.9
     2.9     2.4     3.2     4.7     5.1     4.8     4.4     4.2     3.8     3.1
     2.4     2.1     2.1     2.2     2.4
    -3.2    -3.4    -3.4    -3.0    -2.4    -1.6     -.7     -.9    -1.2    -1.4
    -1.4    -1.4    -1.5    -2.0    -3.1    -3.8    -4.2    -4.0    -3.1    -2.6
    -2.5    -2.5    -2.6    -2.5    -2.4    -1.8    -1.5    -1.5    -1.4    -1.0
    -1.6    -2.1      .8     1.3     -.5    -1.7    -5.2    -7.4    -4.6     -.3
     3.7     5.6     6.6     7.8     6.2     4.4     2.7     2.0     2.4     1.5
      .7      .3     1.6     3.2     3.9     4.1     4.0     3.9     3.5     2.8
     2.2     2.0     2.0     2.1     2.2
    -3.0    -3.0    -3.0    -2.8    -2.4    -1.8    -1.2    -1.1    -1.2    -1.2
    -1.1    -1.1    -1.2    -1.2    -1.5    -1.8    -2.2    -2.5    -2.6    -2.5
    -2.4    -2.4    -2.4    -2.4    -2.2    -1.8    -1.7    -1.9    -1.9    -1.7
    -1.0      .3     4.0     4.0     1.6     -.3    -2.1    -3.2    -2.2      .9
     3.6     5.2     8.2    11.0     9.9     4.9     2.2      .9      .7     -.3
     -.7     -.2     1.1     2.8     3.8     4.1     4.1     3.8     3.3     2.5
     2.1     2.0     2.0     2.0     2.1
    -2.9    -2.9    -2.9    -2.7    -2.4    -1.8    -1.3    -1.2    -1.2    -1.2
    -1.2    -1.1    -1.1    -1.2    -1.2    -1.4    -1.6    -1.8    -2.0    -2.0
    -1.9    -1.9    -1.7    -1.5    -1.2    -1.2    -1.6    -2.0    -2.0    -1.8
     -.9     1.3     3.6     3.4     1.4     -.1    -1.1    -1.1      .1     1.9
     2.8     3.5     6.5    10.9     9.4     5.6     2.0      .8      .4     -.4
     -.7     -.1     1.2     2.7     3.8     4.2     4.1     3.7     3.0     2.4
     2.1     2.0     2.0     2.0     2.0
    -2.9    -2.9    -2.9    -2.7    -2.3    -1.7    -1.3    -1.2    -1.2    -1.2
    -1.2    -1.2    -1.2    -1.2    -1.2    -1.3    -1.3    -1.3    -1.2    -1.2
    -1.1    -1.0     -.9     -.9     -.9     -.9    -1.3    -1.8    -2.0    -1.8
    -1.1      .4     1.9     1.9     1.1      .0      .2      .6     2.8     3.3
     3.4     3.2     4.5     8.2     8.1     5.4     3.1     1.7     1.0      .2
     -.1      .2      .8     1.8     2.8     3.5     3.8     3.5     2.8     2.3
     2.1     2.0     2.0     2.0     2.0
    -2.9    -2.9    -2.9    -2.7    -2.3    -1.7    -1.3    -1.2    -1.2    -1.2
    -1.2    -1.2    -1.2    -1.2    -1.2    -1.2    -1.2    -1.0     -.9     -.9
     -.8     -.8     -.8     -.8     -.8     -.8     -.9    -1.3    -1.5    -1.6
    -1.3     -.4      .5      .8      .5      .2     -.1     -.4     1.6     3.3
     5.2     6.9     7.3     7.4     6.5     5.1     3.5     2.3     1.4      .5
     -.4    -1.3    -2.0    -1.8     -.7      .7     1.8     2.2     2.2     2.1
     2.0     2.0     2.0     2.0     2.0
    -2.9    -2.9    -2.9    -2.7    -2.3    -1.8    -1.4    -1.3    -1.2    -1.2
    -1.2    -1.2    -1.2    -1.2    -1.2    -1.1    -1.0     -.9     -.8     -.8
     -.8     -.8     -.8     -.8     -.8     -.8     -.9    -1.0    -1.2    -1.3
    -1.1     -.5      .0      .2      .0     -.7    -1.2    -1.8     -.1     2.6
     5.9     7.8     7.9     7.2     6.2     5.1     3.8     2.3      .8     -.7
    -2.3    -3.8    -4.8    -5.1    -4.6    -3.7    -2.5    -1.2      .1     1.1
     1.8     2.1     2.0     2.0     2.0
    -2.9    -2.9    -2.9    -2.7    -2.3    -1.8    -1.4    -1.3    -1.2    -1.2
    -1.2    -1.2    -1.2    -1.2    -1.2    -1.1    -1.0     -.9     -.8     -.8
     -.8     -.8     -.8     -.8     -.8     -.8     -.8     -.9    -1.0    -1.0
     -.9     -.4      .1      .3      .3      .2     -.2    -1.2     -.6     1.7
     6.0     7.3     7.3     6.5     5.8     4.9     3.5     1.3    -1.0    -3.0
    -4.4    -5.3    -5.9    -6.1    -6.0    -5.7    -5.2    -3.8    -1.6      .9
     2.5     3.0     2.6     2.1     2.0
    -2.9    -2.9    -2.8    -2.7    -2.3    -1.8    -1.4    -1.3    -1.2    -1.2
    -1.2    -1.2    -1.2    -1.2    -1.2    -1.1    -1.0     -.9     -.8     -.8
     -.8     -.8     -.8     -.8     -.8     -.8     -.8     -.8     -.9     -.9
     -.7     -.3      .2      .4      .5      .5      .2      .0      .6     2.4
     4.8     6.3     6.5     6.1     5.5     4.5     2.8      .3    -2.1    -3.9
    -4.7    -5.4    -5.9    -5.9    -6.3    -6.2    -5.2    -3.2      .5     3.9
     5.7     5.6     3.9     2.6     2.0
