diamond 11 10年12月02日08时500百帕流场
10 12 02 08   0   500
  2.000 -2.000  32.0 160.0  80.0  12.0  65  35
    13.8    13.7    13.1    12.0    10.8    10.4    11.1    11.8    11.7    10.4
     8.0     5.0     2.0      .5     -.1      .2      .2      .4      .6      .8
     1.0     1.1     1.4     1.6     1.7     1.7     1.6     1.4      .9      .0
     -.9    -1.6    -1.9    -2.1    -2.3    -2.4    -2.6    -2.6    -2.4    -2.0
     -.9      .7     2.0     2.6     2.3     1.7     1.4     1.3     1.5     1.8
     2.2     2.5     2.6     2.6     2.7     2.8     3.3     3.9     4.4     4.7
     4.8     4.8     4.8     4.7     4.7
    13.9    13.7    13.1    11.9    10.5    10.2    11.3    12.8    13.4    12.7
    10.8     7.7     4.5     1.8     1.0      .5      .5      .8     1.2     1.6
     1.8     1.9     2.1     2.1     2.0     1.9     1.7     1.6     1.2      .5
     -.4    -1.1    -1.5    -1.7    -2.0    -2.4    -2.5    -2.5    -2.2    -1.4
      .2     2.2     3.6     3.8     3.0     2.0     1.4     1.3     1.5     1.8
     2.1     2.4     2.6     2.6     2.7     2.9     3.4     4.0     4.5     4.7
     4.8     4.8     4.7     4.6     4.5
    14.0    13.8    13.1    11.5     9.9     9.5    11.0    13.4    15.3    16.1
    15.8    13.8    10.6     7.1     4.2     2.5     2.0     2.3     2.8     3.1
     3.2     3.1     3.0     2.7     2.3     1.9     1.8     1.7     1.6     1.3
      .8      .4      .0     -.3     -.8    -1.4    -1.8    -1.7     -.7     1.2
     3.7     5.8     6.6     5.9     4.2     2.6     1.6     1.3     1.3     1.6
     1.9     2.3     2.5     2.6     2.7     3.1     3.7     4.3     4.7     4.8
     4.8     4.7     4.5     4.3     4.0
    14.3    14.2    13.3    11.4     9.3     8.6    10.0    12.5    15.2    16.9
    18.0    17.5    15.3    12.6     9.3     6.4     4.5     3.7     3.7     3.7
     3.7     3.6     3.2     2.8     2.3     1.9     1.8     1.7     1.7     1.6
     1.5     1.5     1.4     1.3     1.0      .6      .3      .7     2.3     4.7
     6.9     8.1     8.1     7.0     5.3     3.5     2.2     1.4     1.0     1.1
     1.5     2.0     2.3     2.5     2.8     3.3     4.0     4.5     4.8     4.8
     4.8     4.5     4.0     3.4     2.9
    14.5    14.4    13.3    11.1     9.0     8.3     9.3    11.1    13.3    15.8
    16.5    16.2    14.4    12.2     9.6     7.0     5.0     4.1     3.8     3.8
     3.8     3.6     3.3     2.8     2.3     1.9     1.6     1.5     1.5     1.5
     1.7     1.9     2.0     1.9     1.8     1.7     1.8     2.7     4.6     6.7
     8.2     8.7     8.5     7.7     6.4     4.9     3.4     1.9     1.2     1.0
     1.4     1.7     2.0     2.4     2.8     3.5     4.2     4.8     4.9     4.9
     4.5     3.8     2.7     1.8     1.4
    14.5    14.4    12.5     9.7     7.3     7.1     8.5     9.4     9.9    10.6
    10.9     9.8     7.6     5.7     4.5     4.1     3.9     3.8     3.8     3.8
     3.8     3.6     3.2     2.8     2.3     1.7     1.1      .7      .7      .8
     1.4     2.2     2.7     2.6     2.4     2.3     2.7     4.1     6.1     7.9
     8.8     9.0     8.7     8.1     7.2     6.1     4.7     3.1     1.7     1.2
     1.4     1.6     1.8     2.1     2.5     3.3     4.0     4.7     4.7     4.3
     3.2     1.8      .6     -.2     -.4
    13.5    13.3    10.5     6.3     3.6     4.6     6.5     7.6     6.9     6.2
     5.4     4.1     2.2      .7      .6     1.9     3.2     3.8     4.0     3.8
     3.7     3.5     3.0     2.6     2.2     1.6      .8     -.3     -.3      .8
     2.2     3.6     4.0     3.5     3.2     3.4     4.2     5.6     7.4     8.6
     9.0     9.0     8.9     8.4     7.7     7.0     6.1     4.6     3.0     2.0
     1.7     1.6     1.7     1.8     2.1     2.5     3.1     3.5     3.2     1.8
      .1    -1.3    -2.0    -2.1    -1.8
    10.8    10.7     7.6     1.9     -.6      .7     4.0     4.8     3.5     2.5
     2.1     1.4     -.2    -1.3     -.7      .9     2.8     3.7     4.0     3.8
     3.5     2.9     2.1     1.7     1.8     1.7     1.2      .5     1.1     2.6
     5.5     7.3     7.0     4.7     3.9     4.2     6.0     7.2     7.9     8.5
     8.8     9.3     9.6     9.2     9.0     8.0     7.1     5.8     4.5     3.3
     2.4     1.9     1.7     1.7     1.7     1.9     2.0     1.2     -.4    -2.4
    -3.9    -4.4    -3.9    -3.1    -2.4
     5.7     5.5     4.3     2.5    -1.1    -2.0     -.2     -.7    -2.5    -3.9
    -3.1    -1.6    -1.7    -1.8    -1.1      .3     2.0     3.4     4.0     3.9
     3.2     2.3     1.7     1.9     2.9     3.6     3.8     4.0     5.4     8.5
    12.3    14.3    13.0     8.9     6.8     6.5     7.8     7.8     7.3     7.0
     8.3     8.7     9.2     7.3     7.5     7.5     7.5     6.5     6.0     5.2
     4.2     3.0     2.2     1.8     1.6     1.5     1.2      .1    -2.2    -4.4
    -5.4    -5.4    -4.3    -3.1    -2.2
      .5     -.4     -.3     1.2    -1.1    -5.1    -4.1    -4.4    -6.4    -6.9
    -5.8    -3.1    -1.4    -1.1    -1.0     -.6     1.0     2.9     4.4     4.6
     3.7     2.3      .9     1.5     3.0     4.8     6.3     8.4    10.9    14.5
    18.9    22.5    22.0    17.0    12.5    10.8     9.6     7.6     4.3     2.1
     2.5     4.7     5.4     2.4     2.7     4.4     5.5     6.1     6.3     6.1
     5.6     4.4     3.4     2.6     1.9     1.2      .5    -1.0    -3.1    -5.0
    -5.5    -5.2    -3.7    -2.3    -1.4
    -3.3    -8.2    -7.2    -5.9    -7.8   -10.3    -7.5    -6.4    -6.1    -6.7
    -4.7     -.2     2.8     2.2      .6     -.2      .6     3.0     4.7     5.4
     4.4     3.3     2.3     3.2     5.6     7.6     9.2    11.9    15.0    19.2
    23.7    27.1    28.4    25.4    19.5    15.1    11.6     7.9     3.4     -.5
    -1.4     -.1     1.6      .0      .2     1.4     4.3     5.5     6.0     6.2
     6.2     5.8     5.3     4.5     3.0      .9     -.3    -1.8    -3.7    -5.0
    -5.3    -4.3    -2.6    -1.0     -.1
    -8.3    -9.6   -11.1   -12.3   -12.3   -11.2    -6.1    -4.7    -7.0    -6.6
    -1.9     3.6     6.2     5.5     2.8     1.0    -1.7     1.1     4.0     5.6
     5.4     6.0     7.9     8.4    12.3    17.0    18.8    19.8    21.0    24.0
    26.5    28.6    29.6    27.9    23.6    18.5    13.7     8.5     4.7     2.1
     -.4     -.6     1.4     1.6     1.5     1.8     4.3     5.2     5.4     5.4
     5.8     6.1     6.8     6.5     5.0     2.0      .4    -1.0    -3.0    -4.7
    -4.7    -3.1     -.9      .8     1.3
     2.9     9.2     6.4    -5.2    -8.5     2.4     7.7     6.7      .6    -2.1
      .6     8.4    11.5    10.5     7.4     4.5      .7      .7     4.0     7.1
     7.5    11.2    14.6    17.6    21.6    32.4    35.8    33.0    30.1    28.0
    27.9    27.9    29.2    28.6    25.8    21.8    17.2    11.9     8.9     7.2
     6.9     6.0     5.1     4.7     4.9     5.1     5.3     4.9     4.5     4.4
     5.2     6.4     8.2     9.1     9.1     7.8     6.3     3.8      .1    -2.7
    -2.9     -.9     1.5     2.8     3.1
    20.5    31.1    29.4    18.3    24.7    34.0    39.4    36.5    19.0    10.6
    14.2    21.7    23.3    18.7    13.4     7.9     4.8     4.5     9.3    13.4
    16.1    21.8    30.3    31.3    32.5    45.0    49.1    43.6    36.9    30.0
    26.3    25.2    26.1    27.7    26.3    22.8    19.1    15.7    13.4    12.1
    11.0     9.4     8.1     7.0     6.6     6.7     6.1     6.1     5.9     6.1
     7.3     8.4     9.9    12.3    14.4    17.3    19.5    16.5     9.4     3.0
      .9     2.3     4.7     5.4     5.2
    29.7    35.2    34.3    34.4    43.1    50.8    54.6    50.2    39.9    27.5
    26.3    29.2    27.0    21.3    16.8    12.5    13.0    19.5    28.7    34.1
    36.5    38.8    44.5    45.8    43.9    46.4    46.0    41.3    34.7    29.0
    24.7    23.7    24.0    24.7    24.0    21.9    19.4    17.5    16.5    15.1
    12.5    10.2     8.5     6.2     4.8     6.7     7.9     8.3     9.1    12.2
    14.9    15.1    15.4    16.1    22.2    28.4    32.8    28.8    21.0    11.8
     6.6     5.7     6.7     6.8     6.5
    28.5    29.7    32.2    34.6    42.5    47.5    49.4    51.3    49.6    42.3
    39.4    36.3    28.7    22.7    19.5    21.9    29.4    42.6    51.0    50.7
    49.9    49.8    52.8    52.2    45.0    39.5    35.4    32.5    31.0    27.9
    25.1    23.3    22.8    23.0    22.4    20.8    18.6    17.1    17.4    16.8
    13.3    10.3     7.6     3.4     1.3     5.1    12.6    14.5    17.7    23.9
    25.6    23.4    21.8    24.0    31.0    35.0    38.0    35.7    29.3    20.5
    13.4     9.4     7.7     6.9     6.5
    24.7    26.1    28.0    29.8    32.8    36.8    39.4    41.0    41.1    45.5
    46.8    41.8    31.1    25.2    26.4    33.8    44.9    55.7    57.9    55.2
    50.3    48.4    44.2    38.2    32.3    27.6    26.6    25.7    25.8    26.7
    25.0    23.1    21.8    21.7    20.9    19.2    17.2    15.8    15.7    16.2
    12.9     9.6     7.5     2.8     6.8    14.4    19.2    21.7    27.0    30.6
    26.1    22.7    21.6    22.8    29.7    31.9    36.7    35.9    32.8    26.5
    19.6    13.4     9.3     7.2     6.5
    23.2    25.2    26.3    25.6    26.5    28.6    31.1    33.2    36.8    43.9
    50.0    48.8    40.2    33.2    32.2    39.1    48.3    54.8    51.5    44.7
    37.5    34.9    31.1    24.9    20.6    19.0    19.8    18.7    18.2    22.3
    23.0    19.5    18.6    18.5    17.7    16.6    16.2    15.5    13.9    12.0
    10.9     8.0     7.8     9.8    15.5    19.4    23.9    25.9    27.9    29.5
    23.2    20.5    18.0    17.0    15.8    21.9    28.2    31.6    31.5    27.8
    22.4    16.0    10.6     7.4     6.4
    22.8    25.7    27.8    26.8    25.5    24.0    25.6    30.3    33.7    42.2
    48.4    49.3    44.5    38.2    35.3    36.7    39.6    39.1    33.3    24.8
    20.8    19.9    20.1    17.6    15.2    14.6    14.9    11.7     9.2    15.2
    16.3    14.5    15.7    16.7    13.4    14.6    18.9    19.9    13.6    11.3
     9.6     9.1    10.6    14.1    18.4    21.5    25.0    25.0    21.8    19.4
    18.4    17.7    15.8    13.6    12.3    13.5    15.3    21.9    23.6    22.6
    19.4    14.8    10.2     7.3     6.4
    21.9    24.5    27.1    28.2    26.6    24.5    24.8    28.0    31.6    36.0
    40.0    40.9    38.5    34.8    31.6    29.5    27.7    24.9    20.8    15.8
    14.1    13.5    14.4    13.1    11.7    12.0    12.1    10.2     7.4     9.6
    10.0     9.7    11.9    14.1    12.7    15.5    22.0    26.0    20.1    10.2
     7.5    10.6    12.5    16.5    26.6    29.2    25.5    21.0    16.3    14.6
    13.7    14.5    12.4     9.5     8.3     8.7     9.8    11.4    13.0    13.5
    12.8    11.0     8.6     6.9     6.2
    20.4    22.4    26.0    28.1    27.8    26.0    24.5    23.9    22.6    21.8
    21.7    22.1    22.4    22.5    22.5    22.1    21.0    19.3    17.0    14.9
    11.5    10.9     9.7     8.6     8.1     9.1    10.1     9.1     6.8     7.1
     7.1     5.3     8.3    11.5    12.3    15.9    21.5    25.3    24.0    17.1
    17.2    20.2    17.5    16.6    27.1    26.7    22.2    17.1    12.8    11.7
    11.7    11.2     9.0     5.6     4.6     4.6     5.1     5.9     7.1     7.8
     8.1     7.8     7.1     6.4     6.1
    17.8    19.3    22.2    24.0    24.2    22.8    20.7    18.5    16.4    15.0
    14.5    14.7    15.0    15.4    16.0    16.7    17.1    16.7    15.5    13.4
    10.4     7.5     6.2     5.6     5.7     6.6     7.6     6.2     5.9     6.3
     6.4     4.6     5.6     7.8     7.5    10.4    17.8    21.8    29.3    33.0
    37.3    41.3    32.0    18.6    21.5    18.9    17.7    15.4    12.8    11.0
    10.3     9.9     8.3     4.5     2.0     1.7     2.5     3.5     4.6     5.3
     5.6     5.9     6.1     6.1     6.1
    12.5    12.4    12.7    13.1    13.3    13.5    14.0    13.9    13.7    13.5
    13.5    13.5    13.6    13.6    13.7    14.3    15.6    15.7    14.5    12.5
     8.6     5.5     4.7     3.0     2.6     3.1     4.6     4.7     5.4     6.4
     5.7     5.5     5.9     6.5     5.5     6.5    13.7    19.7    29.9    38.9
    36.6    36.0    32.9    22.9    20.2    19.1    21.4    18.2    15.1    11.1
     9.0     9.0     8.9     6.5     2.3     -.4      .9     1.7     3.4     4.3
     4.9     5.4     5.9     6.1     6.1
     4.8     2.7     1.5     1.8     2.5     3.6     9.5    12.8    13.5    13.5
    13.5    13.5    13.5    13.6    13.8    14.9    16.7    17.2    15.7    11.7
     7.9     4.8     3.7     2.5     2.4     2.5     3.7     4.8     5.1     5.4
     5.5     6.0     7.8     9.2    10.8    10.3    11.2    13.1    16.7    20.7
    18.3    16.6    16.1    16.2    15.2    14.5    16.8    21.2    16.9    11.7
     9.3     8.4     8.5     8.6     6.6     5.6     5.1     5.2     5.3     5.6
     5.7     5.9     6.1     6.1     6.2
     -.1    -1.5    -2.1    -1.7    -1.0      .3     6.3    11.9    13.4    13.5
    13.5    13.5    13.5    13.6    14.0    15.6    17.3    17.7    16.5    11.9
     6.8     3.9     2.1     2.4     3.6     4.0     5.2     5.4     4.9     4.3
     4.6     5.4     6.5     6.7     7.7     8.7     8.6     9.4    10.9    11.5
    10.7     9.8    11.2    14.5    14.2    13.2    14.4    17.9    16.7    13.5
    12.0     9.4     8.6    10.1    10.6    10.2     9.0     8.6     8.3     7.5
     6.7     6.3     6.2     6.2     6.2
    -1.4    -2.5    -2.6    -2.0    -1.6     -.6     4.0    10.4    13.0    13.5
    13.5    13.5    13.6    13.7    14.1    15.8    17.4    17.7    16.8    12.4
     5.8     2.9     2.6     4.3     4.9     6.1     5.9     5.5     5.1     4.3
     4.3     4.8     4.9     4.1     4.4     4.9     5.4     8.5    10.1     9.3
     9.2     9.2    11.7    16.7    18.9    20.6    18.9    16.7    14.3    13.8
    13.6    11.1    10.1    10.5    11.1    11.1    10.8    10.6     9.9     8.5
     7.2     6.5     6.3     6.3     6.2
    -1.8    -2.1    -2.1    -1.8    -1.4     -.3     4.5    10.3    13.0    13.5
    13.5    13.5    13.6    13.7    14.2    15.8    17.4    17.8    17.4    14.9
     9.0     5.1     6.0     8.0     9.6     9.7     6.5     5.7     6.8     6.9
     6.7     5.0     5.2     7.0     8.3     7.2     6.2     7.9     9.1    10.1
    13.8    16.9    19.1    24.5    27.8    31.0    27.7    15.2    12.7    12.5
    12.3    11.6    10.8    11.0    11.3    11.4    11.4    11.1    10.1     8.6
     7.1     6.5     6.3     6.3     6.3
    -1.7    -1.8    -1.8    -1.5     -.5     1.9     8.2    12.4    13.5    13.5
    13.5    13.5    13.7    13.8    14.2    15.6    17.4    17.9    17.8    16.9
    13.5     8.9    10.6    11.5    12.8    12.1     6.7     6.4    11.4    18.8
    18.4    10.9    12.6    19.4    18.1    16.6    14.5    14.1    17.4    20.6
    25.4    28.8    29.1    30.8    30.7    26.2    15.6     7.7     9.8    11.6
    12.0    11.7    11.3    11.3    11.5    11.5    11.4    10.9     9.7     8.1
     6.8     6.3     6.2     6.3     6.3
    -1.7    -1.7    -1.6    -1.0     1.2     5.6    11.5    13.4    13.6    13.6
    13.5    13.6    13.7    13.8    14.0    14.9    17.1    17.8    17.9    17.5
    15.6    13.1    13.7    14.2    13.9    11.1     6.5     -.2    10.0    21.1
    25.3    24.4    25.9    25.8    22.8    22.4    23.4    23.8    25.0    26.2
    27.3    27.2    26.2    27.1    26.5    20.6    11.1     4.2     7.6    10.3
    11.5    11.4    11.4    11.5    11.5    11.5    11.2    10.5     9.0     7.5
     6.5     6.3     6.2     6.3     6.3
    -1.7    -1.7    -1.5     -.4     2.8     8.1    12.5    13.5    13.6    13.6
    13.5    13.6    13.7    13.9    14.1    14.9    16.7    17.7    17.7    16.8
    13.5    11.2    11.2    11.4    11.1     9.2     5.8     4.0     6.6    18.0
    26.8    25.1    23.4    20.9    18.3    20.6    23.1    23.8    23.7    22.4
    21.3    18.4    17.5    18.6    16.6    12.4     5.4     2.0     6.5     9.9
    11.2    11.3    11.1    11.1    11.2    11.3    11.0    10.0     8.4     7.1
     6.4     6.2     6.3     6.3     6.3
    -1.7    -1.7    -1.4      .0     3.4     8.7    12.7    13.5    13.6    13.6
    13.6    13.7    13.8    13.9    14.0    14.5    16.1    17.4    17.3    14.7
     9.4     6.4     6.0     6.2     5.9     5.4     5.0     4.7     6.8    13.4
    18.7    17.6    13.3    10.6    12.2    14.3    17.8    17.3    15.5    13.3
    12.4     8.8     6.5     9.1     7.0     4.6     3.0     2.4     4.8     8.3
    10.2    10.0     8.9     8.4     8.9     9.8    10.1     9.4     8.1     6.9
     6.4     6.3     6.3     6.3     6.3
    -1.7    -1.7    -1.4      .1     3.7     8.9    12.7    13.5    13.6    13.6
    13.6    13.7    13.9    13.9    14.0    14.3    15.9    17.2    16.0    10.7
     4.7     2.2      .9     2.1     2.4     2.0     3.3     4.0     4.3     6.6
     9.2     8.5     6.4     5.3     6.7     9.4    10.7    10.0     6.3     4.1
     3.6     3.0     2.3     2.2     1.7     1.1     1.1     1.7     3.7     6.2
     6.7     4.3     1.2     -.1     1.1     3.7     5.9     6.8     6.7     6.5
     6.3     6.3     6.3     6.3     6.3
    -1.7    -1.7    -1.4      .1     3.6     8.3    11.8    13.3    13.6    13.7
    13.7    13.7    13.8    13.9    14.0    14.5    15.2    14.9    12.2     7.6
     3.4     1.1     -.2      .0      .8     1.0     1.1      .3     -.9    -1.5
    -1.0     -.1     1.1     2.0     3.1     4.0     3.2     2.0      .1    -1.0
     -.9    -1.1     -.7      .1     -.4    -1.4    -2.2    -2.4    -1.5     -.6
    -1.3    -3.9    -6.8    -8.1    -7.4    -5.5    -3.0     -.4     2.1     4.3
     5.6     6.2     6.3     6.3     6.3
    -1.7    -1.7    -1.3      .2     3.7     8.2    11.7    13.3    13.6    13.7
    13.7    13.8    13.8    13.9    13.9    14.2    14.5    13.5    10.2     5.9
     2.6      .9      .2      .2      .6      .7     -.1    -1.8    -4.1    -5.9
    -6.9    -5.8    -3.2     -.8      .1    -1.7    -4.6    -5.6    -5.1    -4.0
    -3.4    -3.0    -2.2    -2.0    -3.4    -5.9    -7.9    -8.6    -8.4    -8.2
    -8.5    -9.3   -10.1   -10.4   -10.3    -9.8    -8.7    -6.9    -3.8      .2
     3.5     5.4     6.0     6.2     6.3
    -1.7    -1.7    -1.2      .4     3.8     8.1    11.5    13.2    13.6    13.7
    13.7    13.8    13.8    13.8    13.9    14.0    14.0    12.6     9.4     5.6
     2.6     1.1      .5      .4      .5      .4     -.6    -2.5    -5.0    -7.3
    -8.0    -7.4    -5.4    -3.6    -3.3    -5.2   -10.1   -11.5   -11.1    -7.4
    -5.9    -4.6    -3.9    -3.9    -5.5    -8.7   -10.5   -11.1   -10.2   -10.2
   -10.3   -10.5   -10.6   -10.4   -10.6   -10.5   -10.2    -9.1    -6.6    -2.6
     1.3     4.1     5.5     6.1     6.3
    -8.0    -8.3    -9.1   -11.0   -13.6   -16.5   -19.5   -22.0   -23.6   -24.5
   -25.0   -25.4   -25.8   -25.9   -26.0   -25.9   -25.5   -24.6   -23.3   -22.2
   -21.2   -19.1   -14.7    -8.6    -3.3      .2     1.9     2.7     3.3     4.1
     4.9     5.6     6.0     6.2     6.5     6.6     6.8     6.8     6.6     6.4
     5.8     5.1     4.6     4.7     5.5     6.3     6.9     7.5     8.6    10.5
    12.5    14.0    14.6    14.8    14.8    14.6    14.3    13.8    13.4    13.2
    13.2    13.2    13.1    13.1    13.1
    -8.0    -8.2    -8.9   -10.7   -13.2   -16.1   -19.0   -21.7   -23.4   -24.3
   -24.8   -25.2   -25.5   -25.8   -25.8   -25.5   -24.5   -22.5   -20.3   -18.7
   -17.4   -15.0   -10.5    -5.0     -.7     1.5     2.3     2.6     2.9     3.6
     4.3     4.9     5.3     5.7     6.1     6.5     6.7     6.7     6.5     6.1
     5.3     4.3     3.7     4.0     5.0     6.1     6.8     7.3     8.3    10.1
    12.2    13.8    14.7    14.9    14.9    14.6    14.2    13.7    13.4    13.2
    13.2    13.1    13.1    13.0    12.9
    -7.8    -8.0    -8.7   -10.3   -12.6   -15.2   -18.0   -20.9   -23.0   -24.1
   -24.6   -24.9   -24.9   -25.0   -24.8   -23.3   -20.3   -16.5   -13.4   -11.6
   -10.6    -8.8    -5.4    -1.5     1.0     2.1     2.4     2.5     2.6     2.7
     2.9     3.1     3.4     3.8     4.4     5.2     5.8     5.9     5.5     4.6
     3.4     2.4     2.1     2.7     4.0     5.4     6.4     7.0     7.7     9.1
    11.0    12.9    14.3    14.8    14.8    14.4    14.0    13.5    13.3    13.2
    13.2    13.1    12.9    12.6    12.3
    -7.3    -7.5    -8.2    -9.9   -12.1   -14.2   -16.6   -19.5   -22.2   -23.9
   -24.9   -24.9   -24.3   -23.7   -22.2   -19.1   -15.0   -11.4    -9.4    -8.6
    -8.2    -6.7    -3.9     -.7     1.3     2.1     2.4     2.4     2.4     2.3
     2.1     1.9     1.7     1.7     1.9     2.2     2.8     3.3     3.1     2.4
     1.7     1.2     1.1     1.7     2.8     4.3     5.7     6.7     7.5     8.1
     9.1    10.8    12.6    13.8    14.3    14.1    13.7    13.4    13.2    13.2
    13.1    12.9    12.3    11.7    11.2
    -7.3    -7.2    -8.0    -9.8   -11.7   -13.2   -14.7   -17.1   -20.0   -22.7
   -23.6   -23.5   -22.5   -21.2   -18.8   -15.1   -11.4    -9.1    -8.3    -8.1
    -7.8    -6.4    -3.7     -.6     1.3     2.1     2.3     2.4     2.4     2.3
     2.2     2.0     1.8     1.6     1.0      .9     1.1     1.4     1.3     1.1
      .8      .7      .7      .8     1.2     2.4     4.1     6.1     7.1     7.2
     6.9     7.4     8.8    10.5    12.0    12.8    13.1    13.4    13.4    13.3
    12.8    12.1    11.0    10.0     9.5
    -7.4    -7.3    -8.7   -10.5   -12.5   -13.2   -13.3   -14.5   -16.8   -18.7
   -19.6   -19.1   -18.0   -16.7   -14.7   -11.9    -9.5    -8.4    -8.1    -8.1
    -7.8    -6.3    -3.5     -.5     1.3     2.1     2.2     2.1     2.1     2.2
     2.5     3.2     3.7     3.8     3.1     1.8     1.2     1.1     1.0      .8
      .7      .6      .5      .1      .0      .7     2.2     4.3     6.0     6.0
     4.7     4.0     4.3     5.6     7.5     9.5    11.2    12.6    13.0    12.7
    11.5    10.2     8.8     7.9     7.6
    -9.2    -9.1   -10.4   -12.7   -14.4   -14.2   -13.5   -13.4   -14.4   -15.4
   -15.8   -15.6   -15.2   -14.5   -13.0   -10.7    -8.9    -8.2    -8.1    -8.0
    -7.5    -5.8    -3.1     -.4     1.3     2.0     2.0     1.6     1.6     2.2
     3.4     5.4     7.8     9.4     8.5     6.1     3.8     2.4     1.4      .9
      .8      .8      .4     -.6    -1.0     -.9      .1     2.0     3.5     3.7
     3.1     2.5     2.4     2.9     3.8     5.4     7.5     9.4    10.6    10.0
     8.6     7.2     6.3     5.9     6.0
   -10.8   -11.2   -12.1   -15.0   -16.4   -15.9   -14.2   -13.6   -14.0   -14.5
   -14.6   -14.6   -14.8   -14.1   -12.4   -10.4    -8.8    -8.2    -8.0    -7.7
    -6.7    -4.7    -2.3     -.2     1.2     2.0     2.2     2.0     2.2     2.9
     4.6     6.9     9.8    12.9    13.1    10.9     7.0     4.0     2.0     1.3
     1.3     1.5      .6    -1.6    -3.3    -2.7    -1.7     -.5      .2      .8
     1.2     1.7     2.0     1.8     1.6     1.6     2.4     3.8     4.9     5.3
     4.9     4.5     4.5     4.8     5.2
   -11.0   -11.0   -11.9   -13.6   -15.5   -16.1   -14.8   -14.1   -14.1   -14.6
   -14.6   -14.2   -14.0   -13.0   -11.1    -9.4    -8.4    -8.0    -7.7    -6.9
    -5.3    -3.0     -.9      .7     2.1     3.0     3.5     3.7     4.0     5.1
     6.0     6.8     7.9    10.7    11.1     9.6     5.7     2.9     1.4     1.1
     2.3     2.5     1.6    -1.4    -3.4    -3.5    -3.2    -2.6    -3.6    -3.5
    -2.2      .1     1.4     1.7     1.3     1.1     1.3     1.5     2.2     2.8
     3.2     3.5     3.9     4.6     5.3
   -11.6   -11.8   -12.2   -12.6   -13.9   -15.4   -14.5   -13.8   -14.1   -14.1
   -13.8   -12.5   -11.3   -10.1    -9.1    -8.4    -8.2    -7.8    -6.8    -5.4
    -3.4    -1.4     -.4      .7     2.1     3.7     4.9     5.9     6.7     7.0
     6.5     4.0     1.7     3.2     4.7     4.1     2.4      .3     -.7    -1.2
     -.4     1.2     1.6      .6     -.9    -2.1    -2.3    -2.9    -4.7    -5.2
    -4.3    -1.3     1.2     2.4     2.6     2.6     2.5     2.0     1.1      .9
     1.8     2.7     3.6     4.9     5.8
   -12.6   -14.0   -13.9   -13.7   -14.3   -14.9   -13.6   -12.5   -12.3   -12.5
   -11.3    -8.6    -6.2    -6.3    -7.4    -8.5    -9.5    -8.9    -7.4    -5.0
    -2.4     -.4      .2     1.2     3.4     5.6     6.9     7.8     8.2     8.2
     6.9     2.8    -4.1    -5.8    -3.3    -2.2    -1.8    -2.1    -1.6    -3.2
    -2.9    -1.3      .2     1.2     1.0      .5     -.8    -1.7    -3.4    -4.3
    -3.5     -.4     2.5     4.0     4.5     5.0     4.8     3.5      .6     -.3
      .0     1.4     3.0     5.0     6.1
   -14.0   -15.6   -15.4   -14.2   -14.8   -14.6   -12.3   -10.0    -8.9    -8.7
    -7.5    -4.6    -3.4    -4.3    -7.2   -11.0   -16.2   -13.9    -9.7    -5.2
    -1.3     1.2     2.5     1.9     6.5    11.5    13.5    13.1    11.2    10.3
     7.6     2.8    -5.3    -9.3   -10.4    -9.6    -7.9    -5.5    -4.4    -3.9
    -4.2    -2.4     -.9      .5     1.7     2.3      .6     -.3    -1.0    -1.2
      .0     2.2     3.8     4.4     4.6     5.4     5.2     3.2      .7    -1.2
    -1.3     -.2     1.6     3.9     6.9
   -12.8   -13.9   -13.1   -13.0   -13.1   -14.1   -13.4   -11.2    -8.9    -6.7
    -4.0    -1.8    -1.3    -3.8    -8.2   -12.4   -17.6   -16.9   -10.7    -3.1
     2.5     6.7     6.1     6.6    10.2    22.2    25.6    21.8    16.3    10.7
     7.0      .9    -6.5   -10.7   -13.7   -15.6   -15.3   -12.1   -10.6    -8.9
    -4.1     -.3     1.3     3.4     6.1     5.9     3.6     2.0     1.4     1.3
     2.5     3.8     3.8     2.7     1.8     1.6     1.4      .8     -.5    -1.4
    -1.8    -1.6     -.7     3.0     4.3
   -11.6   -11.9   -13.4   -12.3   -12.7   -14.4   -16.6   -17.4   -12.1    -6.4
     -.2     6.3     4.2    -4.3    -9.2   -12.3   -15.0   -15.2    -7.9      .1
     7.5    13.8    20.7    19.4    19.1    31.4    34.4    27.5    17.6     8.0
     1.9    -2.1    -6.8   -11.7   -15.2   -18.3   -19.3   -18.1   -18.4   -13.8
    -4.1      .7     2.9     6.4     8.7    10.0     6.7     6.0     5.8     5.3
     5.6     5.1     3.1      .2    -2.5    -4.7    -6.1    -5.8    -4.2    -3.0
    -2.7    -3.1    -4.0    -2.7     -.8
    -7.7   -13.4   -13.1   -14.7   -10.4   -12.6   -17.7   -19.0   -16.2    -7.9
     -.6     5.0     -.4    -9.8   -11.6   -11.5    -9.7    -5.2     1.2     7.6
    12.6    19.1    29.9    33.4    30.8    31.4    28.1    18.8     8.1     1.3
    -1.4    -3.5    -7.3   -13.3   -18.9   -19.5   -19.0   -17.8   -16.4   -12.3
    -3.5      .2     -.1      .1     2.1     7.3     8.5    11.0    11.9    11.5
    10.7     7.7     2.9    -1.9    -7.0   -10.6   -13.0   -10.9    -8.0    -5.0
    -3.9    -4.4    -5.7    -5.0    -4.0
    -2.6    -2.2    -4.0    -2.9    -4.8    -8.5   -14.4   -16.9   -16.0   -11.1
    -6.6    -1.1    -7.2   -13.7   -15.7    -8.4    -1.4     6.6    12.2    13.9
    15.9    20.7    31.3    36.6    30.5    23.3    14.4     5.6    -1.7    -2.6
    -2.2    -3.7    -8.4   -17.1   -21.7   -22.4   -18.9   -16.2   -13.4    -9.8
    -4.2    -2.4    -4.0    -7.4    -7.4     1.4    13.9    16.3    18.4    18.2
    16.1    11.9     5.2    -2.2    -9.6   -12.2   -13.3   -11.2    -8.6    -5.9
    -4.7    -4.9    -5.3    -4.9    -4.2
     4.1     7.2     7.0     4.1     1.2    -4.1    -9.3   -11.0    -9.4   -11.3
   -12.0   -11.8   -14.9   -17.1   -12.9    -3.8     6.2    13.5    15.8    15.7
    13.8    14.8    16.6    16.9    15.0    10.7     7.5      .8    -2.2    -1.4
     -.3    -2.7    -8.7   -17.8   -22.4   -22.4   -18.6   -16.2   -14.5   -11.8
   -10.1    -8.4    -6.5    -8.6     2.5    18.4    25.6    23.5    21.9    19.5
    16.6    12.9     7.3      .8    -4.7    -7.2    -8.0    -7.9    -6.8    -5.5
    -4.7    -4.5    -4.6    -4.4    -4.2
     4.7     4.5     5.1     6.2     4.1     -.3    -4.1    -4.9    -6.1    -9.9
   -14.0   -15.2   -14.4   -13.8    -9.7     -.6     8.4    13.8    13.6    11.7
     9.1     8.0     5.8     5.4     4.4     4.3     4.5     1.0    -2.0     1.3
     2.5    -1.8    -8.2   -16.3   -21.0   -21.7   -20.1   -18.6   -17.6   -16.9
   -16.5   -17.3   -11.8     -.8    16.8    27.4    32.2    28.0    22.7    17.8
    14.3    11.7     8.1     3.0     -.6    -2.9    -4.3    -5.0    -5.2    -4.8
    -4.3    -4.1    -3.9    -3.9    -3.9
     2.4      .5      .4     1.8     2.3     1.3     -.8    -3.0    -4.1    -9.3
   -13.1   -14.4   -13.4   -11.4    -7.3     -.3     5.9     8.2     6.9     4.1
     2.6     1.6      .5      .6     1.9     3.5     4.1     -.4    -3.2      .5
     1.4    -2.0   -10.0   -17.9   -20.1   -22.7   -23.8   -23.4   -17.7   -18.0
   -17.5   -16.2    -9.1     8.7    25.1    30.4    28.7    24.2    17.3    11.4
     9.9     9.9     8.0     4.4     1.8      .4     -.5    -1.8    -2.5    -2.6
    -2.6    -2.8    -3.1    -3.4    -3.5
     -.7    -1.9    -2.2    -1.7     -.5      .0     -.7    -2.4    -4.5    -7.6
   -10.4   -11.3   -10.6    -8.9    -5.6     -.9     2.7     3.6     2.6      .9
      .1     -.6    -1.0     -.4     1.2     4.3     4.4     -.3    -2.6     -.5
      .7     -.6    -7.4   -13.9   -17.2   -21.6   -24.2   -27.3   -23.1   -17.2
   -14.9   -17.6    -7.6    13.3    22.3    23.6    20.1    15.6    10.4     6.9
     5.3     7.5     7.1     5.3     3.7     2.8     2.3     1.8     1.2      .8
      .2     -.6    -1.8    -2.7    -3.1
    -1.6    -2.1    -2.7    -2.7    -2.2    -1.7    -1.8    -2.9    -3.9    -4.9
    -5.6    -5.9    -5.9    -5.4    -3.6    -1.0     1.1     1.7     1.2      .6
     -.6     -.9    -1.3    -1.1      .1     3.6     5.0      .3    -1.2      .0
     2.1     2.5    -3.2    -8.8   -14.0   -20.7   -23.9   -26.0   -23.8   -16.8
   -11.2   -11.5    -1.7    12.7    16.6    16.7    13.1    10.2     8.4     7.1
     7.2     6.6     5.7     5.5     4.7     4.2     3.6     3.8     3.2     2.8
     2.2     1.1     -.6    -2.0    -2.7
    -1.7    -2.1    -2.4    -2.6    -2.5    -2.5    -2.8    -3.3    -3.7    -3.8
    -3.9    -3.9    -4.0    -3.8    -3.1    -1.7     -.3      .4      .5      .0
     -.8    -1.8    -2.2    -2.3    -1.3      .7     2.0     -.2     -.6      .9
     2.4     2.8     -.4    -4.6    -2.9    -5.9   -17.8   -21.3   -20.6   -15.1
    -7.9      .0     5.9     8.9     9.5    11.7    10.6    12.8    15.1    18.2
    12.7     7.5     3.2     3.6     4.8     4.9     4.5     4.1     3.7     3.2
     2.6     1.4     -.2    -1.6    -2.3
    -1.7    -2.1    -2.2    -2.3    -2.5    -2.8    -3.4    -3.6    -3.6    -3.6
    -3.6    -3.6    -3.6    -3.6    -3.6    -3.3    -2.5    -1.6     -.6     -.4
    -1.3    -2.3    -2.8    -3.8    -3.9    -3.2    -1.6    -1.6      .3     2.4
     2.7     2.6      .0    -2.5     5.4     7.1    -6.1   -17.2   -17.0   -11.7
    -5.2      .5     -.9    -4.9     2.6     7.4    13.9    15.9    17.0    15.5
    11.9     5.4      .8      .2     3.0     5.1     4.3     4.1     3.3     2.6
     1.7      .5     -.6    -1.6    -2.0
    -2.1    -2.2    -2.4    -2.4    -2.5    -2.8    -3.3    -3.6    -3.6    -3.6
    -3.6    -3.6    -3.7    -3.8    -4.0    -4.7    -5.4    -5.5    -4.1    -1.7
     -.6    -1.1    -1.9    -3.3    -3.7    -3.6    -2.2     -.2     2.4     4.0
     4.7     3.3     1.8    -2.0    -3.7    -3.8    -6.8   -11.0   -11.9   -10.1
    -8.4    -5.8    -7.7    -7.2     -.7     5.0    10.9    16.5    14.2     8.4
     3.5     4.9     1.5    -1.1     -.4      .2     1.2     1.6     1.7     1.0
      .1     -.7    -1.3    -1.6    -1.9
    -2.3    -2.4    -2.5    -2.5    -2.5    -2.6    -3.1    -3.5    -3.6    -3.6
    -3.7    -3.9    -4.5    -5.0    -5.6    -6.0    -6.3    -6.4    -5.5    -2.5
      .4      .7      .2     -.1     -.6    -1.1     -.8      .0     3.0     6.4
     7.1     5.8     1.1    -4.2    -7.0    -7.8    -7.4    -6.7    -7.8    -9.0
   -10.8   -10.1    -6.6    -2.8     1.5     6.4    11.6    11.7     8.5     4.6
     3.0     4.4     2.9    -1.1    -2.6    -2.2     -.4      .5      .4     -.1
     -.9    -1.4    -1.6    -1.7    -1.8
    -2.4    -2.5    -2.5    -2.5    -2.5    -2.6    -3.0    -3.6    -3.8    -4.0
    -4.5    -5.2    -5.8    -6.4    -6.8    -6.7    -6.5    -6.4    -5.8    -3.1
     -.1      .6      .7     1.1     1.0      .6     -.7     -.4     2.2     5.1
     7.2     7.3     2.0    -5.8    -7.3    -1.2    -1.3    -3.1    -5.1    -7.8
   -10.6   -10.7    -4.4     1.4     4.8     8.1    10.3     7.9     5.8     4.4
     3.9     3.7     2.6      .2    -1.1     -.7      .2      .6      .3     -.4
    -1.1    -1.6    -1.7    -1.7    -1.7
    -2.5    -2.5    -2.5    -2.5    -2.5    -2.7    -3.6    -4.6    -5.1    -5.3
    -5.7    -5.8    -6.2    -7.0    -7.6    -7.3    -6.7    -6.5    -6.2    -4.7
    -1.6      .5     1.6     2.2     2.6     1.9     -.4     -.5     1.2     3.3
     5.3     6.2     2.5    -4.6    -1.2     2.4     1.8    -1.6    -4.5    -4.9
    -6.4    -3.1     3.2     8.0    10.4    11.9    10.9     6.3     5.0     4.4
     4.2     3.9     3.0     1.4      .8      .8     1.0      .9      .4     -.5
    -1.2    -1.6    -1.7    -1.7    -1.7
    -2.5    -2.5    -2.5    -2.5    -2.8    -3.4    -4.9    -5.9    -6.1    -6.0
    -5.8    -6.0    -6.7    -7.6    -8.3    -7.6    -6.7    -6.5    -6.4    -5.8
    -3.4      .1     2.6     3.1     3.4     2.8      .0     -.7      .0     1.4
     2.6     3.2      .7    -2.4    -1.3     -.4     -.5    -1.2      .1     1.7
     3.9     8.2    11.2    13.3    14.4    12.7     7.1     3.1     4.1     4.4
     4.3     3.9     3.1     2.0     1.4     1.2     1.2      .8      .1     -.8
    -1.4    -1.7    -1.7    -1.7    -1.7
    -2.5    -2.5    -2.5    -2.6    -3.2    -4.3    -5.8    -6.3    -6.3    -6.1
    -5.8    -6.1    -7.0    -7.8    -8.5    -8.1    -6.9    -6.6    -6.5    -6.0
    -3.7      .5     2.8     2.9     2.6     1.7     1.2     -.6     -.7     -.2
      .3     -.2    -3.6    -5.2    -5.1    -4.7    -3.5     -.5      .8     2.5
     5.6    11.9    12.3    13.2    14.8    12.6     7.0     2.2     3.3     3.9
     4.2     3.8     3.1     2.1     1.5     1.2     1.0      .5     -.3    -1.1
    -1.6    -1.7    -1.7    -1.7    -1.7
    -2.5    -2.5    -2.5    -2.8    -3.6    -5.0    -6.1    -6.3    -6.3    -6.1
    -5.9    -6.1    -7.2    -8.3    -8.6    -8.2    -7.1    -6.6    -6.4    -5.6
    -2.7      .3      .9      .8      .8     1.1     1.7      .6     -.6     -.7
     -.8    -2.0    -4.1    -5.3    -6.0    -5.7    -4.1    -2.1     -.8     1.3
     4.5    11.0    12.1    10.8    13.8    12.0     5.1     2.0     3.3     4.0
     4.1     3.8     3.1     2.2     1.5     1.1      .8      .3     -.5    -1.3
    -1.6    -1.7    -1.7    -1.7    -1.7
    -2.5    -2.5    -2.5    -2.9    -3.8    -5.1    -6.1    -6.3    -6.4    -6.3
    -6.3    -6.8    -7.8    -8.4    -8.6    -8.2    -7.2    -6.6    -6.2    -4.7
    -1.4      .5      .7      .7      .9     1.4     2.0     1.3      .4     -.4
    -1.0    -2.0    -3.2    -4.1    -4.8    -5.1    -3.4    -1.5      .5     2.1
     4.0    10.2    13.0     9.1     7.7     6.6     5.5     3.9     3.6     3.9
     4.2     4.1     3.7     2.9     2.1     1.5     1.0      .2     -.6    -1.3
    -1.6    -1.7    -1.7    -1.7    -1.7
    -2.5    -2.5    -2.5    -2.9    -3.8    -5.2    -6.2    -6.4    -6.5    -6.5
    -6.6    -7.2    -8.0    -8.4    -8.4    -7.9    -7.2    -6.5    -5.6    -2.9
      .1      .9     1.0     1.1     1.2     1.7     2.2     2.2     1.3      .3
     -.8    -1.9    -2.7    -3.3    -3.5    -3.0    -1.6      .7     1.0     2.2
     4.8     7.4     7.9     6.5     5.6     5.1     4.9     4.6     4.3     4.4
     4.8     5.2     5.3     5.0     4.2     3.2     2.2     1.0     -.2    -1.2
    -1.6    -1.7    -1.7    -1.7    -1.7
    -2.5    -2.5    -2.6    -2.9    -3.9    -5.1    -6.1    -6.5    -6.6    -6.7
    -6.9    -7.3    -7.7    -8.0    -8.0    -7.7    -6.9    -5.7    -3.9    -1.6
      .3     1.0     1.1     1.3     1.5     1.7     1.9     1.8     1.5      .8
     -.1    -1.0    -1.9    -2.5    -2.3    -1.0      .9     3.1     3.7     4.3
     6.0     7.4     7.0     5.8     4.5     3.8     3.5     3.2     3.2     3.9
     5.0     6.2     6.8     6.9     6.5     5.9     4.8     3.3     1.4     -.4
    -1.4    -1.7    -1.7    -1.7    -1.7
    -2.5    -2.5    -2.6    -3.0    -3.9    -5.2    -6.1    -6.6    -6.8    -6.9
    -7.1    -7.4    -7.7    -7.9    -7.9    -7.5    -6.6    -5.1    -3.0     -.8
      .6     1.1     1.3     1.4     1.6     1.8     1.8     1.5     1.2      .8
      .6      .1     -.7    -1.3    -1.1      .3     2.1     4.1     5.0     5.9
     7.0     7.1     6.5     4.8     3.2     1.8      .9      .7     1.2     2.6
     4.7     6.4     7.2     7.4     7.3     7.2     6.7     5.3     2.9      .1
    -1.7    -2.4    -2.2    -1.8    -1.7
    -2.5    -2.5    -2.6    -3.0    -4.0    -5.2    -6.1    -6.7    -6.9    -7.0
    -7.2    -7.4    -7.7    -7.9    -7.8    -7.3    -6.3    -4.7    -2.7     -.7
      .6     1.2     1.3     1.5     1.6     1.7     1.7     1.4     1.0      .9
      .7      .5      .0     -.4      .0     1.2     2.5     3.5     4.1     4.9
     5.9     6.4     5.7     4.2     2.4      .5     -.4     -.5      .8     2.4
     4.5     6.3     7.2     7.4     7.4     7.4     6.7     4.8     1.3    -2.1
    -4.2    -4.5    -3.2    -2.2    -1.7
