diamond 4 10年11月26日08时700百帕相对湿度场
10 11 26 08   0  700
  2.000 -2.000  32.0 160.0  80.0  12.0
  65  35    10.0      .0   100.0  1  0
    77.3    77.3    75.6    73.1    71.5    72.2    75.5    79.0    80.8    78.4
    74.6    70.4    65.2    63.5    62.9    63.6    63.4    63.1    59.3    50.1
    40.3    34.3    31.8    30.9    30.9    30.9    31.3    32.3    37.1    46.9
    61.1    74.6    82.9    86.4    89.1    91.8    94.5    93.6    91.7    90.8
    89.7    89.5    89.3    89.2    91.0    92.0    91.1    89.2    82.2    72.8
    63.2    57.2    55.0    54.5    55.0    57.8    65.3    76.8    87.6    94.1
    96.0    97.0    97.0    96.0    96.0
    79.0    77.3    75.6    73.1    69.9    70.6    75.4    80.6    84.3    83.5
    80.2    74.7    69.1    65.2    64.1    64.1    63.9    64.1    60.2    50.2
    39.0    33.2    31.3    30.9    30.9    30.9    30.9    31.8    34.7    42.8
    54.9    67.6    74.7    79.6    84.7    89.9    92.6    93.5    91.7    90.7
    89.6    88.4    88.2    89.0    90.0    92.0    92.0    90.2    84.8    75.0
    64.5    57.8    54.4    54.0    54.4    58.4    67.3    79.1    90.3    95.0
    97.0    97.0    96.0    95.0    94.1
    82.5    80.7    77.3    72.3    68.4    68.3    73.7    81.4    87.9    90.8
    89.8    85.3    79.4    73.2    69.0    67.5    68.6    69.5    65.3    52.7
    40.2    33.3    31.3    30.9    30.9    30.9    30.9    31.3    33.0    37.3
    43.6    49.6    54.2    58.9    65.4    74.6    81.2    84.5    85.2    86.7
    87.2    86.0    86.7    87.7    89.8    91.9    92.9    92.0    88.3    80.6
    70.6    61.3    56.1    54.4    55.6    61.4    73.0    85.9    94.1    97.0
    97.0    96.0    94.1    91.2    88.4
    95.9    94.8    87.1    75.6    67.6    67.5    73.7    79.6    86.8    91.7
    94.7    93.7    88.9    82.6    77.5    74.9    75.4    75.9    72.3    60.0
    45.1    35.3    31.6    30.9    30.9    30.9    31.3    32.0    34.0    37.2
    39.1    39.9    39.6    40.3    42.0    44.5    50.9    59.1    67.2    75.4
    82.0    84.5    85.4    87.5    89.6    91.8    92.9    93.0    93.0    89.3
    79.7    69.0    59.8    56.4    58.2    66.6    79.1    90.3    96.0    97.0
    97.0    94.1    89.3    83.0    78.8
   100.0   100.0    91.9    74.8    68.3    74.6    85.0    87.8    85.9    90.7
    91.7    90.7    84.1    77.9    73.7    74.4    77.5    79.1    76.3    67.3
    52.6    40.4    33.7    31.3    30.9    31.2    32.8    35.2    39.7    43.2
    43.7    41.2    38.4    36.6    34.0    34.5    36.9    44.9    56.1    69.7
    79.7    83.4    85.3    87.3    90.4    92.6    93.7    94.9    94.0    92.0
    84.5    75.1    66.8    62.2    63.9    72.7    84.9    96.0    98.0    98.0
    93.1    86.6    77.1    69.4    65.8
   100.0    97.9    70.1    52.3    45.4    61.7    90.8    96.8    85.0    80.6
    81.5    76.3    63.9    54.4    53.6    63.3    73.1    79.0    79.8    75.4
    64.2    49.6    38.5    33.2    32.0    33.9    37.3    42.1    46.9    50.3
    50.3    47.4    44.1    41.0    38.1    34.9    36.8    45.9    60.3    75.2
    82.4    85.3    86.3    89.3    91.3    92.4    92.5    92.7    92.9    89.0
    82.2    75.8    71.6    69.5    71.5    78.4    87.3    96.0    96.0    91.2
    80.5    69.3    60.2    54.6    52.3
    64.7    53.8    32.9    19.6    16.9    32.1    62.5    88.9    85.2    77.4
    70.9    59.2    42.8    33.6    36.4    52.1    70.6    78.9    81.6    78.9
    72.1    58.5    44.5    37.0    36.1    39.7    44.7    48.5    51.4    54.0
    55.3    55.9    54.5    52.5    48.8    45.4    46.7    56.0    69.3    80.6
    84.3    85.3    87.3    92.4    94.5    92.3    91.3    89.4    87.7    82.0
    76.4    73.5    71.8    71.2    70.7    74.4    79.8    83.6    81.1    67.7
    55.0    45.9    42.5    41.7    42.9
    46.9    25.5    13.1     8.6     7.4    13.2    40.7    73.1    81.5    75.8
    66.5    50.0    30.5    25.7    35.4    53.5    71.1    80.0    80.9    78.2
    69.8    55.2    42.8    36.8    38.1    43.5    48.4    52.0    55.3    58.0
    62.3    64.5    64.3    62.6    61.1    59.1    61.5    67.7    76.9    81.5
    83.4    82.5    84.5    92.5   100.0    93.5    89.3    83.4    77.1    71.2
    69.3    70.9    70.9    69.4    66.3    65.7    66.0    62.8    52.3    39.0
    30.9    28.9    31.0    34.6    37.0
    37.4    37.0    27.1    32.9    18.0    14.9    33.5    59.2    79.8    85.4
    73.5    49.2    31.2    31.5    49.1    70.6    81.3    82.7    81.7    74.9
    62.4    46.1    35.6    31.5    33.2    37.5    44.1    51.9    60.9    70.2
    72.8    73.6    70.0    68.2    67.4    67.6    70.2    73.6    78.0    79.8
    80.0    74.0    67.7    64.1    71.9    78.4    84.7    72.9    59.7    54.9
    56.1    64.7    68.7    68.8    66.5    65.8    64.5    58.6    47.1    32.6
    26.7    24.7    28.1    32.4    36.4
    91.1    96.4    98.2   100.0    73.1    35.5    51.9    67.3    85.4    91.7
    83.8    60.8    47.4    56.1    75.8    94.5    92.7    86.7    81.8    74.5
    59.6    42.6    31.7    29.1    28.7    30.7    34.9    46.7    66.2    78.1
    82.7    79.1    76.3    73.6    72.0    73.0    73.9    75.3    76.9    79.9
    81.1    71.0    49.3    27.7    30.4    44.7    60.2    64.9    55.6    49.7
    50.8    60.7    70.0    74.2    74.3    73.5    72.9    67.1    56.1    42.5
    33.4    29.1    30.2    33.6    37.6
   100.0   100.0   100.0   100.0   100.0    76.4    73.4    72.1    78.0    84.5
    78.1    61.1    50.1    62.3    84.3    98.2    93.9    87.4    83.6    78.8
    68.6    53.6    40.8    36.3    33.0    29.7    30.3    41.6    63.2    78.2
    81.0    80.1    79.1    77.3    77.3    78.2    78.0    76.6    76.5    79.6
    80.1    71.1    50.6    25.7    22.8    29.2    60.1    74.1    64.5    55.2
    55.1    67.1    80.5    87.0    87.1    86.3    83.7    77.9    66.0    53.9
    45.7    38.6    34.1    34.9    36.6
    88.2    90.5    93.8    93.8    87.8    79.3    72.4    61.3    54.7    56.5
    59.6    51.0    48.8    55.5    78.4    88.6    90.1    87.1    87.1    90.9
    96.5    91.3    78.6    70.9    53.6    43.9    39.2    45.8    60.3    73.4
    79.4    79.3    77.3    77.1    82.4    87.2    85.1    78.0    74.3    74.0
    76.5    70.4    54.2    41.3    35.0    37.2    71.1    89.1    88.1    73.1
    70.6    78.9    89.9    93.9    92.0    90.2    89.3    81.5    72.1    64.4
    55.2    41.3    30.6    28.2    37.7
    79.8    89.7    91.3    84.6    85.4    88.1    79.7    65.2    53.9    52.6
    56.0    61.7    54.5    55.3    71.1    88.4   100.0    93.5    90.4    98.3
   100.0   100.0   100.0   100.0    95.4    71.6    63.2    61.1    67.5    74.8
    78.7    77.5    73.8    68.4    76.5    91.1    93.3    78.1    72.1    68.7
    67.3    65.5    64.0    61.6    66.5    69.8    87.2   100.0   100.0   100.0
    94.9    90.0    91.0    89.2    85.7    84.0    85.0    80.8    72.3    61.4
    44.8    27.0    17.1    21.3    22.9
    69.0    84.3    72.5    71.7    88.1   100.0   100.0    99.2    71.7    68.3
    91.7   100.0   100.0    66.8    70.1    94.7   100.0    98.4    83.6    82.1
    91.5    87.4    76.4    85.4    94.9    83.5    80.1    76.4    81.1    81.2
    81.5    80.2    73.8    63.0    67.3    84.1    87.2    77.9    69.8    69.7
    70.5    70.9    71.4    80.0    71.3    68.9    82.5   100.0   100.0   100.0
   100.0    99.0    84.7    80.6    76.0    77.1    84.5    82.9    70.0    48.5
    26.0    12.6     6.4     6.5     8.8
    54.9    45.1    42.4    45.5    89.0   100.0   100.0   100.0    94.7    85.6
   100.0   100.0    72.4    31.6    44.3    72.8    88.3    77.0    52.8    41.4
    37.1    39.5    42.8    48.1    55.2    53.5    56.6    75.7    93.5    94.2
    87.3    83.2    75.8    66.7    65.9    66.9    71.2    76.3    84.4    84.6
    76.7    75.5    86.9    51.9    21.7    15.7    15.5   100.0   100.0   100.0
    54.9    47.8    58.1    65.9    78.9    90.0   100.0    91.0    69.5    38.9
    16.8     7.4     4.0     4.0     4.6
    42.8    35.1    35.0    44.2    71.4    82.9    76.5    81.7    78.8    64.9
    67.5    83.2    36.6    17.5    16.7    44.8    58.6    49.3    36.0    27.1
    22.1    22.5    24.2    24.5    19.7    14.8    19.6    44.6    91.3    90.0
    85.1    80.2    74.6    66.5    60.9    58.8    58.9    66.0    84.1    95.1
    80.4    81.4    62.5    14.0     2.8     2.2     2.3     8.4    30.8    10.6
     6.7    17.2    46.1    67.4    91.9   100.0   100.0   100.0    80.6    46.6
    19.8     8.0     4.8     4.4     4.8
    40.9    40.2    43.9    48.2    53.7    52.2    49.1    54.6    60.3    50.3
    44.7    37.9    17.6    10.2    14.7    26.3    37.3    36.6    32.5    27.2
    21.1    19.0    20.4    17.7    12.0     6.3    10.8    37.2    65.1    71.4
    61.4    59.4    57.0    52.7    47.7    44.9    47.3    51.9    62.6    85.5
    82.4    69.1    45.2     4.7     1.3     2.4     4.8     3.4     2.4     1.3
     9.5    37.9    67.4    83.7    94.8   100.0   100.0   100.0    94.2    67.4
    34.4    14.4     7.2     5.2     4.9
    48.2    52.5    62.5    71.4    62.2    42.3    36.1    46.0    53.0    47.9
    39.6    34.2    28.2    21.3    20.3    27.5    34.4    36.8    38.2    38.2
    34.7    31.0    30.3    23.4    21.0    11.1    15.1    37.2    63.5    49.7
    37.1    33.0    26.6    21.4    18.6    20.5    29.4    34.4    39.2    54.8
    65.0    65.7    34.9    10.3     1.7     2.5     6.0     3.9     2.3     1.4
    17.8    56.0    93.6    85.6    89.2    94.2    99.2   100.0    99.2    83.7
    52.0    23.6    10.7     6.4     5.5
    65.2    71.2    79.2    98.5    85.1    45.2    32.6    41.4    51.0    46.8
    41.4    38.4    36.3    33.3    32.4    36.5    41.1    45.6    50.9    57.4
    53.8    44.4    35.1    25.4    21.3    16.2    16.1    32.7    60.6    41.2
    28.9    19.4     7.9     4.5     4.9     8.8    24.0    24.9    23.1    36.9
    59.1    68.5    51.7    25.9    10.5     5.6     2.3     1.6     3.6    12.9
    37.0    75.1    97.2    82.7    78.2    82.0    85.9    91.2    92.8    84.5
    59.9    30.7    13.9     7.7     6.2
    84.5    85.9    86.5    96.3   100.0    67.1    45.5    43.9    48.4    47.1
    43.6    42.1    41.5    40.9    41.8    45.3    50.2    55.7    60.6    65.2
    57.6    44.4    31.5    20.5    13.0     9.8     9.0    15.4    26.9    25.0
    22.0    12.7     6.2     6.1     7.9    14.6    58.8    25.3    14.1    34.5
    78.3    76.8    60.8    39.1     8.6     4.0     3.6     1.5     2.6    16.5
    55.8    71.4    88.1    86.2    82.3    75.9    74.2    80.7    83.5    80.7
    64.9    38.2    18.3     9.8     7.6
    94.9    92.8    84.0    82.8    84.7    73.2    57.0    51.9    50.5    47.7
    45.0    43.1    41.9    42.0    44.0    48.9    54.1    57.6    60.0    58.6
    51.9    35.3    26.3    18.3    11.6     7.6     6.0     7.7    10.9    18.3
    19.2    10.2     8.2    11.5    16.9    26.3    55.7    31.8    14.9    27.4
    53.7    60.1    59.7    47.7    16.2    12.4    15.2    12.3     5.5    18.7
    32.0    81.7   100.0   100.0    91.0    83.5    76.6    75.8    76.8    74.8
    64.9    43.5    22.8    12.6     9.6
    94.9    92.1    80.4    74.5    73.3    69.5    62.5    57.7    53.2    47.9
    41.3    35.4    31.7    30.6    32.5    40.6    49.6    52.8    51.7    46.0
    36.9    28.0    25.0    25.8    22.8    15.8     9.1     5.9    10.3    18.7
    23.6    13.6    12.9    19.4    21.5    27.3    34.3    31.1    26.7    25.6
    24.0    29.8    44.5    53.5    59.0    60.4    51.4    31.0    12.2     5.5
    13.9    65.4   100.0    91.7    55.2    52.7    55.2    57.8    58.0    55.7
    47.8    35.7    23.2    15.1    12.1
    75.3    68.2    58.5    52.5    51.0    50.7    52.7    52.3    49.8    40.7
    26.8    16.0    10.5     9.2     9.3    19.0    37.8    44.2    41.0    36.0
    28.5    24.0    27.0    40.2    43.0    37.1    18.9     8.3    12.9    26.4
    21.3    20.4    20.2    23.1    23.1    29.9    24.9     9.5    14.0    30.9
    20.7    22.2    25.7    33.3    41.6    45.4    28.4    15.6     6.5     3.2
     5.9    33.6    71.2    54.2    38.6    30.1    37.0    38.3    42.7    40.3
    34.2    27.4    21.4    16.9    14.6
    44.5    37.0    32.2    31.2    30.8    29.6    30.1    30.8    24.8    13.9
     7.4     5.6     4.9     4.8     5.0     6.9    14.1    22.3    22.3    19.1
    15.2    12.8    13.8    25.8    37.2    39.3    26.8    15.0    19.7    25.2
    28.3    28.5    29.7    33.3    34.8    41.0    20.0     9.4    11.1    16.6
    24.8    21.8    19.7    19.2    21.1    20.3    15.5     8.0     3.2     1.7
     3.0    42.6    70.9    61.5    60.2    65.9    59.2    56.0    48.4    38.6
    28.5    22.9    20.2    18.0    16.7
    30.5    27.5    25.9    26.6    27.2    27.1    26.9    22.6    12.1     6.5
     5.2     5.0     4.9     4.9     5.0     5.5     7.5    10.0     9.7     7.6
     4.9     1.9      .8     1.5     6.5    13.7    23.1    33.2    40.1    45.6
    48.4    49.3    51.1    54.8    54.0    45.7    25.0    38.0    40.9    41.6
    40.9    25.7    17.6    13.4    13.4    14.0    10.3     6.3     1.7     1.0
     2.2    40.8   100.0   100.0   100.0   100.0    83.5    72.2    58.8    40.4
    27.0    21.5    19.8    18.9    18.1
    27.5    25.3    25.1    26.3    26.8    26.7    23.8    15.2     7.4     5.2
     4.9     4.7     4.7     5.3     5.8     6.4     8.6    12.2    12.6     8.3
     2.5      .9      .8     2.2     4.1    12.1    27.1    45.1    51.5    56.2
    59.6    63.3    65.6    69.0    70.4    73.9    73.2    75.9    87.5    84.9
    58.9    30.5    18.2    11.8    10.7    10.1     8.7    13.0     7.8     4.8
     9.9    47.9   100.0   100.0   100.0    99.3    90.0    81.5    63.9    41.3
    26.8    21.3    19.8    19.3    19.0
    26.6    26.2    26.3    26.5    26.4    24.6    16.6     8.5     5.3     4.5
     4.5     4.4     4.8     6.0     7.2     8.1    10.7    17.7    21.8    17.2
     8.0     3.0     5.9    17.3    38.7    67.2    52.3    52.1    55.9    60.0
    66.3    72.4    75.1    72.9    72.3    83.5    92.3    93.0    95.7    90.9
    56.3    31.5    19.9    12.0     9.5     9.0    20.2    61.1    62.7    51.4
    58.0    83.8   100.0   100.0    93.9    90.0    87.0    79.9    61.5    39.4
    25.9    21.0    20.0    19.7    19.5
    26.9    26.9    26.7    26.3    23.8    18.7     9.4     5.6     4.7     4.4
     4.3     4.6     5.6     7.0     8.5     8.9    11.8    20.5    27.1    24.7
    21.9    21.1    43.6    58.0    94.3   100.0    59.4    53.5    60.9    71.8
    83.4    83.3    86.2    86.8    78.5    87.4    95.8    95.8    95.1    89.8
    55.8    30.2    21.0    17.4     8.2     7.2    50.4   100.0   100.0   100.0
    95.8    97.9    96.5    92.5    88.8    87.0    84.0    74.0    53.3    33.8
    23.5    20.2    19.7    19.8    19.8
    26.9    26.9    26.7    25.2    20.0    12.5     6.2     4.9     4.8     4.6
     4.3     4.7     5.9     7.3     8.7     9.3    11.0    19.5    28.2    26.3
    28.0    32.5    51.5    63.9    54.7    21.6    16.3    37.3    58.6    79.2
    91.5    90.8    98.6    94.5    85.6    88.1    95.2    93.2    93.2    85.0
    60.3    33.3    21.6    15.5     4.5     6.7    50.2   100.0   100.0   100.0
   100.0    97.2    95.1    91.2    88.2    86.4    81.1    66.1    44.1    28.4
    21.6    19.9    19.6    19.9    19.9
    26.9    26.9    26.2    23.5    16.9     9.3     5.5     4.9     4.9     4.7
     4.5     4.8     6.3     8.2     9.2     9.6    12.4    23.4    34.3    34.3
    39.4    34.4    16.2     6.0     4.6     5.1     5.0    14.6    40.4    68.6
    88.0    89.0    86.5    80.5    73.3    79.9    86.3    85.1    88.1    74.2
    58.5    45.9    27.5    15.5     4.3     6.9    83.5   100.0   100.0   100.0
    98.6    96.5    94.5    91.2    88.8    86.4    77.8    58.9    38.0    25.5
    20.9    19.8    19.9    19.9    19.9
    26.9    26.9    26.0    22.7    15.9     8.8     5.5     5.0     5.0     5.0
     4.9     5.7     7.4     8.6     9.1     9.4    13.5    28.6    46.5    59.0
    64.3    51.6    16.6     5.4     4.5    13.2    10.6    10.7    19.8    43.4
    63.5    69.0    66.4    64.4    66.2    67.1    71.5    72.9    74.9    58.0
    40.8    38.1    35.6    41.3    50.1    57.4    73.8   100.0   100.0   100.0
    98.6    93.8    89.9    86.3    85.2    83.4    74.5    55.2    35.3    24.6
    20.7    19.9    19.9    19.9    19.9
    26.9    26.9    26.0    22.5    15.5     8.8     5.6     5.2     5.2     5.3
     5.4     6.2     7.7     8.4     8.7     9.5    16.3    30.1    46.1    56.6
    47.0    33.2    16.6     7.4     6.3    11.6    18.1    11.3    13.2    22.5
    40.2    53.4    57.7    58.1    59.7    62.2    63.9    62.0    68.9    49.9
    26.5    17.0    24.8    49.8    72.2    80.2    78.5    82.3    87.5    88.0
    87.4    83.2    77.6    74.0    74.7    75.7    69.6    52.6    34.6    24.4
    20.7    19.9    19.9    19.9    19.9
    26.9    26.9    26.0    22.5    15.8     9.6     6.5     5.5     5.4     5.6
     5.8     6.4     7.2     7.8     8.5    10.4    14.4    18.5    19.9    19.1
    16.1    13.4     9.2     7.3     5.2     7.8    18.6    16.4    14.9    18.1
    30.4    46.8    55.7    57.3    57.7    58.5    57.9    53.4    48.8    36.8
    18.3    12.6    20.6    43.4    74.4    83.1    77.0    74.8    75.2    76.7
    75.6    71.0    66.8    64.6    64.6    65.5    61.9    50.6    36.1    25.8
    21.5    20.3    19.9    19.9    19.9
    26.9    26.9    26.0    22.5    16.0     9.9     6.8     5.8     5.7     5.8
     6.1     6.6     7.2     7.7     8.6    10.2    12.5    13.2    11.5     9.5
     8.0     7.3     6.0     5.5     3.5     4.4    10.2    14.2    15.7    19.5
    30.2    46.1    56.9    60.2    60.7    61.9    63.3    56.4    46.0    30.3
    15.1    14.3    20.6    40.6    62.4    71.4    71.9    71.4    70.8    71.3
    69.8    66.5    63.3    62.1    61.6    62.1    60.7    55.3    44.5    33.4
    26.1    22.5    21.0    20.1    19.9
    26.9    26.6    25.6    22.0    15.8    10.2     7.1     6.0     5.8     5.9
     6.2     6.7     7.2     7.8     8.6    10.1    11.8    12.2    11.0     8.5
     7.5     6.5     6.0     5.7     5.1     6.1     8.3    11.8    14.5    19.2
    29.3    45.1    57.3    62.0    63.3    65.6    75.5    72.4    62.5    39.5
    24.7    18.9    24.7    39.8    59.8    69.0    71.9    71.9    71.9    72.4
    73.4    69.0    64.8    63.9    59.9    60.8    63.0    62.1    57.4    46.6
    35.7    28.2    23.3    20.8    19.9
