diamond 4 18年02月08日08时500百帕高度场
18 02 08 08   0   500
  2.500 -2.500     .0  360.0   90.0  -90.0
 145  73  4  400  612  1  0
   522.2   522.2   522.2   522.2   522.2   522.2   522.2   522.2   522.2   522.2
   522.2   522.2   522.2   522.2   522.2   522.2   522.2   522.2   522.2   522.2
   522.2   522.2   522.2   522.2   522.2   522.2   522.2   522.2   522.2   522.2
   522.2   522.2   522.2   522.2   522.2   522.2   522.2   522.2   522.2   522.2
   522.2   522.2   522.2   522.2   522.2   522.2   522.2   522.2   522.2   522.2
   522.2   522.2   522.2   522.2   522.2   522.2   522.2   522.2   522.2   522.2
   522.2   522.2   522.2   522.2   522.2   522.2   522.2   522.2   522.2   522.2
   522.2   522.2   522.2   522.2   522.2   522.2   522.2   522.2   522.2   522.2
   522.2   522.2   522.2   522.2   522.2   522.2   522.2   522.2   522.2   522.2
   522.2   522.2   522.2   522.2   522.2   522.2   522.2   522.2   522.2   522.2
   522.2   522.2   522.2   522.2   522.2   522.2   522.2   522.2   522.2   522.2
   522.2   522.2   522.2   522.2   522.2   522.2   522.2   522.2   522.2   522.2
   522.2   522.2   522.2   522.2   522.2   522.2   522.2   522.2   522.2   522.2
   522.2   522.2   522.2   522.2   522.2   522.2   522.2   522.2   522.2   522.2
   522.2   522.2   522.2   522.2   522.2
   521.8   521.8   521.8   521.9   521.9   521.9   521.9   521.9   522.0   522.0
   522.0   522.0   522.0   522.1   522.1   522.1   522.1   522.1   522.1   522.2
   522.2   522.2   522.2   522.2   522.2   522.2   522.2   522.3   522.3   522.3
   522.3   522.3   522.3   522.3   522.3   522.2   522.2   522.2   522.2   522.2
   522.2   522.2   522.2   522.2   522.2   522.1   522.1   522.1   522.1   522.1
   522.1   522.1   522.1   522.1   522.1   522.1   522.1   522.2   522.2   522.2
   522.2   522.2   522.2   522.2   522.2   522.2   522.2   522.2   522.2   522.2
   522.3   522.4   522.6   522.6   522.6   522.6   522.6   522.6   522.7   522.7
   522.7   522.7   522.7   522.7   522.7   522.7   522.7   522.7   522.6   522.6
   522.6   522.6   522.6   522.5   522.5   522.5   522.4   522.4   522.3   522.3
   522.2   522.2   522.1   522.1   522.0   522.0   521.9   521.9   521.8   521.8
   521.7   521.7   521.7   521.6   521.6   521.6   521.6   521.5   521.5   521.5
   521.5   521.5   521.5   521.5   521.5   521.5   521.5   521.5   521.5   521.5
   521.6   521.6   521.6   521.6   521.6   521.6   521.7   521.7   521.7   521.7
   521.7   521.7   521.8   521.8   521.8
   521.1   521.2   521.3   521.3   521.4   521.4   521.5   521.5   521.5   521.6
   521.6   521.7   521.7   521.8   521.8   521.9   521.9   522.0   522.0   522.1
   522.1   522.2   522.3   522.3   522.3   522.4   522.5   522.5   522.6   522.6
   522.6   522.6   522.6   522.6   522.6   522.6   522.5   522.5   522.4   522.4
   522.3   522.3   522.2   522.2   522.1   522.1   522.1   522.0   522.0   522.0
   521.9   521.9   521.9   521.9   521.9   522.0   522.0   522.0   522.0   522.1
   522.1   522.2   522.2   522.2   522.3   522.3   522.3   522.4   522.4   522.4
   522.5   522.7   523.1   523.2   523.3   523.4   523.4   523.5   523.6   523.6
   523.7   523.7   523.8   523.8   523.8   523.8   523.8   523.8   523.8   523.8
   523.8   523.7   523.7   523.6   523.6   523.5   523.4   523.3   523.2   523.1
   522.9   522.8   522.6   522.4   522.3   522.1   521.9   521.7   521.5   521.4
   521.2   521.0   520.9   520.8   520.7   520.6   520.5   520.4   520.3   520.3
   520.2   520.2   520.2   520.2   520.2   520.2   520.3   520.3   520.3   520.4
   520.4   520.4   520.5   520.5   520.6   520.6   520.7   520.7   520.8   520.8
   520.9   521.0   521.0   521.1   521.1
   521.1   521.2   521.3   521.4   521.4   521.5   521.5   521.5   521.5   521.6
   521.6   521.7   521.7   521.7   521.8   521.9   521.9   522.0   522.1   522.2
   522.3   522.3   522.5   522.6   522.6   522.7   522.9   523.0   523.1   523.2
   523.2   523.3   523.3   523.2   523.2   523.1   523.0   522.9   522.8   522.7
   522.6   522.5   522.4   522.4   522.3   522.2   522.1   522.0   521.9   521.8
   521.8   521.7   521.7   521.6   521.6   521.7   521.7   521.8   521.9   522.0
   522.1   522.2   522.3   522.4   522.5   522.6   522.7   522.8   522.8   522.9
   523.1   523.6   524.1   524.0   524.1   524.2   524.3   524.4   524.5   524.6
   524.6   524.7   524.7   524.7   524.8   524.8   524.8   524.7   524.7   524.7
   524.7   524.7   524.6   524.6   524.5   524.5   524.4   524.3   524.2   524.0
   523.9   523.7   523.4   523.2   522.9   522.6   522.3   522.0   521.6   521.3
   521.0   520.7   520.4   520.2   520.0   519.8   519.7   519.5   519.4   519.4
   519.3   519.3   519.3   519.3   519.3   519.3   519.4   519.5   519.6   519.6
   519.7   519.8   519.9   520.0   520.1   520.2   520.2   520.3   520.4   520.5
   520.6   520.7   520.8   521.0   521.1
   521.2   521.6   522.0   522.1   522.1   522.0   521.8   521.6   521.5   521.5
   521.5   521.5   521.5   521.5   521.6   521.6   521.7   521.9   522.1   522.4
   522.7   523.0   523.3   523.5   523.7   523.9   524.2   524.7   525.1   525.3
   525.3   525.3   525.3   525.2   525.1   525.0   524.7   524.3   523.9   523.6
   523.6   523.4   523.1   522.9   522.6   522.3   522.0   521.8   521.6   521.4
   521.2   521.1   520.9   520.8   520.7   520.4   520.3   520.9   521.2   521.5
   521.8   522.2   522.6   523.0   523.2   523.4   523.6   523.7   523.9   524.1
   524.6   525.5   526.4   526.3   526.5   526.8   526.9   527.0   527.1   527.1
   527.1   527.2   527.2   527.2   527.2   527.2   527.2   527.1   527.1   527.0
   526.9   526.8   526.8   526.7   526.6   526.6   526.6   526.6   526.5   526.4
   526.2   526.0   525.6   525.0   524.3   523.6   523.0   522.4   521.9   521.3
   520.5   519.5   518.6   518.0   517.6   517.3   517.1   517.0   516.8   516.8
   516.7   516.7   516.6   516.6   516.7   516.8   516.9   517.0   517.2   517.5
   517.8   518.1   518.5   518.7   518.9   519.0   519.1   519.2   519.3   519.4
   519.6   519.9   520.2   520.7   521.2
   521.5   523.4   524.7   525.3   525.0   523.9   522.4   521.3   520.7   520.5
   520.5   520.4   520.4   520.3   520.4   520.4   520.4   520.6   521.1   521.8
   522.7   523.2   523.5   523.7   524.3   525.4   527.2   529.1   530.6   531.1
   531.1   531.1   531.1   530.7   530.3   530.3   529.8   528.3   526.7   526.1
   526.8   527.2   526.6   525.3   523.8   522.6   521.8   521.0   520.4   520.1
   520.0   519.8   519.5   519.3   518.2   516.1   515.9   517.8   519.2   519.8
   520.8   522.3   523.8   524.8   525.4   525.6   525.6   525.6   525.7   526.0
   526.9   528.5   530.1   531.6   533.0   533.6   533.7   533.7   533.7   533.6
   533.5   533.5   533.5   533.4   533.4   533.5   533.5   533.3   533.2   532.9
   532.6   532.3   532.0   531.8   531.7   531.7   531.8   532.0   532.3   532.5
   532.5   532.4   531.7   530.1   527.8   525.5   523.9   523.2   522.7   521.9
   519.7   516.2   512.8   510.6   509.8   509.6   509.5   509.5   509.5   509.4
   509.4   509.4   509.5   509.5   509.5   509.5   509.7   509.9   510.3   510.8
   511.8   513.1   514.4   515.3   515.7   515.9   515.9   515.9   515.9   515.9
   516.2   516.9   518.0   519.6   521.5
   525.3   527.2   528.4   528.7   528.0   526.1   523.6   521.5   520.3   519.9
   519.7   519.5   519.3   519.1   519.1   519.0   518.8   518.8   519.4   520.8
   522.4   523.6   524.3   525.4   527.7   530.9   534.2   536.7   537.7   537.4
   537.0   537.3   537.7   537.1   536.2   536.1   535.8   533.7   530.3   527.6
   527.1   527.8   527.8   526.4   524.0   522.2   520.9   519.8   518.9   518.7
   518.6   518.2   518.2   518.6   518.0   516.5   516.6   518.3   518.9   519.6
   521.0   523.1   525.2   526.7   527.5   527.7   527.5   527.1   527.1   527.7
   529.2   531.5   534.1   536.1   537.8   538.5   538.7   538.7   538.7   538.5
   538.2   538.1   538.0   537.7   537.8   538.0   538.0   537.7   537.4   536.9
   536.4   536.0   535.7   535.5   535.4   535.5   535.7   536.1   536.5   536.8
   537.0   536.8   535.9   533.7   530.2   526.7   524.4   523.5   523.1   522.1
   519.0   513.9   508.6   505.4   504.3   504.1   504.1   504.1   504.1   504.1
   504.1   504.2   504.3   504.4   504.4   504.3   504.5   504.8   505.2   505.8
   507.0   508.8   510.7   512.3   513.3   513.9   514.0   513.8   513.7   514.2
   515.6   517.8   520.3   522.9   525.3
   530.2   531.6   532.5   532.7   531.8   529.3   525.7   522.2   519.8   518.6
   517.9   517.5   517.1   516.7   516.4   515.7   515.0   514.6   515.4   517.7
   520.6   522.9   525.3   529.1   534.8   540.8   545.3   547.4   547.6   546.4
   545.3   545.2   545.6   545.5   545.3   545.8   545.5   542.3   536.2   530.1
   526.7   525.4   524.5   523.1   521.6   520.3   518.8   517.0   515.4   514.7
   514.7   515.2   516.5   518.2   519.0   518.5   518.4   518.3   518.3   519.1
   521.0   523.6   526.5   529.0   530.7   531.0   530.3   529.3   528.9   529.4
   531.3   534.4   537.9   541.6   544.6   545.8   546.1   546.2   546.5   546.5
   545.9   545.3   545.1   545.0   545.1   545.2   544.9   544.3   543.5   542.6
   541.8   541.3   541.1   541.1   541.2   541.5   541.9   542.4   543.0   543.4
   543.5   543.2   541.8   538.5   533.3   528.2   524.9   523.5   522.8   521.3
   517.1   509.9   502.2   497.2   495.2   494.8   494.7   494.6   494.6   494.7
   494.8   495.0   495.3   495.6   495.6   495.5   495.6   496.0   496.7   497.5
   498.8   500.9   503.4   505.5   507.2   508.6   509.1   509.0   509.8   512.2
   516.2   520.9   524.9   528.0   530.2
   532.2   533.3   534.1   534.6   534.3   532.5   529.0   525.1   521.9   519.6
   518.1   517.2   516.9   516.9   516.4   515.5   514.7   514.5   515.4   517.7
   520.3   522.6   526.0   532.0   539.7   546.4   550.3   551.7   551.7   550.5
   548.9   548.2   548.6   549.7   550.8   551.5   550.5   546.3   538.8   531.3
   526.8   524.5   522.8   521.4   520.2   519.0   517.1   514.7   512.9   512.5
   513.5   515.5   518.1   520.6   521.7   521.1   520.2   519.7   519.6   520.0
   521.1   523.0   525.6   528.2   529.8   530.2   529.9   529.4   529.3   530.2
   532.6   536.5   540.7   544.4   547.3   548.2   548.1   548.1   548.8   549.8
   550.5   550.6   550.3   549.5   549.0   548.5   547.6   546.4   544.9   543.5
   542.7   542.4   542.5   542.9   543.4   543.8   544.3   545.0   545.5   545.8
   545.7   545.3   543.8   540.1   534.4   528.6   525.0   523.4   522.8   521.5
   517.8   510.9   503.0   497.0   493.9   492.6   492.1   491.7   491.5   491.4
   491.2   491.1   491.4   491.9   492.3   492.6   493.0   493.8   494.7   495.5
   496.3   497.5   499.1   500.5   501.5   502.6   503.7   505.3   508.9   514.4
   520.3   525.2   528.5   530.7   532.2
   531.8   533.2   534.4   535.4   535.7   534.7   532.1   528.6   525.2   522.0
   519.4   517.8   517.2   517.0   516.6   516.3   516.5   516.9   518.3   521.0
   524.7   528.0   532.0   537.7   544.2   549.0   551.3   552.9   554.3   554.9
   554.4   553.7   553.6   554.4   555.1   554.3   551.6   546.4   538.9   531.9
   527.7   524.9   522.4   520.2   518.6   517.1   514.9   512.4   510.7   510.5
   511.7   513.9   516.6   519.2   520.9   521.5   521.9   522.2   522.2   521.7
   521.3   521.9   523.6   525.8   527.2   527.6   527.9   528.2   528.8   530.2
   533.0   537.4   542.3   545.5   548.0   548.5   548.1   547.6   547.9   549.2
   550.9   551.8   551.5   550.3   549.3   548.4   547.2   545.4   543.3   541.8
   541.3   541.7   542.5   543.4   544.1   544.7   545.4   546.1   546.5   546.5
   546.2   545.6   544.1   540.3   534.5   528.7   525.0   523.4   523.0   522.5
   520.6   516.7   511.1   505.6   501.3   498.2   495.7   493.6   492.1   491.2
   490.6   490.1   490.1   490.5   491.2   491.9   492.4   493.2   494.1   494.6
   495.0   495.6   496.8   497.6   497.6   497.9   499.4   503.6   510.6   518.5
   524.5   527.5   529.1   530.5   531.8
   529.9   531.8   533.9   535.7   536.5   536.1   534.2   531.2   527.8   524.3
   521.4   519.5   518.3   517.5   517.3   518.1   519.4   520.8   522.8   526.3
   530.8   535.3   540.0   545.6   550.9   554.6   556.6   558.3   560.1   561.2
   561.5   561.1   560.5   559.9   558.7   555.9   551.3   544.8   536.9   530.1
   525.5   521.9   518.6   515.9   514.1   512.7   510.9   509.2   508.4   508.6
   509.2   510.7   513.1   515.8   518.0   519.3   520.2   520.9   521.2   520.7
   520.0   520.0   521.0   522.6   523.9   524.6   525.1   525.7   526.5   528.2
   531.6   536.9   542.7   546.0   548.4   549.1   549.2   548.9   548.6   548.8
   549.5   549.8   549.4   548.5   547.8   547.0   545.3   542.7   540.2   539.1
   539.5   540.8   542.4   543.8   544.8   545.6   546.6   547.4   547.6   547.1
   546.5   545.7   544.1   540.4   534.6   528.7   525.0   523.5   523.1   523.3
   523.5   523.5   522.8   521.0   518.0   513.7   508.4   502.7   497.6   493.9
   491.7   490.6   490.5   490.9   491.4   491.6   491.4   491.7   492.2   492.5
   492.7   493.6   495.2   496.2   496.1   496.2   498.2   503.9   512.9   521.8
   527.1   528.7   528.8   529.0   529.9
   530.0   532.0   534.4   535.9   536.6   536.4   534.8   532.2   529.2   526.5
   524.7   523.4   522.3   521.4   521.4   522.7   524.7   527.4   531.0   535.1
   539.2   543.2   547.6   552.0   555.8   558.8   561.1   562.8   564.1   565.1
   565.1   564.3   563.3   561.9   559.6   555.9   550.1   542.3   533.6   526.4
   521.4   517.2   512.6   507.7   504.6   503.3   502.6   502.5   503.8   505.2
   505.8   506.4   508.0   510.6   512.9   514.8   516.4   517.6   518.3   518.2
   517.9   517.7   517.9   518.5   519.2   519.6   519.6   519.7   520.4   522.8
   527.7   534.7   542.0   545.7   548.4   549.6   550.3   550.7   550.7   550.4
   550.2   549.7   548.7   547.5   546.4   545.1   542.9   540.1   538.1   537.8
   538.9   540.5   542.5   544.3   545.7   547.0   548.5   549.4   549.2   548.1
   546.8   545.8   544.1   540.4   534.6   528.8   525.0   523.5   523.2   523.6
   524.9   527.4   530.6   532.9   533.2   531.1   526.4   519.4   510.9   502.7
   496.6   493.6   493.2   494.1   495.1   495.4   494.3   493.0   491.9   490.9
   491.0   492.5   495.0   497.0   498.0   498.9   501.0   506.6   515.6   524.5
   529.3   530.7   530.5   529.7   530.0
   535.7   536.0   536.1   535.7   535.4   535.2   534.3   532.8   531.3   530.4
   529.8   529.5   528.8   528.0   527.8   528.7   530.6   533.7   537.4   540.9
   544.4   548.5   553.0   556.8   559.6   562.2   564.6   566.7   567.9   568.1
   567.5   566.6   565.3   562.9   559.1   553.9   547.3   538.9   530.1   523.3
   518.4   514.1   508.8   503.3   499.9   498.6   498.0   497.8   498.6   500.3
   501.9   503.1   504.2   506.1   508.3   510.1   511.9   513.5   514.3   514.4
   514.5   514.6   514.8   515.0   515.3   515.2   514.6   513.8   514.0   517.0
   523.5   532.0   540.6   544.8   548.0   549.3   549.9   550.3   550.7   551.3
   552.0   551.5   549.5   547.4   546.1   544.5   542.0   539.6   538.6   538.8
   539.6   540.6   542.4   544.6   547.0   549.5   551.7   552.6   551.6   549.4
   547.3   545.9   544.2   540.5   534.7   528.9   525.1   523.5   523.3   523.8
   525.4   528.7   533.3   537.3   539.3   539.3   537.4   533.1   525.8   516.0
   506.2   499.3   496.5   496.5   497.8   499.0   498.6   496.9   494.5   492.6
   492.0   493.2   495.3   497.2   498.6   500.4   503.8   510.6   520.5   529.5
   534.1   535.8   536.3   535.9   535.7
   541.9   540.7   538.9   537.3   536.4   535.8   535.2   534.4   534.2   534.8
   535.2   535.2   535.0   534.9   535.4   536.6   538.0   539.8   542.1   544.7
   548.0   552.0   556.2   559.7   562.2   563.8   565.2   567.8   569.5   569.5
   569.3   569.0   567.3   563.6   558.0   550.8   542.6   534.3   526.6   520.9
   516.0   511.0   506.3   502.0   499.1   497.8   497.2   496.7   496.9   498.3
   500.1   501.6   502.9   504.7   506.4   507.5   508.2   508.8   509.4   510.0
   510.4   510.8   511.2   511.5   511.5   511.4   511.1   510.8   511.3   514.2
   520.9   529.9   539.0   543.8   547.8   549.2   549.4   549.3   549.4   550.7
   553.2   554.5   553.4   550.9   548.5   546.0   543.2   541.0   540.4   540.8
   541.4   542.2   543.7   546.4   550.1   553.9   556.7   557.2   554.8   551.0
   547.8   546.0   544.2   540.6   534.9   529.0   525.0   523.4   523.3   524.1
   526.0   529.6   534.5   538.7   540.9   541.3   540.8   539.3   535.4   528.1
   517.9   508.0   501.1   498.0   497.4   497.5   497.5   497.0   496.0   494.9
   494.4   494.9   496.1   497.3   499.1   502.9   510.1   520.4   531.5   539.3
   542.0   542.2   542.3   542.3   541.9
   547.2   544.1   541.0   539.3   539.1   538.9   538.7   538.7   539.4   540.4
   541.4   542.1   542.9   543.0   542.8   543.4   544.1   544.6   545.6   547.4
   550.2   553.3   556.6   559.6   561.7   562.1   562.3   564.7   567.2   568.0
   568.3   568.0   565.9   561.7   555.4   546.7   537.6   529.8   523.9   519.4
   514.6   509.5   505.5   502.6   500.8   500.1   500.1   500.2   500.8   501.5
   502.1   503.2   504.3   505.4   506.0   506.3   506.7   507.0   507.4   508.0
   508.5   509.0   509.5   509.6   509.1   508.5   508.7   509.4   510.4   513.2
   519.5   528.3   537.4   543.1   547.7   549.4   549.7   549.4   549.3   550.3
   552.6   554.5   554.8   553.7   551.7   548.7   545.1   542.5   541.9   542.7
   544.0   545.3   547.3   551.0   555.9   560.6   563.2   562.4   558.2   552.5
   548.1   545.7   543.7   540.2   534.6   528.5   524.0   522.2   522.5   524.1
   526.7   530.8   535.8   540.0   541.9   542.1   541.6   541.1   539.7   536.0
   528.7   518.7   508.8   501.7   498.2   497.2   497.0   496.9   496.6   496.1
   495.9   496.7   498.3   500.8   505.2   513.2   524.5   536.7   546.2   550.7
   551.3   550.6   550.2   549.3   547.2
   548.2   544.9   542.3   541.5   542.2   542.6   542.7   543.1   544.2   545.5
   546.8   548.3   550.6   551.2   550.1   549.8   550.2   550.2   549.8   550.2
   552.0   554.7   557.6   560.2   561.2   560.2   559.6   561.6   564.4   566.2
   566.6   565.6   563.2   559.5   553.9   545.9   536.9   528.5   522.6   518.3
   514.0   509.8   506.7   504.9   503.4   502.1   502.1   503.6   505.9   506.9
   506.9   507.1   507.5   507.2   506.2   505.4   505.6   506.1   506.7   507.5
   508.1   508.3   508.5   508.8   508.4   507.9   508.0   508.7   509.9   512.6
   518.4   527.0   535.9   542.2   547.5   549.5   549.8   549.7   549.7   550.5
   551.7   552.4   552.3   551.7   550.5   548.4   545.6   543.6   543.2   544.5
   546.6   549.1   552.4   557.0   561.9   565.8   567.9   566.3   560.9   553.7
   547.8   544.2   541.7   538.4   533.0   526.5   521.1   519.0   520.2   523.3
   527.3   532.2   537.6   541.7   543.4   543.2   542.4   541.8   541.2   539.8
   536.1   528.8   518.7   508.4   501.3   498.0   497.1   496.9   496.8   496.7
   497.5   500.0   504.3   510.2   518.3   529.0   540.6   550.1   555.7   557.4
   556.4   554.6   553.2   551.3   548.2
   546.6   543.8   543.0   543.2   543.7   543.8   544.1   544.7   546.2   547.8
   549.3   551.0   553.9   555.3   555.4   555.8   556.4   556.0   554.8   554.4
   555.6   557.1   558.9   561.0   561.7   560.1   558.5   558.9   560.3   561.5
   561.8   561.3   560.2   558.9   556.1   551.1   543.2   533.2   524.3   518.3
   514.0   510.7   508.3   507.4   507.2   506.8   507.9   510.5   512.9   513.9
   513.4   512.9   512.4   510.4   507.6   505.4   505.7   506.6   507.5   508.2
   508.2   507.9   507.8   508.0   508.1   508.1   508.4   508.9   509.7   512.1
   517.5   525.8   534.5   541.2   547.1   549.4   549.9   549.9   550.0   550.4
   550.9   551.0   550.9   550.5   549.9   548.5   546.6   545.3   545.5   547.4
   550.8   555.3   560.1   564.2   566.2   567.4   568.9   567.8   562.8   555.7
   548.9   543.4   539.9   537.2   533.3   528.0   522.9   520.4   521.0   523.8
   528.2   534.0   539.8   544.1   545.5   544.7   543.3   542.2   541.8   541.3
   539.9   535.9   527.8   516.7   506.4   500.0   497.6   497.0   497.0   497.4
   499.8   505.3   513.4   522.6   532.1   541.8   550.1   555.8   558.8   559.7
   558.7   556.5   553.9   550.7   546.6
   546.1   543.6   543.0   542.9   542.8   543.2   543.8   544.2   545.6   548.2
   551.2   553.7   556.5   558.4   559.4   560.1   560.5   560.2   559.6   559.8
   560.8   561.2   561.2   561.4   560.9   558.8   556.9   556.6   556.8   556.3
   556.1   556.2   556.2   556.1   555.3   552.6   548.0   540.8   532.2   524.6
   519.4   516.4   514.8   514.0   514.4   515.2   516.6   518.5   520.4   521.1
   520.7   519.7   517.9   514.4   510.6   508.4   508.9   510.1   511.2   511.4
   510.6   509.1   508.0   507.7   507.9   508.2   508.6   508.9   509.5   511.7
   517.0   525.2   533.7   540.5   546.7   549.4   549.9   550.0   550.0   550.1
   550.3   550.4   550.4   550.3   550.0   549.3   548.4   548.2   549.6   552.9
   557.7   563.5   569.2   573.0   573.9   572.9   571.6   569.3   565.4   560.3
   554.9   549.9   545.6   541.2   536.4   531.8   527.2   524.3   524.0   525.6
   529.7   535.7   542.0   546.6   547.8   546.4   544.0   542.6   542.3   542.2
   541.7   539.7   534.1   524.0   512.0   502.9   498.4   497.2   497.2   498.7
   503.7   513.4   525.6   536.5   544.8   550.9   555.0   557.2   558.4   559.1
   559.1   557.5   554.4   550.3   546.1
   543.0   541.7   541.8   542.3   542.5   542.8   542.8   542.8   544.2   548.4
   554.1   558.2   561.1   562.9   563.8   564.0   563.6   563.1   562.7   563.0
   564.0   564.1   563.3   562.1   560.4   558.2   556.2   555.3   554.6   553.4
   552.7   552.7   553.1   554.2   554.8   553.4   549.9   544.9   539.6   535.2
   531.4   528.6   526.8   525.8   525.8   526.2   526.4   527.1   527.9   527.8
   526.9   525.1   522.3   518.5   515.1   513.1   513.3   514.6   516.1   516.3
   514.7   512.1   509.7   508.5   508.2   508.4   508.6   508.8   509.3   511.6
   517.4   525.7   534.2   540.6   546.7   549.4   550.0   550.0   550.0   550.1
   550.2   550.3   550.4   550.4   550.4   550.4   550.9   552.4   555.4   559.8
   565.0   570.0   574.3   577.7   579.3   578.6   576.4   573.6   570.5   566.8
   562.3   558.0   554.2   549.3   544.0   539.4   534.7   531.0   529.3   529.6
   532.3   537.5   543.3   548.1   549.0   548.1   547.5   547.1   546.2   545.3
   544.7   543.8   540.3   531.8   519.1   507.3   500.2   497.7   498.0   501.5
   510.4   524.2   538.4   548.2   553.5   556.0   557.2   557.7   558.3   559.5
   560.2   557.8   552.7   547.2   543.0
   542.7   542.6   543.9   545.0   545.1   544.7   544.1   543.9   545.5   550.5
   557.6   562.8   565.7   567.4   568.1   567.9   566.6   565.0   563.8   563.7
   564.4   564.7   564.2   562.9   561.3   559.0   556.6   554.9   553.7   552.5
   551.6   551.5   552.1   553.6   554.9   554.8   552.4   548.8   545.7   543.4
   540.3   537.3   535.3   534.4   534.4   534.6   534.7   534.8   534.6   533.3
   531.8   529.4   525.8   522.4   519.8   518.2   518.0   518.7   519.4   519.3
   517.9   515.4   512.9   511.2   510.3   509.8   509.6   509.6   510.2   513.1
   519.9   528.6   537.0   542.2   547.3   549.8   550.4   550.5   550.6   550.8
   551.1   551.4   551.4   551.3   551.4   552.2   554.1   557.1   561.1   565.8
   570.4   574.0   576.8   579.2   581.2   581.5   580.2   578.0   575.6   572.9
   569.4   565.6   562.0   557.4   552.3   548.3   544.4   540.2   536.6   535.2
   536.7   540.0   544.4   549.0   551.6   554.2   557.4   557.7   554.9   553.2
   553.1   553.0   550.9   543.9   531.1   516.5   505.7   500.7   500.8   506.2
   518.0   533.6   546.9   554.2   556.8   557.6   557.8   558.0   558.7   559.6
   559.0   555.4   550.3   545.6   542.7
   546.6   546.9   547.6   548.4   548.8   548.9   548.3   548.2   550.3   555.1
   561.2   565.9   569.2   571.0   571.6   570.9   569.0   566.5   565.0   564.4
   564.3   564.2   563.8   563.1   562.2   560.6   558.1   555.6   553.9   553.0
   552.7   552.6   552.9   553.7   554.8   555.5   554.9   553.2   551.5   549.4
   546.8   544.3   542.3   541.1   540.8   541.0   540.5   539.9   539.3   537.8
   535.4   532.1   528.7   526.1   524.3   522.8   522.1   522.2   521.7   521.2
   520.7   520.3   520.2   519.8   518.8   517.5   516.4   515.8   516.3   519.7
   527.1   535.4   542.7   546.5   550.4   552.3   552.9   553.3   553.8   554.5
   555.2   555.7   555.6   555.1   554.8   555.7   558.2   561.9   566.0   570.2
   573.8   576.2   577.8   579.1   580.1   580.2   579.5   578.8   577.8   576.2
   573.9   571.4   568.5   564.7   560.6   557.2   554.2   550.7   547.0   544.9
   545.5   548.0   552.1   557.1   560.1   563.2   566.5   567.8   566.5   566.3
   567.4   568.6   568.3   563.8   553.0   537.8   523.2   513.9   511.2   515.5
   526.3   540.0   550.7   555.9   557.3   557.5   557.4   557.3   557.5   557.5
   556.2   552.9   549.5   547.5   546.6
   548.6   549.6   550.4   550.7   550.9   551.8   552.4   553.7   557.4   562.9
   567.4   570.4   572.8   574.1   574.1   572.9   570.5   568.0   566.4   565.5
   564.8   564.1   563.4   563.0   562.8   562.0   560.1   557.7   555.9   555.2
   555.1   555.3   555.5   555.7   556.2   556.7   556.7   555.5   553.9   552.7
   551.5   550.4   549.1   547.9   547.2   547.0   546.0   544.8   543.7   541.1
   536.1   531.9   529.8   528.8   528.5   528.3   528.4   528.1   526.9   526.3
   528.1   532.3   537.3   540.6   541.1   539.4   537.3   535.7   535.3   537.0
   541.5   546.5   550.9   554.3   557.5   559.0   559.7   560.4   561.3   562.4
   563.3   563.8   563.6   562.9   562.1   562.3   563.9   566.7   570.0   573.3
   575.9   577.6   578.4   579.0   579.4   579.3   578.9   578.8   578.8   578.5
   577.6   576.3   574.1   571.0   567.5   564.4   562.2   560.4   558.6   557.6
   557.8   559.4   562.9   566.6   569.5   571.3   573.0   574.6   576.2   578.1
   579.9   581.1   581.7   580.4   575.2   565.6   553.7   543.6   537.8   537.2
   541.5   548.2   553.7   556.3   556.8   556.6   556.2   555.6   554.9   554.2
   552.8   550.7   548.9   548.2   548.6
   550.1   552.2   554.1   555.1   554.9   554.7   555.9   559.1   564.6   570.0
   573.3   575.1   576.6   577.3   576.8   575.1   572.6   570.2   568.4   567.2
   566.1   564.9   563.7   563.2   563.1   563.0   562.4   561.3   560.0   558.8
   558.2   558.0   558.3   558.6   559.0   559.5   559.4   558.3   556.8   556.1
   555.7   555.5   554.9   553.9   552.8   552.2   551.2   549.6   547.8   544.3
   538.6   533.9   532.9   533.4   534.9   536.0   536.3   536.2   536.1   537.9
   543.0   551.4   560.2   566.2   568.3   567.5   565.7   563.9   562.4   560.7
   559.0   558.7   559.1   562.1   564.5   565.3   565.6   565.9   566.3   566.8
   567.2   567.4   567.4   567.1   566.9   567.0   568.0   569.8   572.3   575.0
   577.3   578.6   579.3   579.7   580.0   580.3   580.6   581.2   581.8   581.9
   581.1   579.6   577.9   575.9   573.1   570.6   569.2   568.6   568.5   569.4
   570.7   572.1   573.6   574.9   575.9   577.3   579.3   582.2   584.9   586.5
   586.9   586.9   586.9   586.8   585.6   582.6   577.9   573.0   568.7   565.3
   562.7   560.7   558.7   557.0   555.9   555.1   554.3   553.4   552.3   551.3
   550.1   549.0   548.3   548.7   550.1
   552.9   555.7   558.5   560.5   560.4   559.2   559.8   563.6   569.3   574.1
   576.9   578.5   579.7   580.4   580.0   578.6   576.5   574.0   571.5   569.6
   568.0   566.6   565.3   564.6   564.4   564.6   565.2   565.9   565.9   564.9
   563.4   562.3   562.1   562.6   563.2   563.8   563.8   562.8   561.4   560.5
   560.1   559.8   559.3   558.6   557.7   556.7   556.0   554.8   552.9   549.9
   544.8   540.7   540.2   541.3   542.6   543.8   545.6   547.7   549.8   553.6
   560.2   568.2   575.0   579.0   580.3   580.1   579.4   578.7   577.6   575.1
   570.7   567.3   565.1   566.6   567.5   567.6   567.6   567.7   567.8   567.9
   567.9   568.0   568.2   568.3   568.4   568.7   569.3   570.6   572.7   575.5
   578.0   579.7   580.5   580.9   581.3   581.7   582.1   582.7   583.3   583.3
   582.5   581.2   579.6   577.8   576.2   575.7   575.5   575.2   574.8   575.7
   577.3   579.1   580.8   581.2   581.1   581.7   583.7   586.0   587.7   588.4
   588.5   588.2   588.0   587.9   587.8   587.3   586.4   585.3   583.7   581.3
   577.1   570.8   563.7   558.2   555.2   553.7   552.7   551.8   550.9   550.1
   549.5   549.1   549.4   550.6   552.9
   559.6   562.2   564.2   565.2   564.8   563.6   564.0   566.9   571.2   575.1
   578.0   580.1   581.8   582.8   582.7   581.9   580.8   578.8   575.8   573.0
   570.5   568.7   567.5   566.9   566.6   566.7   567.4   568.6   569.4   569.2
   568.1   566.9   566.9   567.0   566.7   566.5   566.6   566.0   564.6   563.6
   562.9   562.2   562.0   562.0   561.9   561.2   560.5   560.0   559.0   557.5
   554.8   551.8   551.4   551.8   551.7   552.6   555.9   560.5   564.1   567.7
   572.2   576.6   579.8   581.7   582.5   582.7   582.6   582.4   581.9   580.0
   575.8   571.7   568.4   568.5   568.3   568.1   568.0   568.0   567.9   567.8
   567.6   567.7   568.1   568.6   569.0   569.3   569.7   570.5   572.2   574.9
   577.9   580.2   581.5   582.0   582.3   582.6   582.8   583.1   583.4   583.3
   582.8   582.2   580.9   579.2   578.5   579.3   579.8   579.5   579.3   580.5
   582.5   584.3   585.6   585.8   585.1   585.2   586.2   587.4   588.2   588.6
   588.6   588.3   588.1   588.0   588.0   588.0   587.9   587.7   587.3   586.0
   582.5   575.8   567.4   560.1   556.0   554.1   553.3   552.7   552.3   552.1
   552.2   552.8   554.2   556.7   559.6
   571.2   572.4   572.7   572.7   572.1   571.5   571.5   572.4   573.9   575.6
   577.9   580.5   583.0   584.7   585.0   584.6   583.9   582.0   579.2   576.4
   573.7   571.4   570.1   569.4   568.7   568.4   568.9   570.0   571.0   571.3
   570.5   569.4   569.6   570.2   569.9   569.6   569.5   569.2   568.5   568.2
   567.7   566.6   566.1   566.0   566.0   565.9   566.0   565.8   565.0   564.0
   562.4   560.4   561.3   563.5   564.5   565.0   566.7   569.3   571.5   574.4
   577.6   579.9   581.2   582.1   582.7   582.9   583.0   582.9   582.6   581.1
   577.7   573.6   569.9   569.1   568.4   568.1   568.0   568.0   567.7   567.2
   566.6   566.7   567.7   568.8   569.4   569.8   570.0   570.4   571.4   573.4
   576.2   579.1   581.2   582.3   582.7   582.9   583.0   583.2   583.3   583.2
   582.9   582.5   581.9   581.6   582.2   583.4   583.8   583.4   583.2   584.3
   586.2   587.7   588.3   587.9   587.4   587.6   588.2   588.5   588.6   588.6
   588.5   588.3   588.2   588.1   588.1   588.0   587.9   587.9   587.7   587.1
   585.1   580.3   573.1   566.1   561.7   559.9   559.5   559.6   559.9   560.5
   561.5   563.1   565.5   568.6   571.2
   579.9   579.5   579.3   579.6   579.6   579.4   579.1   578.6   578.0   578.1
   579.5   581.8   584.0   585.7   586.2   585.9   585.4   584.2   582.3   580.2
   577.3   574.6   573.0   571.9   570.7   570.1   570.4   571.4   572.3   572.7
   572.4   571.8   572.3   572.8   573.4   573.8   573.8   573.3   573.5   574.2
   573.6   572.2   572.3   572.8   572.5   571.8   571.4   571.5   570.9   569.9
   569.0   568.1   568.5   569.8   570.1   570.6   571.7   573.3   575.3   577.9
   580.5   582.1   582.8   583.1   583.2   583.1   583.0   583.0   582.7   581.3
   578.2   574.2   570.4   569.3   568.4   568.1   568.0   568.0   567.8   567.3
   566.7   566.8   568.1   569.2   570.0   570.3   570.4   570.6   570.9   571.9
   573.9   576.8   579.6   581.6   582.6   582.8   582.8   582.8   582.9   582.8
   582.7   582.6   582.8   583.4   584.4   585.5   585.8   585.3   584.9   585.7
   587.4   588.9   589.5   589.4   589.5   590.1   590.4   589.9   589.2   588.9
   588.7   588.5   588.4   588.3   588.1   588.0   587.8   587.6   587.4   587.2
   586.5   584.2   580.1   575.4   572.0   570.7   570.7   571.3   572.1   573.1
   574.3   575.7   577.4   579.1   579.9
   583.5   583.1   583.4   583.9   583.7   583.1   582.4   581.8   581.1   581.1
   582.1   583.7   585.1   586.1   586.6   586.3   585.6   584.9   584.3   582.8
   580.2   577.5   575.9   575.0   573.9   573.2   573.5   574.4   575.2   575.6
   576.1   576.6   576.9   576.4   576.4   577.3   577.5   577.3   577.7   578.7
   578.6   577.9   578.3   578.7   578.3   577.6   577.4   577.0   575.7   573.8
   572.7   572.1   572.1   572.1   572.0   572.7   574.3   576.2   578.3   580.6
   582.5   583.6   584.0   584.0   583.6   583.2   583.0   583.0   582.6   581.3
   578.3   574.4   570.6   569.3   568.4   568.1   568.1   568.2   568.3   568.1
   567.7   568.0   569.4   570.4   570.7   570.8   570.7   570.7   570.8   571.2
   572.2   574.4   577.5   580.3   582.0   582.6   582.7   582.6   582.5   582.5
   582.5   582.7   583.4   584.4   585.6   586.4   586.8   586.5   586.3   586.9
   588.5   590.0   590.7   590.9   591.5   592.2   592.2   590.9   589.6   589.0
   588.7   588.6   588.5   588.3   588.0   587.6   587.4   587.1   587.0   587.0
   587.0   586.4   584.8   582.6   580.8   580.1   580.2   580.7   581.2   581.8
   582.3   582.8   583.3   583.6   583.5
   585.6   585.6   586.0   586.3   585.7   584.6   583.8   583.3   583.1   583.4
   584.2   585.1   585.8   586.5   587.2   587.3   586.6   585.8   584.9   583.6
   582.0   580.6   579.8   579.2   578.5   577.8   577.7   577.9   578.3   578.8
   579.3   579.7   580.2   580.3   580.1   579.8   579.6   579.3   579.6   580.9
   581.9   582.4   582.8   582.6   582.0   581.8   581.4   580.1   577.6   575.0
   573.5   573.0   572.9   573.2   574.4   576.7   579.3   581.4   583.0   584.1
   584.6   584.6   584.4   584.1   583.6   583.2   583.1   583.0   582.6   581.2
   578.3   574.5   570.7   569.3   568.4   568.2   568.2   568.5   568.9   569.1
   569.2   569.7   570.8   571.3   571.3   571.1   570.9   570.9   570.9   571.0
   571.5   572.9   575.6   578.8   581.2   582.2   582.5   582.5   582.4   582.4
   582.5   582.9   583.6   584.5   585.4   585.9   586.1   585.9   586.0   586.7
   587.9   589.1   589.7   590.5   591.6   592.6   592.2   590.6   589.0   588.3
   588.1   588.1   588.0   587.7   587.3   587.0   586.8   586.7   586.8   586.9
   587.1   587.2   587.0   586.4   586.0   585.8   585.9   586.1   586.3   586.4
   586.5   586.4   586.3   586.0   585.6
   587.7   587.6   587.7   587.5   586.8   585.9   585.3   585.0   584.9   585.1
   585.4   585.8   586.1   586.5   587.1   587.4   587.0   586.0   584.8   583.8
   583.3   582.9   582.5   582.0   581.5   581.1   580.8   580.7   581.0   581.6
   582.2   582.3   582.8   583.8   583.5   582.4   581.0   580.2   580.2   581.4
   583.1   584.3   584.7   584.3   584.1   584.3   583.6   581.3   578.1   575.0
   573.0   572.3   572.8   574.8   578.4   582.2   585.1   586.6   587.2   587.1
   586.5   585.5   584.6   584.0   583.6   583.3   583.2   583.1   582.6   581.3
   578.6   575.0   571.3   569.6   568.5   568.3   568.3   568.5   568.8   569.3
   569.9   570.8   571.5   571.8   571.6   571.3   571.0   570.9   570.9   570.9
   571.1   572.1   574.3   577.5   580.4   581.9   582.4   582.5   582.5   582.5
   582.7   583.2   583.8   584.6   585.3   585.7   585.7   585.6   585.7   586.2
   587.0   587.7   588.3   589.4   591.0   592.0   591.5   589.8   588.4   587.5
   587.1   586.9   586.8   586.6   586.5   586.4   586.4   586.5   586.7   587.0
   587.3   587.5   587.7   587.8   588.0   588.1   588.3   588.4   588.4   588.4
   588.4   588.3   588.2   587.9   587.7
   588.6   588.7   588.7   588.6   588.1   587.5   587.2   586.9   586.7   586.5
   586.3   586.1   586.1   586.2   586.4   586.4   586.1   585.4   584.5   583.9
   584.0   584.1   583.8   583.4   583.2   583.3   583.5   583.9   584.5   585.6
   586.0   585.2   584.7   585.3   585.4   584.2   582.9   582.0   581.9   582.8
   584.1   585.3   585.7   585.6   585.5   585.7   585.1   583.2   580.4   577.5
   575.6   575.1   576.3   579.2   583.0   586.2   588.1   588.7   588.7   588.4
   587.8   586.8   585.8   585.1   584.5   584.2   583.9   583.7   583.2   581.9
   579.5   576.1   572.6   570.4   568.8   568.5   568.5   568.7   568.9   569.3
   570.0   570.8   571.5   571.6   571.4   571.1   571.0   571.0   570.9   570.9
   571.1   571.8   573.8   577.0   580.0   581.8   582.4   582.6   582.6   582.8
   583.0   583.5   584.2   584.9   585.5   585.8   585.8   585.7   585.8   586.1
   586.7   587.4   588.1   589.1   590.5   591.2   590.6   589.1   587.6   586.5
   585.8   585.5   585.6   585.9   586.1   586.3   586.4   586.6   586.9   587.1
   587.4   587.6   587.9   588.1   588.4   588.7   588.8   588.9   588.9   588.9
   588.9   588.9   588.8   588.7   588.6
   589.0   589.1   589.2   589.0   588.6   588.2   588.0   587.8   587.7   587.4
   587.0   586.6   586.4   586.3   586.2   586.1   585.8   585.2   584.4   583.9
   584.0   584.1   584.1   584.0   584.2   584.8   585.6   586.3   587.0   587.8
   587.6   586.5   585.7   585.7   585.5   585.0   584.2   583.9   584.0   584.6
   585.3   586.1   586.8   586.8   586.5   586.4   586.0   585.1   583.7   582.2
   581.3   581.3   582.5   584.6   586.8   588.3   589.0   589.2   589.1   588.8
   588.6   588.1   587.4   586.8   586.3   585.8   585.4   585.1   584.5   583.4
   581.2   578.1   574.8   571.9   569.6   568.9   568.9   569.1   569.3   569.6
   570.0   570.6   571.0   571.1   571.1   571.0   571.0   571.0   571.0   571.1
   571.3   572.1   574.0   577.1   580.1   581.9   582.6   582.7   582.9   583.0
   583.3   583.8   584.5   585.2   585.6   585.9   585.9   585.9   585.9   586.2
   586.9   587.7   588.5   589.4   590.2   590.3   589.3   587.8   586.4   585.6
   585.1   585.0   585.4   585.9   586.3   586.5   586.7   586.9   587.1   587.3
   587.6   587.7   587.9   588.1   588.4   588.7   588.9   589.0   589.0   589.0
   589.0   589.0   589.0   589.0   589.0
   589.1   589.1   589.0   588.8   588.5   588.3   588.1   588.0   587.9   587.7
   587.4   587.0   586.8   586.7   586.6   586.5   586.2   585.6   584.7   583.9
   583.5   583.4   583.5   583.8   584.5   585.5   586.4   586.8   587.0   587.0
   586.7   586.5   586.9   586.9   586.5   585.7   585.2   584.9   585.1   585.3
   585.4   585.6   586.6   587.3   587.3   586.7   586.3   586.1   585.9   585.5
   585.4   585.5   586.1   587.1   588.0   588.7   589.0   589.2   589.1   589.1
   588.9   588.8   588.5   588.2   587.8   587.4   587.0   586.6   586.1   585.1
   583.2   580.6   577.7   574.2   571.2   569.7   569.4   569.5   569.8   570.0
   570.3   570.6   570.9   571.0   571.0   571.0   571.1   571.1   571.3   571.7
   572.5   573.6   575.5   578.1   580.6   582.2   582.8   583.0   583.1   583.3
   583.6   584.1   584.7   585.3   585.7   585.9   586.0   586.0   586.1   586.5
   587.1   587.8   588.5   589.0   589.1   588.7   587.6   586.4   585.5   585.1
   585.0   585.2   585.7   586.3   586.7   586.9   587.0   587.1   587.3   587.5
   587.7   587.8   587.9   588.0   588.2   588.5   588.7   588.9   589.0   589.0
   589.0   589.0   589.0   589.1   589.1
   588.8   588.7   588.5   588.3   588.3   588.2   588.1   588.0   588.0   587.8
   587.5   587.2   587.0   586.9   586.9   586.8   586.7   586.2   585.5   584.6
   583.8   583.4   583.4   583.9   584.9   586.0   586.7   587.0   587.0   587.0
   586.8   586.7   587.0   587.2   586.8   586.2   585.6   585.3   585.4   585.5
   585.1   584.9   586.5   588.8   589.0   587.4   586.3   586.3   586.7   586.8
   586.8   586.9   587.0   587.4   587.9   588.3   588.7   588.9   589.0   589.0
   589.0   588.9   588.9   588.7   588.4   587.9   587.2   586.7   586.5   586.0
   584.8   582.9   580.7   577.4   574.0   571.4   570.3   570.0   570.2   570.4
   570.6   570.8   570.9   571.1   571.2   571.4   571.6   572.0   572.8   574.2
   575.9   577.5   579.1   580.6   582.0   582.8   583.1   583.3   583.4   583.7
   584.0   584.4   584.9   585.5   585.8   586.0   586.0   586.1   586.2   586.6
   587.1   587.7   588.1   588.2   587.9   587.4   586.6   585.8   585.4   585.3
   585.5   585.9   586.3   586.6   587.0   587.1   587.2   587.3   587.5   587.7
   587.8   587.9   588.0   588.0   588.1   588.3   588.5   588.7   588.8   588.9
   588.9   588.9   588.9   588.9   588.8
   588.4   588.2   588.1   588.0   588.1   588.2   588.2   588.1   588.0   587.8
   587.5   587.2   587.1   587.0   587.0   587.0   586.9   586.7   586.2   585.5
   584.6   583.9   583.7   584.3   585.3   586.2   586.8   587.0   587.1   587.1
   587.1   587.0   587.1   586.9   586.6   586.0   585.5   585.2   585.2   585.3
   585.3   585.4   587.4   590.4   589.9   587.3   586.2   586.6   587.1   587.1
   587.1   587.1   587.1   587.3   587.7   588.1   588.3   588.5   588.7   588.8
   588.9   588.9   588.8   588.6   588.0   586.9   585.7   585.2   585.4   585.9
   585.6   584.6   583.4   580.9   577.9   574.5   572.0   570.8   570.6   570.7
   570.8   571.1   571.4   571.9   572.6   573.3   574.1   575.0   576.5   578.4
   580.3   581.7   582.5   583.0   583.3   583.5   583.5   583.6   583.8   584.0
   584.2   584.6   585.1   585.6   585.9   586.0   586.0   586.1   586.3   586.6
   587.1   587.6   587.8   587.6   587.3   586.9   586.6   586.4   586.3   586.5
   586.8   587.1   587.1   587.0   587.2   587.2   587.4   587.5   587.7   587.8
   587.9   588.0   588.0   588.0   588.0   588.1   588.2   588.4   588.6   588.7
   588.7   588.6   588.6   588.5   588.4
   588.2   588.1   588.0   587.9   588.0   588.2   588.2   588.2   588.1   587.8
   587.5   587.2   587.0   587.0   587.0   587.0   587.0   586.9   586.7   586.3
   585.5   584.7   584.4   584.7   585.6   586.4   586.8   587.0   587.1   587.1
   587.1   587.0   586.9   586.7   586.3   585.8   585.4   585.1   585.0   585.0
   585.2   585.7   587.2   588.9   588.1   586.2   586.1   586.6   586.9   587.0
   587.1   587.0   587.0   587.2   587.7   588.0   588.2   588.3   588.4   588.5
   588.6   588.6   588.5   588.0   586.8   585.0   583.4   583.1   584.1   585.4
   585.9   585.6   585.3   584.0   582.0   578.6   575.0   572.6   571.6   571.5
   571.8   572.4   573.3   574.7   576.4   577.9   579.0   579.9   580.9   582.1
   583.0   583.6   583.8   583.8   583.8   583.8   583.8   583.9   584.0   584.2
   584.5   584.9   585.3   585.7   585.9   586.0   586.1   586.1   586.3   586.7
   587.1   587.4   587.5   587.3   587.1   586.9   586.8   586.8   586.7   586.8
   587.1   587.6   587.8   588.1   588.1   587.6   587.5   587.7   587.9   587.9
   588.0   588.0   588.0   588.0   588.0   588.0   588.1   588.2   588.3   588.4
   588.4   588.4   588.3   588.2   588.2
   588.3   588.3   588.2   588.2   588.3   588.5   588.6   588.6   588.4   588.0
   587.5   587.2   587.0   587.0   587.0   587.0   587.0   586.9   586.9   586.7
   586.3   585.7   585.3   585.4   586.0   586.6   586.9   587.0   587.0   587.0
   587.0   586.9   586.8   586.6   586.2   585.7   585.4   585.1   585.0   585.0
   585.0   585.4   586.0   586.6   586.1   585.7   585.8   586.0   586.2   586.6
   586.9   587.0   587.0   587.2   587.8   588.1   588.1   588.1   588.1   588.1
   588.2   588.1   587.8   587.1   585.5   583.5   582.0   582.1   583.6   585.3
   586.1   586.2   586.3   585.9   585.0   582.6   579.2   576.3   574.6   574.3
   575.0   576.2   577.8   579.6   581.4   582.6   583.2   583.5   583.6   583.8
   583.9   584.0   584.0   584.0   584.0   584.0   584.0   584.1   584.3   584.5
   584.7   585.0   585.4   585.7   586.0   586.1   586.1   586.2   586.4   586.7
   587.0   587.3   587.3   587.2   587.0   587.0   586.9   586.9   586.9   587.0
   587.5   588.2   588.7   588.8   588.2   587.4   587.6   587.9   588.0   588.0
   588.0   588.0   588.0   588.0   588.0   588.0   588.0   588.1   588.2   588.3
   588.3   588.4   588.3   588.3   588.3
   588.6   588.7   588.7   588.8   588.8   588.9   588.9   588.8   588.6   588.2
   587.7   587.3   587.1   587.1   587.1   587.0   587.0   587.0   587.0   586.9
   586.8   586.5   586.2   586.2   586.4   586.7   586.9   587.0   587.0   587.0
   587.0   586.9   586.8   586.6   586.2   585.8   585.5   585.3   585.1   585.0
   585.0   585.2   585.8   586.1   586.0   585.9   585.9   585.9   586.0   586.3
   586.7   586.9   587.0   587.3   587.8   588.1   588.1   588.1   588.0   588.0
   587.9   587.8   587.4   586.6   584.9   582.9   581.6   581.9   583.5   585.3
   586.3   586.5   586.7   586.7   586.5   585.5   583.5   581.4   580.0   579.7
   580.3   581.3   582.4   583.4   584.2   584.6   584.7   584.6   584.4   584.2
   584.1   584.0   584.0   584.0   584.0   584.0   584.1   584.2   584.3   584.6
   584.9   585.2   585.5   585.8   586.0   586.1   586.2   586.2   586.4   586.7
   587.0   587.1   587.1   587.1   587.0   587.0   587.0   587.0   587.1   587.4
   587.9   588.6   588.9   588.6   587.7   587.2   587.7   588.0   588.0   588.0
   587.9   587.9   588.0   588.0   588.0   588.0   588.0   588.0   588.1   588.3
   588.4   588.5   588.6   588.6   588.6
   588.9   588.9   589.0   589.0   589.0   589.0   589.0   589.0   588.8   588.5
   588.0   587.5   587.2   587.2   587.2   587.1   587.1   587.0   587.0   587.0
   587.0   586.9   586.8   586.7   586.8   586.9   587.0   587.0   587.0   587.0
   587.0   587.0   586.9   586.7   586.5   586.3   586.1   585.8   585.6   585.2
   585.0   585.2   585.9   585.9   585.6   585.5   585.6   585.8   586.0   586.2
   586.5   586.9   587.2   587.5   587.9   588.1   588.1   588.0   587.9   587.9
   587.7   587.6   587.2   586.3   584.7   582.7   581.5   581.9   583.5   585.3
   586.3   586.6   586.9   586.9   586.9   586.6   585.8   584.8   583.9   583.6
   583.8   584.2   584.5   584.8   584.9   585.0   584.9   584.8   584.5   584.2
   584.1   584.0   584.0   584.0   584.0   584.0   584.0   584.1   584.3   584.5
   584.9   585.2   585.6   585.9   586.1   586.2   586.2   586.3   586.5   586.7
   586.9   587.0   587.0   587.0   587.0   587.0   587.0   587.1   587.2   587.4
   587.9   588.5   588.7   588.4   587.7   587.5   587.9   588.1   588.1   588.0
   588.0   588.0   588.0   588.0   588.0   588.0   588.0   588.0   588.2   588.3
   588.6   588.7   588.8   588.8   588.9
   589.0   589.0   589.1   589.2   589.2   589.2   589.2   589.1   588.9   588.6
   588.1   587.6   587.2   587.1   587.1   587.0   587.0   587.0   587.0   587.0
   587.0   587.0   586.9   586.9   586.9   587.0   587.0   587.0   587.0   587.0
   587.0   587.0   587.0   586.9   586.8   586.8   586.7   586.6   586.3   585.9
   585.5   585.4   585.5   585.0   584.5   584.9   585.2   585.5   585.8   586.0
   586.3   586.8   587.3   587.7   588.0   588.1   588.0   587.9   587.8   587.7
   587.6   587.4   587.0   586.1   584.5   582.6   581.5   581.9   583.5   585.3
   586.3   586.7   586.9   587.0   587.0   586.8   586.5   585.8   585.2   584.9
   584.8   584.9   584.9   585.0   585.0   585.0   584.9   584.8   584.5   584.2
   584.1   584.0   584.0   584.0   584.0   584.0   584.0   584.0   584.1   584.3
   584.7   585.1   585.5   585.9   586.2   586.3   586.4   586.5   586.7   586.8
   587.0   587.0   587.0   587.0   587.0   587.0   587.0   587.0   587.1   587.2
   587.4   587.8   588.2   588.3   588.2   588.1   588.2   588.2   588.2   588.2
   588.2   588.1   588.1   588.0   588.0   588.0   588.0   588.0   588.1   588.3
   588.6   588.8   588.9   588.9   589.0
   589.0   589.0   589.0   589.1   589.2   589.3   589.2   589.1   588.9   588.6
   588.2   587.7   587.3   587.1   587.0   587.0   587.0   587.0   587.0   587.0
   587.0   587.0   587.0   587.0   587.0   587.0   587.0   587.0   587.0   587.0
   587.0   587.0   587.0   587.0   587.0   587.0   587.0   587.0   586.8   586.6
   586.2   585.7   585.1   584.2   583.9   584.4   584.9   585.3   585.6   585.8
   586.3   587.0   587.7   588.1   588.1   588.0   587.8   587.6   587.5   587.4
   587.3   587.1   586.8   585.9   584.3   582.5   581.4   581.8   583.5   585.3
   586.4   586.7   587.0   587.0   587.0   586.9   586.5   586.0   585.4   585.1
   585.0   585.0   584.9   584.9   584.8   584.9   584.9   584.8   584.5   584.2
   584.1   584.0   584.0   584.0   584.0   584.0   584.0   584.0   584.0   584.1
   584.3   584.7   585.2   585.7   586.2   586.5   586.6   586.7   586.9   586.9
   587.0   587.0   587.0   587.0   587.0   587.0   586.9   586.8   586.9   586.9
   587.0   587.2   587.7   588.2   588.7   588.8   588.7   588.5   588.3   588.3
   588.2   588.2   588.1   588.0   588.0   588.0   588.0   588.0   588.1   588.3
   588.5   588.8   588.9   589.0   589.0
   589.0   589.0   589.0   589.0   589.1   589.1   589.0   588.9   588.7   588.5
   588.1   587.7   587.3   587.1   587.0   587.0   587.0   587.0   587.0   587.0
   587.0   587.0   587.0   587.0   587.0   587.0   587.0   587.0   587.0   587.0
   587.0   587.0   587.0   587.0   587.0   587.0   587.1   587.2   587.2   587.0
   586.7   586.2   585.4   584.7   584.4   584.7   585.0   585.3   585.5   585.7
   586.3   587.1   587.8   588.1   588.1   588.0   587.7   587.5   587.4   587.1
   587.0   586.8   586.5   585.6   584.0   582.2   581.3   581.8   583.5   585.3
   586.4   586.8   587.0   587.0   587.0   586.9   586.5   586.0   585.5   585.1
   585.0   584.9   584.8   584.6   584.5   584.5   584.7   584.7   584.5   584.2
   584.1   584.0   584.0   584.0   584.0   584.0   584.0   584.0   584.0   584.0
   584.1   584.3   584.7   585.3   585.9   586.4   586.7   586.8   586.9   586.9
   586.9   586.9   586.9   586.9   587.0   587.0   586.9   586.9   586.9   587.0
   587.0   587.1   587.6   588.4   589.1   589.3   589.1   588.8   588.5   588.3
   588.2   588.1   588.0   588.0   588.0   588.0   588.0   588.0   588.1   588.2
   588.5   588.8   588.9   589.0   589.0
   589.0   589.0   589.0   589.0   589.0   588.9   588.8   588.7   588.5   588.3
   588.0   587.7   587.4   587.2   587.1   587.0   587.0   587.0   587.0   587.0
   587.0   587.0   587.0   587.0   587.0   587.0   587.0   587.0   587.0   587.0
   587.0   587.0   587.0   587.0   587.0   587.1   587.2   587.4   587.4   587.3
   587.1   586.7   586.3   586.0   586.0   586.2   586.2   586.0   585.8   585.8
   586.3   587.1   587.7   588.1   588.1   588.1   588.0   588.0   587.8   587.4
   587.0   586.6   586.1   585.0   583.4   581.9   581.4   582.1   583.8   585.5
   586.4   586.8   587.1   587.0   587.0   586.9   586.5   586.0   585.5   585.1
   585.0   585.0   584.8   584.6   584.5   584.5   584.7   584.7   584.5   584.2
   584.1   584.0   584.0   584.0   584.0   584.0   584.0   584.0   584.0   584.0
   584.0   584.1   584.3   584.7   585.3   585.9   586.3   586.5   586.5   586.6
   586.6   586.6   586.6   586.7   586.7   586.8   586.8   586.9   586.9   586.9
   586.8   586.9   587.5   588.3   589.0   589.2   589.0   588.8   588.6   588.3
   588.2   588.1   588.0   588.0   588.0   588.0   588.0   588.0   588.1   588.2
   588.5   588.7   588.9   589.0   589.0
   588.8   588.8   588.8   588.8   588.8   588.7   588.5   588.4   588.2   588.1
   588.0   587.8   587.6   587.4   587.2   587.1   587.0   587.0   587.0   587.0
   586.9   586.9   586.9   586.9   586.9   587.0   587.0   587.0   587.0   587.0
   587.0   587.0   587.0   587.0   587.0   587.0   587.1   587.2   587.3   587.3
   587.2   587.2   587.1   587.2   587.4   587.5   587.3   586.7   586.1   586.0
   586.4   587.3   588.0   588.4   588.4   588.3   588.2   588.3   588.3   587.8
   587.0   586.3   585.5   584.3   582.8   582.0   582.1   583.0   584.3   585.6
   586.4   586.8   587.1   587.1   587.0   586.9   586.5   586.0   585.5   585.1
   585.1   585.1   585.1   585.1   585.0   585.0   585.0   584.8   584.5   584.3
   584.2   584.0   583.9   584.0   584.0   584.0   584.0   584.0   584.0   584.0
   584.0   584.0   584.1   584.3   584.6   585.0   585.3   585.4   585.5   585.5
   585.6   585.6   585.7   585.8   586.0   586.1   586.3   586.4   586.4   586.2
   586.0   586.5   587.5   588.1   588.4   588.5   588.3   588.3   588.2   588.1
   588.0   588.0   587.9   587.9   587.9   587.9   587.9   587.9   588.0   588.1
   588.3   588.6   588.7   588.8   588.8
   588.2   588.3   588.3   588.4   588.4   588.3   588.2   588.2   588.2   588.2
   588.1   588.0   587.8   587.7   587.5   587.3   587.1   586.9   586.7   586.6
   586.4   586.2   586.1   586.1   586.3   586.6   586.9   587.0   587.0   587.0
   587.0   587.0   587.0   587.0   587.0   587.0   587.0   587.1   587.1   587.2
   587.2   587.4   587.6   587.8   588.0   588.0   587.9   587.3   586.8   586.7
   587.4   588.5   589.4   589.5   589.1   588.7   588.5   588.5   588.4   587.7
   586.6   585.5   584.5   583.3   581.9   581.1   581.4   582.3   583.4   584.6
   585.6   586.3   586.9   587.0   587.0   586.9   586.6   586.1   585.5   585.2
   585.1   585.2   585.4   585.5   585.6   585.5   585.2   584.9   584.6   584.5
   584.2   583.8   583.7   583.8   583.9   584.0   584.0   584.0   584.0   584.0
   584.0   584.0   584.0   584.0   584.1   584.3   584.4   584.4   584.4   584.5
   584.5   584.5   584.6   584.8   585.0   585.2   585.5   585.6   585.6   585.5
   585.5   586.1   587.1   587.2   586.8   586.5   586.5   586.5   586.6   586.7
   586.9   587.1   587.3   587.4   587.4   587.5   587.5   587.5   587.6   587.6
   587.8   587.9   588.0   588.1   588.2
   587.1   587.3   587.5   587.6   587.8   587.9   588.1   588.3   588.6   588.6
   588.4   588.1   588.0   587.9   587.7   587.3   586.8   586.1   585.4   584.7
   584.0   583.5   583.1   583.2   584.0   585.1   586.2   586.8   587.0   587.0
   587.0   587.0   587.0   587.0   587.0   587.0   587.0   587.0   587.0   587.1
   587.3   587.5   587.7   587.8   587.9   588.0   587.9   587.9   587.8   588.0
   588.7   589.7   590.4   590.4   589.9   589.2   588.8   588.5   588.2   587.5
   586.3   584.9   583.8   582.4   580.8   579.5   579.3   580.1   581.3   582.8
   584.4   585.6   586.7   586.9   586.9   586.9   586.6   586.1   585.6   585.2
   585.1   585.1   585.3   585.5   585.6   585.5   585.1   584.7   584.5   584.5
   584.1   583.6   583.5   583.7   583.9   584.0   584.0   584.0   584.0   584.0
   584.0   584.0   584.0   584.0   584.0   584.0   584.0   584.1   584.0   584.0
   584.1   584.1   584.1   584.1   584.2   584.3   584.5   584.6   584.7   584.7
   584.8   585.3   585.8   585.2   583.8   582.9   582.9   583.2   583.5   583.8
   584.3   584.8   585.2   585.5   585.7   585.9   586.0   586.1   586.2   586.4
   586.5   586.6   586.8   586.9   587.1
   586.1   586.3   586.6   586.9   587.2   587.5   587.8   588.3   588.7   588.7
   588.5   588.2   588.0   587.9   587.5   586.6   585.2   583.4   581.7   580.2
   578.8   577.8   577.1   577.3   578.8   581.3   584.0   585.8   586.7   587.0
   587.0   587.0   587.0   587.0   587.0   587.0   587.0   587.0   587.0   587.0
   587.1   587.2   587.3   587.4   587.6   587.6   587.8   588.1   588.5   588.7
   589.0   589.7   590.4   590.6   590.2   589.5   588.8   588.2   587.7   587.2
   586.1   584.4   582.8   581.1   579.3   577.8   577.4   578.1   579.4   581.2
   583.3   584.9   586.3   586.7   586.9   586.8   586.6   586.2   585.7   585.3
   585.1   585.0   585.1   585.1   585.2   585.0   584.7   584.5   584.4   584.4
   583.9   583.5   583.5   583.7   583.9   584.0   584.0   584.0   584.0   584.0
   583.9   583.8   583.8   583.9   584.0   584.0   584.0   584.0   584.0   584.0
   584.0   584.0   584.0   583.9   584.0   584.1   584.1   584.1   584.0   583.8
   583.6   583.8   584.1   583.4   581.8   580.9   580.9   581.2   581.5   581.8
   582.0   582.3   582.7   583.0   583.2   583.5   583.8   584.0   584.4   584.8
   585.1   585.4   585.6   585.8   586.1
   585.1   585.4   585.6   585.9   586.2   586.6   587.1   587.7   588.2   588.2
   588.1   588.0   587.9   587.5   586.4   584.3   581.6   578.9   576.7   574.9
   573.5   572.5   571.8   571.9   573.2   576.1   580.0   583.4   585.6   586.6
   586.9   587.0   587.0   586.9   586.9   586.9   586.9   586.8   586.7   586.7
   586.6   586.5   586.5   586.5   586.6   586.6   586.8   587.3   587.8   588.3
   588.6   589.1   589.9   590.4   590.5   590.1   589.4   588.4   587.6   587.1
   586.2   584.6   582.4   580.0   578.0   576.9   576.8   577.6   579.1   580.8
   582.7   584.4   585.9   586.4   586.7   586.8   586.6   586.2   585.7   585.3
   585.1   585.0   585.0   585.0   585.0   584.8   584.5   584.3   584.2   584.2
   584.0   583.8   583.7   583.9   584.0   584.0   584.0   584.0   583.9   583.4
   582.6   582.1   582.4   583.2   583.8   584.0   584.0   584.0   584.0   584.0
   584.0   584.0   584.0   584.0   584.1   584.5   584.8   584.8   584.3   583.7
   583.2   583.0   582.8   582.0   580.7   580.0   580.1   580.6   581.0   581.1
   581.2   581.3   581.4   581.6   581.8   582.0   582.2   582.6   583.2   583.7
   584.2   584.5   584.7   584.9   585.1
   584.0   584.2   584.3   584.5   584.6   584.9   585.5   586.4   587.1   587.4
   587.5   587.4   587.1   585.8   583.2   579.6   576.1   573.6   571.9   570.8
   570.0   569.5   569.1   569.1   569.8   571.8   575.3   579.4   582.9   585.3
   586.4   586.8   586.8   586.7   586.7   586.6   586.5   586.4   586.2   586.1
   586.0   585.8   585.7   585.5   585.3   585.1   584.9   584.9   585.3   586.1
   586.9   587.8   588.9   590.1   591.1   591.5   591.1   589.8   588.6   587.7
   586.6   584.9   582.3   579.5   577.5   576.6   576.9   577.8   579.1   580.5
   582.1   583.8   585.4   586.1   586.6   586.7   586.5   586.1   585.7   585.3
   585.1   585.0   585.0   585.0   584.9   584.8   584.5   584.2   584.1   584.1
   584.0   583.9   583.9   584.0   584.0   584.0   584.0   583.6   582.2   579.2
   575.4   573.5   575.3   579.3   582.4   583.7   583.9   584.0   584.0   584.0
   584.0   584.0   584.0   584.1   584.3   584.7   585.0   584.8   583.9   583.0
   582.9   582.9   582.5   581.5   580.5   580.0   580.1   580.5   580.9   581.0
   581.0   581.1   581.1   581.2   581.2   581.4   581.5   581.9   582.4   583.1
   583.5   583.7   583.8   583.9   584.0
   583.3   583.3   583.3   583.3   583.2   583.1   583.4   584.2   585.2   585.8
   586.1   585.9   584.8   582.2   578.2   574.1   571.2   569.6   569.0   568.7
   568.5   568.3   568.2   568.2   568.4   569.2   571.2   574.4   578.3   582.0
   584.6   585.9   586.2   586.2   586.1   585.9   585.8   585.6   585.5   585.3
   585.1   584.9   584.7   584.4   583.8   583.1   582.5   582.3   582.7   583.5
   584.2   585.2   586.8   588.5   590.0   591.1   591.5   591.0   590.0   588.9
   587.3   585.3   582.6   579.6   577.6   576.8   577.0   577.8   578.7   579.8
   581.3   582.9   584.4   585.4   586.2   586.4   586.3   585.9   585.5   585.2
   585.0   585.0   585.0   585.0   584.9   584.8   584.5   584.2   584.1   584.0
   584.0   584.0   584.0   584.0   584.0   583.9   583.1   580.3   573.9   563.9
   553.9   550.1   555.7   566.9   576.5   581.4   583.0   583.6   583.9   584.0
   584.0   584.0   584.0   584.0   584.0   584.1   584.2   583.7   582.8   582.1
   582.3   582.6   582.2   581.4   580.7   580.5   580.6   580.9   581.0   581.1
   581.0   581.0   581.0   581.1   581.0   580.8   580.4   580.1   580.6   581.6
   582.6   583.1   583.2   583.2   583.3
   583.0   583.0   583.0   582.8   582.3   581.5   581.1   581.5   582.4   583.3
   583.7   583.3   581.4   577.9   573.9   570.6   568.9   568.3   568.1   568.1
   568.1   568.0   568.0   568.0   568.0   568.2   568.8   570.5   573.4   577.3
   581.1   583.8   585.1   585.4   585.3   585.1   584.9   584.7   584.5   584.3
   584.1   583.8   583.5   583.0   582.0   580.6   579.4   579.0   579.6   580.6
   581.6   583.1   585.1   586.7   587.6   588.4   589.1   589.5   589.5   588.9
   587.6   585.9   583.3   580.3   578.2   577.4   577.5   577.9   578.4   579.1
   580.2   581.5   582.9   584.2   585.2   585.5   585.2   584.4   583.8   583.9
   584.5   584.9   585.0   585.0   584.9   584.7   584.3   584.0   584.0   584.0
   584.0   584.0   584.0   584.0   583.9   582.7   578.7   569.5   554.9   537.9
   524.4   520.8   529.7   546.3   562.1   572.0   577.3   580.5   582.6   583.7
   583.9   584.0   584.0   583.9   583.6   583.2   582.8   582.4   582.0   581.7
   581.8   582.0   582.0   581.5   581.1   581.0   581.1   581.1   581.1   581.1
   581.1   581.0   581.0   580.9   580.2   578.2   574.8   572.0   571.9   574.7
   578.6   581.4   582.7   583.0   583.0
   582.9   583.0   583.0   582.9   582.5   581.7   580.7   580.3   580.6   581.3
   581.6   580.4   577.6   574.0   570.9   569.0   568.2   568.0   568.0   568.0
   568.0   568.0   568.0   568.0   568.0   568.0   568.1   568.6   570.0   572.9
   576.8   580.6   583.2   584.4   584.7   584.5   584.3   584.0   583.8   583.5
   583.2   582.8   582.4   581.7   580.5   578.9   577.4   576.7   577.3   578.8
   580.4   582.6   584.8   586.2   586.4   586.1   586.1   586.1   586.2   586.2
   585.8   584.9   583.1   580.6   578.6   577.7   577.6   577.7   577.9   578.1
   578.4   579.2   580.3   582.2   583.5   582.9   580.2   576.6   574.9   576.7
   580.5   583.5   584.7   584.8   584.4   583.6   582.6   582.3   582.8   583.4
   583.8   583.9   583.9   583.8   582.6   578.0   567.5   550.9   531.6   515.0
   505.0   503.3   510.3   523.7   538.2   550.1   559.6   568.5   576.1   581.0
   583.2   583.8   583.8   583.7   583.3   582.6   581.7   580.9   580.4   580.4
   580.8   581.4   581.7   581.7   581.5   581.4   581.4   581.3   581.2   581.0
   580.8   580.7   580.5   579.5   576.0   568.6   558.4   550.2   548.6   554.5
   564.5   573.8   579.7   582.2   582.9
   581.9   582.9   583.0   583.0   582.9   582.6   582.1   581.6   581.4   581.1
   579.9   577.3   573.9   571.1   569.4   568.7   568.5   568.2   568.1   568.0
   568.0   568.0   568.0   568.0   568.0   568.0   568.0   568.1   568.5   569.9
   572.7   576.4   580.1   582.6   583.7   583.9   583.7   583.4   583.0   582.7
   582.3   581.8   581.3   580.8   580.0   578.9   578.1   577.9   578.8   580.0
   581.4   583.2   585.2   586.6   586.6   585.4   583.9   582.5   581.7   581.8
   581.8   581.2   579.9   577.9   576.3   575.6   575.5   575.6   575.6   575.4
   574.9   575.3   576.2   578.2   579.0   574.4   564.7   554.2   549.8   554.9
   565.8   576.0   581.5   582.5   580.7   577.2   573.9   573.2   575.5   579.0
   581.5   582.6   582.7   581.7   577.5   567.1   550.0   530.0   513.0   502.4
   497.8   497.6   501.0   507.9   516.3   524.7   534.0   546.2   560.0   571.8
   579.2   582.4   583.2   583.2   582.9   582.2   581.1   579.9   579.1   579.1
   580.0   581.0   581.6   581.8   581.7   581.6   581.4   581.0   580.2   579.2
   578.3   577.5   576.2   572.7   564.5   550.9   535.3   523.8   520.9   527.4
   540.8   556.5   569.8   578.2   581.9
   577.6   581.7   582.9   583.0   583.0   583.0   582.8   582.6   581.8   580.2
   577.4   573.9   571.1   569.7   569.5   569.8   569.5   568.9   568.3   568.1
   568.0   568.0   568.0   568.0   568.0   568.0   568.0   568.0   568.1   568.5
   569.8   572.5   576.2   579.8   582.1   582.9   582.9   582.6   582.2   581.8
   581.4   580.9   580.5   580.1   579.7   579.3   579.1   579.4   580.1   581.0
   581.9   583.2   584.8   586.1   586.0   584.3   581.8   579.0   576.8   576.4
   576.6   575.8   573.8   571.0   568.8   567.9   568.0   568.3   568.6   568.6
   568.5   569.1   570.1   570.1   568.2   557.2   539.9   524.0   517.9   524.5
   540.3   557.2   568.1   570.5   565.9   557.5   550.1   548.4   553.6   562.3
   569.8   573.8   574.8   572.2   563.8   548.5   529.5   512.6   502.0   497.4
   496.3   496.6   498.6   502.5   507.5   512.2   517.7   526.7   540.3   555.8
   569.0   576.9   580.4   581.5   581.8   581.7   581.1   580.2   579.4   579.4
   580.2   581.1   581.6   581.8   581.8   581.4   580.2   577.6   573.7   569.8
   566.7   564.1   561.0   555.2   544.6   530.5   517.3   509.1   507.0   510.6
   520.2   535.4   552.9   568.0   577.6
   567.8   577.6   581.7   582.8   583.0   583.0   582.9   582.4   581.0   578.1
   574.4   571.2   569.5   569.2   569.9   570.3   569.8   568.8   568.3   568.1
   568.0   568.0   568.0   568.0   568.0   568.0   568.0   568.0   568.0   568.1
   568.5   569.9   572.8   576.5   579.8   581.6   582.0   581.8   581.4   581.0
   580.6   580.3   580.0   579.7   579.5   579.4   579.5   579.9   580.4   581.1
   581.8   582.7   583.8   584.4   583.8   581.9   579.3   576.6   574.2   572.9
   572.0   570.0   566.4   561.9   558.5   557.1   557.1   557.5   558.1   559.1
   560.6   561.8   562.7   558.3   552.1   537.4   519.0   505.1   500.1   504.1
   515.4   529.5   539.8   542.2   537.1   528.1   520.6   518.7   523.7   533.1
   542.5   548.7   550.9   548.0   539.0   525.1   511.1   501.6   497.3   496.2
   496.1   496.6   498.2   501.6   505.7   509.2   511.8   516.1   524.6   537.7
   552.1   563.5   570.7   575.1   578.3   580.2   580.9   580.8   580.6   580.6
   581.0   581.4   581.6   581.6   580.9   578.5   573.3   564.9   555.0   546.7
   541.1   537.7   534.7   530.0   522.6   514.0   507.4   504.2   503.4   504.5
   508.8   518.4   534.0   552.2   567.8
   552.2   567.8   577.5   581.7   582.8   582.9   582.6   581.7   579.4   575.7
   572.0   569.4   568.2   567.9   567.8   567.3   566.7   566.8   567.4   567.8
   568.0   568.0   568.0   568.0   568.0   568.0   568.0   568.0   568.0   568.0
   568.1   568.9   570.9   574.3   577.9   580.3   581.1   581.0   580.7   580.4
   580.1   579.9   579.7   579.5   579.5   579.5   579.6   580.0   580.5   581.0
   581.5   582.0   582.5   582.4   581.4   579.7   577.7   576.0   574.5   572.6
   569.8   565.6   560.7   556.3   553.6   552.3   551.8   551.8   552.1   553.1
   555.0   556.1   556.4   549.4   540.9   525.7   509.3   498.8   495.2   496.2
   500.6   507.3   513.0   514.9   512.8   508.9   505.8   504.9   506.9   510.9
   515.6   519.2   520.8   519.2   514.0   506.6   500.4   497.1   496.1   496.0
   496.1   496.6   498.2   501.5   505.5   508.8   510.6   512.0   515.6   522.8
   532.7   542.4   550.7   558.9   567.3   574.3   578.6   580.4   580.9   581.0
   581.2   581.4   581.3   580.2   576.4   568.6   556.9   543.3   531.1   523.1
   519.2   517.5   516.2   514.0   510.4   506.6   504.1   503.2   503.0   503.2
   504.3   508.5   518.2   533.8   552.2
   533.8   552.1   567.7   577.3   581.4   582.3   581.9   580.4   577.5   573.6
   570.4   568.6   567.9   567.2   566.1   565.0   564.7   565.8   567.1   567.8
   568.0   568.0   568.0   568.0   568.0   568.0   568.0   568.0   568.0   568.0
   568.1   568.6   570.2   573.3   576.8   579.3   580.4   580.5   580.2   580.0
   579.8   579.6   579.5   579.5   579.5   579.6   579.7   580.0   580.5   580.9
   581.3   581.4   581.2   580.5   579.2   577.5   575.9   574.5   572.8   569.9
   565.5   560.8   557.2   555.3   554.4   553.2   551.6   550.6   550.4   550.9
   552.1   552.6   552.2   545.1   536.4   521.5   506.5   497.7   494.7   494.5
   496.0   498.8   501.8   503.5   503.6   503.0   502.4   502.2   502.5   503.4
   504.5   505.5   505.8   504.8   502.3   499.1   497.0   496.2   496.0   496.0
   496.1   496.6   498.2   501.5   505.5   508.8   510.4   511.1   512.3   515.4
   520.3   525.7   531.2   538.8   549.4   561.1   571.0   577.1   580.0   580.8
   581.1   581.0   579.5   574.5   564.5   550.5   535.9   523.9   516.2   512.5
   511.3   511.0   510.5   509.2   507.0   504.8   503.5   503.1   503.0   503.0
   503.1   504.3   508.4   518.2   533.8
   518.1   533.7   551.9   567.3   576.6   580.4   580.7   579.0   575.8   572.2
   569.6   568.4   568.0   567.8   567.5   567.1   567.0   567.3   567.8   568.0
   568.0   568.0   568.0   568.0   568.0   568.0   568.0   568.0   568.0   568.0
   568.1   568.5   570.0   572.8   576.2   578.7   579.9   580.0   579.9   579.8
   579.6   579.6   579.5   579.6   579.6   579.6   579.8   580.1   580.5   580.9
   581.0   580.7   579.7   578.1   576.1   573.9   571.7   569.6   567.0   563.3
   558.9   555.1   553.4   553.9   554.8   554.0   551.9   550.5   550.1   550.2
   550.6   550.1   549.0   541.8   532.7   518.2   504.6   497.0   494.5   494.4
   495.2   497.1   499.4   501.1   501.9   502.0   502.0   502.0   502.0   502.1
   502.2   502.3   502.1   501.2   499.4   497.6   496.4   496.1   496.0   496.0
   496.1   496.6   498.2   501.5   505.5   508.8   510.4   511.0   511.7   513.5
   516.6   519.8   522.5   526.5   533.8   544.7   557.3   568.2   575.4   578.8
   579.7   578.3   573.0   562.1   546.7   531.3   519.9   513.6   511.0   510.2
   510.1   510.0   509.6   508.5   506.5   504.6   503.5   503.1   503.0   503.0
   503.0   503.1   504.3   508.4   518.1
   508.4   518.0   533.4   551.2   566.2   575.1   578.2   577.4   574.5   571.4
   569.2   568.3   568.0   568.0   567.9   567.9   567.9   567.9   568.0   568.0
   568.0   568.0   568.0   568.0   568.0   568.0   568.0   568.0   568.0   568.0
   568.1   568.5   569.9   572.5   575.8   578.4   579.5   579.8   579.7   579.7
   579.6   579.6   579.6   579.6   579.7   579.7   579.9   580.1   580.5   580.8
   580.7   579.6   577.3   574.2   570.8   567.5   564.6   562.0   559.3   556.4
   553.4   550.8   549.3   548.9   549.7   550.3   550.3   550.1   550.0   549.9
   549.2   547.3   544.8   536.5   526.1   512.2   501.1   495.7   494.3   494.3
   495.2   496.9   499.1   500.8   501.7   502.0   502.0   502.0   502.0   502.0
   502.0   502.0   501.6   500.7   499.0   497.4   496.4   496.1   496.0   496.0
   496.1   496.6   498.2   501.5   505.6   508.8   510.4   511.0   511.7   513.3
   516.0   518.8   520.5   521.9   524.9   531.1   540.9   552.7   563.2   569.8
   571.6   568.2   558.8   544.4   529.4   518.2   512.5   510.5   510.0   510.0
   510.0   509.9   509.5   508.4   506.5   504.6   503.5   503.1   503.0   503.0
   503.0   503.0   503.1   504.3   508.4
   504.2   508.3   517.7   532.8   550.1   564.5   572.7   574.9   573.3   570.8
   569.0   568.2   568.0   568.0   568.0   568.0   568.0   568.0   568.0   568.0
   568.0   568.0   568.0   568.0   568.0   568.0   568.0   568.0   568.0   568.0
   568.1   568.5   569.8   572.4   575.6   578.1   579.3   579.7   579.7   579.6
   579.6   579.6   579.7   579.7   579.8   579.8   579.9   580.2   580.5   580.7
   580.1   578.0   573.8   568.6   563.8   559.9   557.1   555.0   553.4   552.0
   550.9   550.1   549.6   549.5   549.7   549.9   550.0   550.0   549.9   549.2
   547.0   543.1   538.5   528.8   517.4   505.5   497.7   494.7   494.1   494.3
   495.1   496.8   499.1   500.9   501.7   502.0   502.0   502.0   502.1   502.0
   502.0   501.9   501.6   500.7   499.0   497.3   496.4   496.1   496.0   495.9
   496.0   496.5   498.2   501.6   505.7   508.9   510.4   511.0   511.6   513.3
   516.0   518.7   520.4   521.0   521.6   523.5   527.9   535.0   543.1   549.2
   550.5   546.0   536.7   525.7   516.8   511.9   510.3   510.0   510.0   510.0
   510.0   509.9   509.5   508.4   506.5   504.6   503.5   503.1   503.0   503.0
   503.0   503.0   503.0   503.1   504.2
   503.1   504.2   508.2   517.4   532.0   548.6   562.2   569.6   571.2   570.1
   568.8   568.2   568.0   568.0   568.0   568.0   568.0   568.0   568.0   568.0
   568.0   568.0   568.0   568.0   568.0   568.0   568.0   568.0   568.0   568.0
   568.1   568.5   569.8   572.3   575.5   578.0   579.3   579.6   579.7   579.7
   579.7   579.7   579.8   579.8   579.8   579.9   580.0   580.2   580.5   580.5
   579.6   576.5   570.6   563.9   558.6   555.1   553.1   551.8   551.0   550.5
   550.1   550.0   550.0   549.9   550.0   550.0   550.0   550.0   549.7   548.0
   543.7   537.0   529.8   519.0   507.8   499.3   495.3   494.1   494.0   494.1
   494.6   496.3   499.3   501.3   501.9   502.0   502.1   502.4   502.7   502.4
   502.1   502.0   501.9   501.1   498.9   496.8   496.1   496.0   495.7   495.4
   495.1   495.8   498.0   501.7   505.9   509.0   510.4   510.8   511.4   513.1
   516.0   518.8   520.5   521.2   521.2   521.3   522.2   524.3   527.1   528.9
   528.1   524.3   518.9   514.1   511.3   510.2   510.0   510.0   510.1   510.1
   510.1   509.9   509.5   508.4   506.5   504.6   503.5   503.1   503.0   502.9
   502.9   503.0   503.0   503.0   503.1
   503.0   503.1   504.2   508.0   516.8   530.5   545.9   558.4   565.5   568.0
   568.3   568.1   568.0   568.0   568.0   568.0   568.0   568.0   568.0   568.0
   568.0   568.0   568.0   568.0   568.0   568.0   568.0   568.0   568.0   568.0
   568.1   568.5   569.7   572.3   575.5   578.0   579.2   579.6   579.7   579.7
   579.8   579.8   579.8   579.9   579.9   580.0   580.1   580.2   580.5   580.5
   579.3   575.3   568.4   560.8   555.5   552.7   551.4   550.7   550.3   550.1
   550.0   550.0   550.0   550.0   550.0   550.0   550.0   549.9   549.1   545.9
   539.0   529.8   520.3   510.0   500.6   495.7   494.2   494.0   494.0   494.0
   494.4   495.9   498.9   501.3   501.9   502.1   502.8   505.3   507.5   505.5
   503.0   502.1   501.9   501.0   498.7   496.7   496.0   495.5   493.9   491.9
   492.4   493.9   497.2   501.8   506.4   509.4   510.4   510.2   510.6   512.6
   515.9   519.1   521.2   522.1   521.9   521.4   521.2   521.3   521.6   521.1
   519.0   515.8   512.7   510.9   510.1   510.0   510.1   510.3   510.5   510.6
   510.5   510.1   509.6   508.4   506.5   504.6   503.5   503.0   502.8   502.5
   502.4   502.7   502.9   503.0   503.0
   503.0   503.0   503.1   504.1   507.4   514.8   526.5   540.2   552.4   560.9
   565.6   567.5   568.0   568.0   568.0   568.0   568.0   568.0   568.0   568.0
   568.0   568.0   568.0   568.0   568.0   568.0   568.0   568.0   568.0   568.0
   568.1   568.5   569.7   572.3   575.5   578.0   579.3   579.7   579.8   579.8
   579.8   579.9   579.9   579.9   580.0   580.0   580.1   580.3   580.5   580.4
   579.0   574.6   567.0   559.0   553.8   551.5   550.6   550.3   550.1   550.0
   550.0   550.0   550.0   550.0   550.0   550.0   550.0   549.7   547.8   542.3
   532.8   522.2   511.9   503.6   496.9   494.5   494.0   494.0   494.0   494.0
   494.1   495.0   497.7   500.7   501.8   502.1   502.6   504.6   506.0   505.7
   504.5   502.6   501.8   500.5   497.9   496.4   496.1   496.1   496.2   495.1
   494.2   494.7   497.6   502.4   507.2   510.4   511.4   510.6   510.3   512.4
   516.0   519.5   522.1   523.2   522.7   521.8   521.2   521.0   520.7   519.6
   517.2   514.1   511.6   510.4   510.1   510.1   510.3   510.9   511.6   511.8
   511.4   510.6   509.7   508.4   506.5   504.6   503.4   502.8   502.2   501.4
   501.2   501.8   502.6   502.9   503.0
   503.0   503.0   503.0   503.1   503.7   506.0   511.5   520.9   533.5   546.9
   558.1   564.8   567.4   567.9   568.0   568.0   568.0   568.0   568.0   568.0
   568.0   568.0   568.0   568.0   568.0   568.0   568.0   568.0   568.0   568.0
   568.1   568.4   569.7   572.3   575.4   578.0   579.3   579.7   579.8   579.8
   579.9   579.9   580.0   580.0   580.0   580.1   580.1   580.3   580.4   580.3
   578.8   574.2   566.2   558.0   552.9   550.9   550.3   550.1   550.0   550.0
   550.0   550.0   550.0   550.0   550.0   550.0   549.8   548.4   544.0   535.7
   525.0   515.1   505.8   499.6   495.3   494.2   494.1   494.2   494.2   494.2
   494.1   494.4   496.1   499.2   501.3   501.7   501.2   500.4   500.1   500.3
   501.1   501.7   501.7   500.5   497.9   496.4   496.1   496.7   498.8   499.2
   497.7   497.4   499.1   503.0   507.6   511.0   512.1   511.5   511.3   513.3
   516.6   519.5   521.6   522.3   521.8   521.2   521.0   521.0   520.7   519.5
   517.1   513.9   511.5   510.4   510.0   509.8   509.8   510.2   510.9   511.3
   511.0   510.4   509.6   508.4   506.5   504.6   503.5   503.0   502.3   501.2
   500.8   501.4   502.3   502.8   503.0
   503.3   503.3   503.3   503.3   503.4   503.7   505.2   509.5   518.4   532.4
   548.0   559.9   565.6   567.3   567.5   567.5   567.5   567.5   567.5   567.5
   567.5   567.5   567.5   567.5   567.5   567.5   567.5   567.5   567.5   567.5
   567.6   568.0   569.2   571.8   574.9   577.5   578.7   579.2   579.3   579.3
   579.3   579.4   579.4   579.4   579.5   579.5   579.6   579.7   579.8   579.7
   578.1   573.4   565.4   557.2   552.2   550.3   549.9   549.8   549.8   549.7
   549.7   549.7   549.7   549.7   549.7   549.6   548.3   544.1   535.8   525.3
   516.3   509.6   503.1   498.3   495.1   494.6   494.8   495.2   495.6   495.5
   494.5   494.3   495.1   497.6   500.6   501.8   502.0   502.0   501.9   501.9
   501.9   502.0   501.9   501.1   498.7   496.7   496.2   496.2   496.4   496.4
   497.8   498.4   499.7   503.0   507.4   510.8   512.3   512.3   512.6   514.4
   516.8   518.4   519.0   519.0   519.0   519.5   520.3   520.8   520.7   519.6
   517.2   514.1   511.7   510.6   510.2   509.8   509.2   509.0   509.3   509.8
   510.0   510.0   509.6   508.5   506.6   504.9   504.2   504.0   503.5   502.4
   501.8   502.3   502.9   503.2   503.3
   505.9   505.9   505.9   505.9   505.9   505.9   506.1   507.6   512.7   523.9
   539.4   553.0   560.6   563.2   563.7   563.7   563.7   563.7   563.7   563.7
   563.7   563.7   563.7   563.7   563.7   563.7   563.7   563.7   563.7   563.7
   563.8   564.1   565.3   567.6   570.4   572.7   573.9   574.3   574.4   574.4
   574.4   574.4   574.5   574.5   574.5   574.5   574.6   574.7   574.8   574.6
   573.2   568.9   561.6   554.3   549.8   548.1   547.8   547.7   547.7   547.7
   547.7   547.7   547.7   547.7   547.6   546.8   543.6   536.2   525.5   515.9
   510.8   507.9   504.5   500.8   498.4   497.9   497.6   496.4   496.2   496.3
   496.6   496.1   496.2   497.4   500.3   502.6   503.4   503.5   503.5   503.5
   503.5   503.5   503.4   502.7   500.6   498.6   497.9   497.8   497.9   498.0
   499.9   500.7   502.0   504.9   508.7   511.7   513.1   513.6   514.4   516.1
   518.0   519.3   519.8   519.9   520.2   520.8   521.5   521.8   521.6   520.5
   518.4   515.6   513.5   512.5   512.1   511.8   511.3   510.6   510.3   510.6
   511.1   511.5   511.3   510.2   508.6   507.2   506.8   507.1   506.8   505.8
   505.2   505.6   505.9   505.9   505.9
   513.5   513.5   513.5   513.5   513.5   513.5   513.5   514.0   516.5   523.3
   534.0   544.2   550.1   552.1   552.4   552.4   552.5   552.5   552.5   552.5
   552.5   552.5   552.5   552.5   552.5   552.5   552.5   552.5   552.5   552.5
   552.5   552.7   553.5   555.1   557.0   558.6   559.4   559.6   559.7   559.7
   559.7   559.7   559.7   559.8   559.8   559.8   559.8   559.9   559.9   559.8
   558.9   555.9   551.0   545.9   542.9   541.9   541.7   541.7   541.7   541.7
   541.7   541.7   541.7   541.6   541.3   539.8   535.6   528.4   519.9   513.9
   511.9   510.9   509.5   508.5   508.0   508.1   508.3   509.4   509.6   509.6
   509.7   509.7   509.8   510.1   511.4   513.1   514.0   514.1   514.2   514.2
   514.2   514.2   514.1   513.7   512.5   511.3   510.9   510.9   510.8   510.7
   509.7   509.7   510.7   512.6   515.1   517.1   518.1   518.5   519.2   520.4
   521.9   523.0   523.5   523.7   523.8   524.0   524.2   524.2   524.0   523.3
   521.9   520.0   518.6   517.9   517.7   517.6   517.4   517.1   516.9   517.0
   517.3   517.4   517.1   516.3   515.1   514.2   513.9   514.1   514.1   513.9
   513.8   513.8   513.7   513.5   513.5
   518.0   518.0   518.0   518.0   518.1   518.1   518.3   518.8   520.5   525.0
   532.0   539.0   543.2   544.8   545.2   545.3   545.3   545.4   545.4   545.5
   545.5   545.5   545.5   545.5   545.5   545.5   545.5   545.5   545.6   545.6
   545.6   545.8   546.4   547.5   548.7   549.8   550.4   550.5   550.6   550.6
   550.7   550.7   550.7   550.7   550.7   550.7   550.7   550.7   550.7   550.5
   549.7   547.7   544.4   541.1   539.0   538.3   538.1   538.0   538.0   537.9
   537.9   537.8   537.7   537.5   536.8   534.8   530.7   524.9   519.6   516.8
   516.7   516.5   515.8   514.9   514.3   514.1   513.9   512.9   512.6   512.5
   512.5   512.8   512.9   513.1   513.6   515.1   516.2   516.5   516.6   516.6
   516.6   516.6   516.5   516.2   515.2   514.2   513.9   513.9   513.9   514.0
   514.9   515.4   516.1   517.4   519.1   520.4   521.1   521.5   522.0   522.9
   524.0   524.8   525.2   525.4   525.5   525.5   525.5   525.5   525.3   524.8
   523.8   522.6   521.7   521.2   521.0   521.0   520.9   520.8   520.8   520.8
   520.8   520.7   520.4   519.8   519.1   518.4   518.1   518.1   518.1   518.1
   518.1   518.1   518.0   518.0   518.0
   524.1   524.2   524.3   524.5   524.8   525.2   525.8   526.5   527.4   528.8
   530.6   532.3   533.5   534.2   534.6   535.0   535.3   535.5   535.7   535.8
   535.9   536.0   536.1   536.1   536.2   536.3   536.3   536.4   536.5   536.6
   536.7   536.8   537.1   537.4   537.7   538.0   538.1   538.2   538.3   538.4
   538.4   538.5   538.5   538.5   538.4   538.3   538.2   538.1   537.8   537.5
   537.0   536.4   535.5   534.7   534.2   533.8   533.6   533.3   533.1   532.8
   532.5   532.2   531.7   531.1   530.4   529.4   528.1   526.6   525.4   524.4
   523.7   522.8   521.7   522.4   522.6   522.6   522.7   523.3   523.4   523.4
   523.5   523.7   523.8   523.9   524.0   524.2   524.3   524.4   524.5   524.5
   524.5   524.5   524.4   524.3   524.2   524.1   524.0   523.9   523.9   523.9
   523.5   523.6   523.8   524.2   524.6   525.0   525.3   525.5   525.8   526.1
   526.4   526.7   526.8   526.9   526.9   526.9   526.9   526.9   526.7   526.6
   526.3   526.0   525.8   525.6   525.5   525.5   525.4   525.3   525.3   525.2
   525.1   525.0   524.9   524.7   524.5   524.3   524.2   524.2   524.1   524.1
   524.1   524.1   524.1   524.1   524.1
   526.7   526.8   527.0   527.2   527.5   527.8   528.2   528.6   529.1   529.5
   530.0   530.5   530.8   531.2   531.4   531.7   531.9   532.1   532.2   532.3
   532.5   532.6   532.7   532.7   532.8   532.9   533.0   533.0   533.1   533.2
   533.3   533.4   533.5   533.6   533.7   533.8   533.8   533.9   533.9   533.9
   534.0   534.0   533.9   533.9   533.8   533.7   533.6   533.5   533.3   533.1
   532.9   532.6   532.4   532.2   531.9   531.7   531.5   531.3   531.1   530.8
   530.5   530.2   529.9   529.5   529.1   528.8   528.4   528.1   527.8   527.5
   527.0   526.2   525.4   525.8   525.9   525.8   525.8   525.8   525.8   525.8
   525.8   525.9   525.9   525.9   525.9   526.0   526.0   526.0   526.0   526.0
   526.0   526.0   526.0   526.0   526.0   526.0   526.0   526.1   526.1   526.2
   526.2   526.3   526.4   526.5   526.7   526.8   526.9   527.0   527.2   527.3
   527.4   527.4   527.5   527.5   527.5   527.5   527.5   527.5   527.5   527.4
   527.3   527.3   527.2   527.2   527.1   527.1   527.0   526.9   526.9   526.8
   526.8   526.7   526.7   526.6   526.6   526.5   526.5   526.5   526.4   526.4
   526.4   526.5   526.5   526.6   526.7
   527.9   528.1   528.2   528.4   528.6   528.8   529.0   529.3   529.5   529.7
   530.0   530.2   530.4   530.5   530.7   530.9   531.0   531.1   531.2   531.3
   531.4   531.5   531.6   531.7   531.8   531.9   531.9   532.0   532.1   532.1
   532.2   532.3   532.3   532.4   532.4   532.4   532.5   532.5   532.5   532.5
   532.4   532.4   532.4   532.3   532.3   532.2   532.1   532.0   531.9   531.7
   531.6   531.5   531.3   531.2   531.0   530.9   530.7   530.5   530.4   530.2
   530.0   529.8   529.7   529.5   529.3   529.2   529.1   529.0   528.9   528.8
   528.5   527.9   527.3   527.4   527.3   527.2   527.2   527.1   527.0   527.0
   527.0   526.9   526.9   526.9   526.9   526.9   526.9   526.9   526.9   526.9
   526.9   526.9   526.9   526.9   526.9   526.9   527.0   527.0   527.1   527.1
   527.2   527.2   527.3   527.4   527.4   527.5   527.6   527.6   527.7   527.7
   527.8   527.8   527.8   527.8   527.8   527.8   527.8   527.8   527.8   527.8
   527.8   527.7   527.7   527.7   527.6   527.6   527.6   527.6   527.5   527.5
   527.5   527.5   527.4   527.4   527.4   527.4   527.4   527.4   527.5   527.5
   527.5   527.6   527.7   527.8   527.9
   528.9   528.9   529.0   529.1   529.1   529.2   529.3   529.3   529.4   529.5
   529.6   529.6   529.7   529.7   529.8   529.8   529.9   529.9   530.0   530.0
   530.0   530.1   530.1   530.1   530.2   530.2   530.2   530.2   530.3   530.3
   530.3   530.3   530.3   530.3   530.3   530.3   530.3   530.3   530.3   530.3
   530.3   530.2   530.2   530.2   530.2   530.1   530.1   530.0   530.0   530.0
   529.9   529.9   529.8   529.8   529.7   529.7   529.6   529.6   529.5   529.5
   529.4   529.4   529.3   529.3   529.2   529.2   529.2   529.1   529.1   529.1
   528.9   528.6   528.3   528.5   528.5   528.5   528.4   528.4   528.4   528.3
   528.3   528.3   528.3   528.3   528.3   528.3   528.3   528.3   528.2   528.2
   528.2   528.3   528.3   528.3   528.3   528.3   528.3   528.3   528.3   528.3
   528.3   528.4   528.4   528.4   528.4   528.4   528.4   528.4   528.5   528.5
   528.5   528.5   528.5   528.5   528.5   528.5   528.5   528.5   528.5   528.5
   528.5   528.5   528.5   528.5   528.5   528.5   528.5   528.5   528.5   528.5
   528.5   528.5   528.5   528.5   528.5   528.5   528.6   528.6   528.6   528.7
   528.7   528.7   528.8   528.8   528.9
   529.0   529.0   529.0   529.0   529.0   529.0   529.0   529.0   529.0   529.0
   529.0   529.0   529.0   529.0   529.0   529.0   529.0   529.0   529.0   529.0
   529.0   529.0   529.0   529.0   529.0   529.0   529.0   529.0   529.0   529.0
   529.0   529.0   529.0   529.0   529.0   529.0   529.0   529.0   529.0   529.0
   529.0   529.0   529.0   529.0   529.0   529.0   529.0   529.0   529.0   529.0
   529.0   529.0   529.0   529.0   529.0   529.0   529.0   529.0   529.0   529.0
   529.0   529.0   529.0   529.0   529.0   529.0   529.0   529.0   529.0   529.0
   529.0   529.0   529.0   529.0   529.0   529.0   529.0   529.0   529.0   529.0
   529.0   529.0   529.0   529.0   529.0   529.0   529.0   529.0   529.0   529.0
   529.0   529.0   529.0   529.0   529.0   529.0   529.0   529.0   529.0   529.0
   529.0   529.0   529.0   529.0   529.0   529.0   529.0   529.0   529.0   529.0
   529.0   529.0   529.0   529.0   529.0   529.0   529.0   529.0   529.0   529.0
   529.0   529.0   529.0   529.0   529.0   529.0   529.0   529.0   529.0   529.0
   529.0   529.0   529.0   529.0   529.0   529.0   529.0   529.0   529.0   529.0
   529.0   529.0   529.0   529.0   529.0