diamond 4 18年04月11日08时500百帕高度场
18 04 11 08   0   500
  2.500 -2.500     .0  360.0   90.0  -90.0
 145  73  4  400  612  1  0
   529.9   529.9   529.9   529.9   529.9   529.9   529.9   529.9   529.9   529.9
   529.9   529.9   529.9   529.9   529.9   529.9   529.9   529.9   529.9   529.9
   529.9   529.9   529.9   529.9   529.9   529.9   529.9   529.9   529.9   529.9
   529.9   529.9   529.9   529.9   529.9   529.9   529.9   529.9   529.9   529.9
   529.9   529.9   529.9   529.9   529.9   529.9   529.9   529.9   529.9   529.9
   529.9   529.9   529.9   529.9   529.9   529.9   529.9   529.9   529.9   529.9
   529.9   529.9   529.9   529.9   529.9   529.9   529.9   529.9   529.9   529.9
   529.9   529.9   529.9   529.9   529.9   529.9   529.9   529.9   529.9   529.9
   529.9   529.9   529.9   529.9   529.9   529.9   529.9   529.9   529.9   529.9
   529.9   529.9   529.9   529.9   529.9   529.9   529.9   529.9   529.9   529.9
   529.9   529.9   529.9   529.9   529.9   529.9   529.9   529.9   529.9   529.9
   529.9   529.9   529.9   529.9   529.9   529.9   529.9   529.9   529.9   529.9
   529.9   529.9   529.9   529.9   529.9   529.9   529.9   529.9   529.9   529.9
   529.9   529.9   529.9   529.9   529.9   529.9   529.9   529.9   529.9   529.9
   529.9   529.9   529.9   529.9   529.9
   529.8   529.8   529.8   529.8   529.8   529.7   529.7   529.7   529.7   529.7
   529.7   529.7   529.7   529.7   529.6   529.6   529.6   529.6   529.6   529.6
   529.6   529.6   529.6   529.7   529.7   529.7   529.7   529.7   529.7   529.8
   529.8   529.8   529.8   529.8   529.9   529.9   529.9   529.9   529.9   529.9
   530.0   530.0   530.0   530.0   530.0   530.0   530.0   530.0   530.0   530.0
   530.0   530.1   530.1   530.1   530.1   530.1   530.1   530.1   530.1   530.0
   530.0   530.0   530.0   530.0   530.0   530.0   530.0   530.0   530.0   530.0
   530.1   530.1   530.2   530.2   530.2   530.2   530.2   530.2   530.2   530.2
   530.2   530.3   530.3   530.3   530.3   530.3   530.3   530.3   530.3   530.3
   530.3   530.2   530.2   530.2   530.2   530.2   530.2   530.2   530.2   530.2
   530.1   530.1   530.1   530.0   530.0   530.0   529.9   529.9   529.9   529.8
   529.8   529.8   529.8   529.7   529.7   529.7   529.7   529.7   529.7   529.7
   529.7   529.7   529.7   529.7   529.7   529.7   529.7   529.7   529.7   529.7
   529.7   529.7   529.7   529.7   529.7   529.7   529.7   529.7   529.7   529.7
   529.7   529.7   529.7   529.8   529.8
   529.7   529.8   529.8   529.8   529.8   529.8   529.8   529.7   529.7   529.6
   529.6   529.5   529.4   529.4   529.3   529.2   529.2   529.1   529.1   529.0
   529.0   529.0   529.0   529.0   529.1   529.1   529.2   529.2   529.3   529.3
   529.4   529.5   529.5   529.6   529.7   529.7   529.8   529.8   529.9   530.0
   530.0   530.1   530.1   530.2   530.2   530.2   530.3   530.3   530.3   530.4
   530.4   530.4   530.4   530.4   530.4   530.4   530.4   530.4   530.4   530.3
   530.3   530.3   530.3   530.3   530.3   530.3   530.3   530.3   530.3   530.3
   530.3   530.4   530.5   530.6   530.6   530.6   530.7   530.7   530.7   530.8
   530.8   530.8   530.8   530.8   530.8   530.9   530.9   530.9   530.9   530.9
   530.9   531.0   531.0   531.0   531.0   531.0   531.0   531.0   531.0   530.9
   530.9   530.8   530.7   530.6   530.5   530.4   530.3   530.1   530.0   529.9
   529.8   529.7   529.6   529.5   529.4   529.3   529.3   529.2   529.2   529.2
   529.2   529.2   529.2   529.2   529.2   529.2   529.2   529.2   529.2   529.3
   529.3   529.3   529.3   529.3   529.3   529.4   529.4   529.4   529.5   529.5
   529.5   529.6   529.6   529.7   529.7
   530.1   530.2   530.3   530.4   530.4   530.4   530.4   530.3   530.3   530.2
   530.1   530.0   529.9   529.7   529.5   529.4   529.2   529.0   528.9   528.8
   528.7   528.6   528.6   528.6   528.6   528.7   528.8   528.9   529.0   529.1
   529.2   529.3   529.4   529.5   529.6   529.7   529.8   529.9   529.9   530.0
   530.0   530.1   530.2   530.3   530.4   530.5   530.6   530.7   530.8   530.8
   530.9   530.9   530.9   530.9   530.9   530.9   530.8   530.8   530.7   530.7
   530.7   530.6   530.6   530.6   530.6   530.6   530.6   530.6   530.6   530.6
   530.7   530.8   531.0   531.0   531.0   531.1   531.2   531.2   531.3   531.3
   531.3   531.3   531.3   531.3   531.3   531.3   531.3   531.3   531.3   531.3
   531.3   531.3   531.4   531.5   531.6   531.7   531.8   531.8   531.9   531.9
   531.8   531.8   531.6   531.5   531.3   531.1   530.9   530.6   530.4   530.2
   529.9   529.7   529.5   529.3   529.1   529.0   528.9   528.8   528.8   528.8
   528.7   528.8   528.8   528.8   528.9   528.9   529.0   529.1   529.1   529.1
   529.2   529.1   529.1   529.1   529.1   529.1   529.1   529.2   529.3   529.4
   529.5   529.6   529.8   529.9   530.1
   531.2   531.8   532.3   532.5   532.5   532.2   531.9   531.7   531.5   531.4
   531.2   531.1   530.8   530.6   530.3   529.8   529.4   528.9   528.4   528.1
   527.7   527.5   527.2   527.1   527.1   527.2   527.5   527.8   528.2   528.6
   528.8   528.8   528.8   529.1   529.4   529.7   529.8   529.9   530.0   530.0
   530.0   530.1   530.3   530.7   530.9   531.1   531.3   531.6   531.9   532.1
   532.3   532.4   532.5   532.4   532.4   532.3   532.0   531.8   531.6   531.4
   531.2   531.0   530.9   530.9   531.0   531.0   531.0   531.0   531.0   531.1
   531.2   531.5   531.8   532.0   532.1   532.3   532.4   532.5   532.6   532.7
   532.8   532.8   532.8   532.8   532.7   532.6   532.5   532.4   532.2   532.1
   532.0   531.9   531.9   532.0   532.1   532.4   532.9   533.6   534.2   534.5
   534.6   534.5   534.3   533.9   533.3   532.7   532.3   531.8   531.4   530.9
   530.3   529.5   528.8   528.3   528.0   527.7   527.6   527.5   527.4   527.3
   527.3   527.3   527.4   527.5   527.7   527.9   528.2   528.6   528.9   529.1
   529.2   529.1   528.9   528.7   528.4   528.1   527.8   527.7   528.1   528.6
   529.0   529.4   529.9   530.5   531.2
   534.7   537.2   539.0   539.7   539.3   537.7   535.8   534.3   533.5   533.1
   533.0   532.8   532.6   532.2   531.7   530.7   529.3   527.8   526.5   525.5
   524.5   523.3   522.6   522.2   522.1   522.4   523.1   524.3   525.9   527.3
   527.7   526.9   526.2   526.8   528.2   529.2   530.0   530.8   531.5   532.1
   533.0   533.9   534.3   533.8   533.3   533.2   533.4   533.9   534.6   535.5
   536.3   537.0   536.9   536.5   536.4   536.1   535.2   534.1   533.3   532.5
   531.5   530.8   530.8   531.2   531.5   531.6   531.7   531.6   531.7   531.7
   531.9   532.4   532.9   533.8   534.6   535.0   535.3   535.6   535.9   536.2
   536.5   536.8   536.8   536.6   536.2   535.8   535.4   535.1   534.7   534.2
   533.7   533.2   532.5   532.0   531.8   532.4   534.2   537.3   540.3   542.1
   542.7   542.6   542.0   540.6   538.5   536.4   534.9   534.3   533.9   533.2
   531.5   528.7   525.9   524.1   523.4   523.2   523.2   523.2   523.2   523.1
   523.1   523.1   523.1   523.2   523.3   523.8   524.9   526.7   528.5   529.7
   530.2   530.4   530.4   530.0   528.6   526.6   524.3   523.5   524.6   526.3
   527.4   528.5   529.9   532.1   534.7
   542.1   544.6   546.1   546.4   545.3   542.8   539.6   537.0   535.4   534.7
   534.3   533.8   533.0   532.1   531.3   530.2   528.5   526.5   524.8   523.2
   521.2   519.5   519.1   519.8   520.3   520.8   521.5   522.8   524.5   526.1
   526.9   526.2   525.4   526.3   528.1   529.5   530.5   531.4   532.2   533.1
   534.2   535.8   536.8   536.4   535.6   535.6   535.7   535.9   536.6   537.9
   539.5   540.8   540.9   539.9   539.4   538.9   537.6   535.7   533.7   531.7
   530.0   529.4   530.0   531.2   532.0   532.4   532.4   532.2   532.2   532.2
   532.4   532.9   533.6   534.9   535.9   536.4   536.8   537.1   537.7   538.5
   539.6   540.4   540.5   539.8   538.7   537.7   537.0   536.4   535.8   535.1
   534.4   533.6   532.7   532.0   531.7   532.5   535.2   539.9   544.6   547.4
   548.2   548.1   547.2   545.2   542.0   538.8   536.8   535.9   535.6   534.7
   532.4   528.4   524.2   521.4   520.4   520.1   520.1   520.1   520.1   520.1
   520.1   520.1   520.1   520.2   520.3   520.9   522.6   525.4   528.2   530.1
   531.4   532.8   534.2   534.3   532.3   528.9   526.5   525.9   527.2   528.5
   530.2   532.5   535.6   538.9   542.1
   552.4   554.2   555.1   555.0   553.6   550.4   546.0   541.9   539.0   537.3
   536.2   535.1   533.2   531.0   529.1   527.6   525.3   522.8   520.7   519.1
   517.7   516.4   516.0   516.3   516.9   517.2   518.0   519.2   520.9   523.1
   525.2   526.4   527.0   528.2   529.6   530.6   531.4   532.1   532.7   533.3
   533.9   534.5   535.4   536.3   537.7   538.7   538.8   538.5   538.9   540.2
   541.8   543.0   542.9   542.2   541.6   540.8   538.9   535.7   532.0   528.6
   526.4   526.4   528.1   530.5   532.3   533.2   533.1   532.6   532.2   532.2
   532.3   532.9   533.7   535.5   536.9   537.7   538.1   538.5   539.3   540.5
   542.0   543.3   543.3   542.1   540.4   538.9   537.8   537.2   536.4   535.5
   534.5   533.4   532.2   531.3   531.0   532.3   536.5   543.5   550.5   554.6
   555.9   555.8   554.5   551.4   546.7   542.1   539.0   537.7   537.2   536.1
   533.0   527.5   521.5   517.1   515.0   514.4   514.3   514.3   514.3   514.3
   514.2   514.2   514.2   514.5   515.0   516.0   518.5   522.8   527.1   530.1
   532.3   535.2   538.4   540.3   539.6   537.9   536.4   534.8   534.1   535.1
   537.9   542.1   546.3   549.7   552.4
   556.6   557.8   558.4   558.5   557.7   555.4   551.6   547.4   543.9   541.4
   539.7   538.4   536.7   534.0   531.4   529.2   526.4   523.3   520.6   518.5
   516.5   515.0   514.4   514.8   515.2   515.2   515.7   517.5   519.8   522.4
   525.1   527.3   529.0   530.6   532.2   533.3   533.4   533.3   533.6   534.1
   534.7   535.0   535.3   536.2   537.5   538.6   538.9   538.9   539.2   539.8
   540.8   541.8   541.9   541.4   540.5   538.7   536.0   532.6   528.6   525.0
   523.4   524.3   526.9   529.6   531.6   532.8   533.1   532.5   532.0   531.7
   531.6   532.0   532.8   534.8   536.5   537.4   538.0   538.5   539.1   539.8
   540.5   541.2   541.0   539.8   538.2   536.7   536.2   536.0   535.6   534.7
   533.6   532.5   531.5   530.6   530.5   531.9   536.7   544.7   552.6   557.2
   558.5   558.3   556.9   553.6   548.3   543.1   539.7   538.3   537.8   536.9
   534.3   529.4   523.4   518.1   514.7   513.1   512.6   512.4   512.3   512.2
   512.1   511.9   511.9   512.4   513.4   514.8   518.0   523.1   528.3   531.7
   533.7   536.1   539.9   543.3   544.9   545.2   545.1   543.8   543.1   544.1
   546.8   550.1   552.8   554.9   556.6
   558.0   559.0   559.4   559.4   559.1   557.9   555.5   552.5   549.7   547.1
   544.9   543.2   541.6   538.9   535.4   532.2   529.2   526.3   523.4   520.2
   516.6   514.1   513.5   514.3   514.7   513.8   514.0   517.1   521.4   525.1
   528.1   530.1   531.4   532.6   533.6   534.0   533.4   532.9   533.4   534.3
   535.1   535.4   535.2   535.0   535.3   535.9   536.9   538.0   538.7   538.6
   538.6   539.0   539.0   538.1   536.9   535.3   533.1   530.3   526.9   523.6
   522.4   524.0   526.7   529.0   530.7   531.8   532.1   531.5   530.7   530.1
   529.7   530.1   530.9   532.8   534.5   535.8   537.1   538.2   538.6   538.5
   538.1   537.9   537.7   537.4   536.7   536.0   535.8   535.6   534.9   533.8
   532.6   531.6   530.8   530.1   530.1   531.7   536.6   544.9   552.9   557.6
   558.9   558.7   557.2   553.8   548.5   543.2   539.8   538.4   538.0   537.6
   536.3   533.5   529.1   523.9   519.2   516.0   514.1   513.1   512.4   512.0
   511.7   511.2   511.1   511.7   512.7   514.2   517.3   522.3   527.6   531.5
   533.9   536.5   540.6   545.2   548.2   549.9   550.7   550.1   549.6   550.3
   551.8   553.3   554.8   556.4   558.0
   559.6   560.4   560.3   559.9   559.7   559.2   558.2   556.8   555.5   554.1
   551.8   548.7   545.6   541.8   537.9   534.6   532.0   529.6   526.9   523.4
   519.4   516.8   516.4   517.4   517.9   517.7   518.3   521.7   526.9   531.2
   533.4   534.1   534.0   533.7   533.3   532.6   531.4   530.6   531.7   533.2
   534.3   534.6   534.2   533.7   533.6   534.0   535.4   537.3   538.3   537.7
   536.7   536.9   536.8   535.5   533.8   532.4   530.9   529.0   526.6   524.2
   523.5   525.0   526.8   527.8   528.5   529.0   528.9   528.0   527.0   526.4
   526.5   527.3   528.3   529.4   530.7   532.6   535.0   536.8   537.2   536.4
   535.0   534.0   534.1   535.5   536.7   537.1   537.0   536.2   535.2   533.9
   532.4   531.2   530.3   529.8   529.9   531.7   536.8   545.1   553.2   557.7
   559.0   558.7   557.3   553.9   548.6   543.3   539.8   538.4   538.1   538.1
   537.9   537.1   535.1   531.4   527.0   522.8   519.4   516.7   514.6   512.9
   511.8   511.0   510.7   510.8   511.2   512.3   514.9   519.1   523.9   528.1
   531.4   535.3   540.8   546.3   549.6   551.5   552.8   552.8   552.6   552.7
   553.2   554.0   555.6   557.8   559.6
   560.5   561.1   560.6   560.2   560.3   560.6   560.4   559.7   558.9   557.7
   555.7   553.1   549.4   545.0   540.9   537.8   535.6   533.9   532.1   529.3
   527.0   526.3   525.9   524.1   522.0   523.6   529.1   534.1   537.2   538.2
   537.9   536.9   535.8   534.6   533.3   532.0   530.8   530.4   531.7   533.0
   533.5   533.6   533.4   533.2   533.0   533.1   533.7   534.6   535.1   534.3
   532.7   532.4   532.8   532.0   530.7   529.6   528.9   528.0   526.8   525.7
   525.3   525.5   525.1   523.7   522.5   522.1   522.1   521.8   521.5   521.8
   523.0   524.6   526.0   526.8   527.9   530.2   533.0   534.4   533.8   531.8
   529.5   528.1   528.6   531.4   534.4   536.0   536.0   535.3   535.0   534.4
   532.9   531.6   530.6   529.9   530.0   532.1   537.4   545.7   553.6   557.9
   559.1   558.8   557.3   554.0   548.7   543.3   539.9   538.4   538.1   538.3
   538.5   538.6   537.9   535.9   532.9   529.7   526.6   523.3   519.7   516.1
   513.1   511.2   510.1   509.3   508.7   509.3   511.1   514.5   519.3   523.9
   528.4   533.9   540.9   547.1   550.7   552.6   553.8   553.8   553.4   553.2
   553.4   554.5   556.5   558.8   560.5
   560.6   561.3   561.5   561.5   562.1   563.3   563.7   562.8   561.1   558.6
   556.6   554.8   552.1   548.4   544.8   541.9   540.0   538.6   536.6   533.5
   532.2   533.9   535.7   535.0   533.2   534.8   539.6   542.6   543.0   541.8
   540.2   538.5   536.6   534.5   533.1   532.6   532.2   532.2   533.5   534.4
   534.5   534.2   533.6   532.8   532.2   531.8   531.4   531.0   530.4   529.1
   527.0   526.6   527.7   527.8   526.9   526.5   526.8   527.1   526.6   525.9
   525.3   524.2   521.8   518.4   515.8   515.4   516.5   517.7   518.4   519.4
   521.0   522.8   524.4   525.2   526.1   527.9   529.6   529.6   527.5   525.0
   523.2   522.4   522.9   525.0   527.6   529.6   530.3   530.4   531.3   532.4
   532.5   532.4   531.9   530.8   530.9   533.3   538.8   546.9   554.3   558.2
   559.2   558.8   557.4   554.1   548.9   543.5   539.9   538.5   538.2   538.4
   538.8   539.2   538.9   537.5   535.2   532.9   531.0   528.8   525.6   521.0
   516.2   512.2   509.7   507.9   506.4   505.8   506.6   509.5   514.5   520.3
   526.3   533.5   541.5   547.8   551.3   552.8   553.3   553.3   553.4   553.7
   554.2   555.3   557.1   559.1   560.6
   560.1   561.2   562.3   563.2   563.9   564.8   565.0   564.2   562.8   559.9
   557.1   555.2   553.2   550.9   549.2   548.6   547.9   546.9   545.8   544.1
   543.7   544.9   546.1   546.8   547.1   547.9   548.8   548.5   546.4   543.1
   540.6   538.8   536.2   533.2   531.6   531.6   532.0   532.7   534.2   535.5
   535.7   535.0   533.6   532.1   531.3   531.2   530.3   528.7   527.5   527.1
   526.8   526.9   527.1   526.3   525.2   524.8   525.3   525.7   525.6   525.0
   524.1   522.5   519.7   516.4   514.1   514.2   516.0   517.7   518.4   519.0
   520.1   521.7   523.1   523.2   523.3   523.7   524.6   524.7   523.2   521.2
   519.6   518.5   518.1   518.6   520.5   523.0   525.4   526.9   528.1   529.3
   530.5   532.0   533.1   532.5   532.9   535.9   541.5   548.9   555.4   558.6
   559.3   558.8   557.4   554.2   549.1   543.7   539.9   538.3   538.2   538.5
   539.1   539.6   539.4   538.1   535.9   533.8   532.3   531.2   529.4   525.9
   520.7   515.3   511.1   508.5   506.6   505.2   505.1   507.1   511.3   516.9
   523.7   532.2   541.0   547.6   551.0   552.1   552.5   552.9   553.8   554.9
   555.6   556.1   557.3   558.8   560.1
   557.9   558.4   559.5   560.7   561.5   562.2   562.6   562.7   562.8   561.6
   559.6   558.2   556.7   555.6   555.1   555.6   556.0   556.0   556.0   555.7
   555.9   556.1   556.3   556.4   556.7   556.5   555.6   553.1   548.8   543.6
   539.9   537.7   535.4   533.5   533.2   534.0   534.9   535.9   537.7   539.8
   540.1   538.4   535.9   533.3   531.7   531.1   529.8   527.7   527.0   527.8
   529.1   529.7   529.0   527.4   526.1   525.9   526.2   526.1   525.8   525.1
   523.6   521.5   519.1   516.9   515.3   515.4   517.3   518.8   519.2   519.2
   519.9   521.1   522.3   522.0   521.7   521.3   521.2   521.3   520.7   519.8
   518.4   516.8   515.4   515.0   516.5   520.1   524.1   526.9   527.7   527.4
   526.9   527.3   529.5   532.3   535.3   539.4   545.0   551.4   556.4   558.5
   558.6   558.0   556.7   553.7   548.8   543.1   538.8   537.0   537.3   538.5
   539.5   540.1   540.0   538.6   536.3   533.8   532.0   531.3   531.0   529.4
   525.6   520.2   514.7   510.6   508.4   507.3   507.1   507.9   510.2   514.3
   520.8   530.0   539.8   547.1   550.7   551.8   552.1   552.8   554.1   555.6
   555.9   555.5   555.7   557.1   557.9
   553.1   553.5   554.5   555.9   556.9   557.3   557.7   558.6   559.6   560.1
   560.8   562.0   561.9   561.2   560.5   560.8   561.8   562.5   562.6   563.1
   564.1   564.3   564.2   563.9   563.3   562.2   560.6   557.5   552.2   546.3
   541.8   539.2   537.4   537.0   537.9   539.6   540.6   541.0   542.3   544.3
   544.5   542.6   540.2   537.5   534.4   531.4   528.2   525.7   525.7   527.1
   528.4   528.4   528.0   527.5   527.7   529.3   530.7   530.0   528.8   527.5
   525.3   522.6   520.2   518.2   516.7   516.8   518.3   519.4   519.4   519.1
   519.6   520.7   522.0   522.5   522.8   522.7   522.0   521.1   520.1   519.2
   518.3   517.5   516.8   516.6   517.8   520.7   524.6   527.7   529.0   529.1
   528.4   527.4   528.7   532.4   536.9   541.5   547.1   552.9   556.6   557.3
   556.5   555.8   554.5   551.7   547.0   541.0   535.4   533.1   534.5   537.3
   539.5   540.6   540.4   539.0   536.4   533.1   530.6   529.8   530.5   530.8
   529.3   525.5   519.9   514.3   510.3   508.5   508.0   508.3   509.5   512.5
   518.5   527.9   538.5   546.5   550.3   551.5   551.8   552.2   553.1   553.6
   552.7   550.5   549.9   551.7   553.1
   547.4   548.7   550.3   551.7   552.8   553.6   554.7   556.2   557.9   560.1
   562.6   564.4   564.2   564.2   564.4   564.8   565.3   565.6   565.7   567.0
   569.1   569.9   569.8   569.3   568.2   566.3   564.2   561.0   556.0   550.2
   545.5   543.3   542.3   542.5   544.0   546.1   546.9   546.1   546.3   547.5
   547.7   546.5   544.6   542.1   538.5   534.1   529.8   526.5   525.7   526.2
   526.2   525.3   525.3   525.8   527.4   530.9   533.9   534.3   533.4   531.7
   528.6   525.1   522.5   520.5   518.6   517.9   518.4   518.9   518.8   518.7
   519.3   520.5   521.7   522.6   523.4   523.5   522.8   521.6   520.3   519.4
   519.0   518.9   518.8   518.7   519.4   521.6   524.9   528.0   529.9   531.1
   532.4   533.8   535.6   538.0   540.5   544.0   549.0   554.4   557.6   557.6
   556.5   555.8   554.7   552.3   548.6   543.5   537.7   534.5   534.8   537.1
   539.2   540.2   539.9   538.6   536.1   533.0   530.4   529.6   530.3   531.2
   531.1   529.2   524.8   518.8   513.1   509.6   508.3   508.2   509.0   511.4
   517.0   526.4   537.1   545.2   549.0   550.1   550.3   550.5   550.7   550.2
   548.0   545.3   544.6   546.2   547.4
   544.7   546.1   547.8   549.4   550.9   552.9   555.6   557.9   559.8   562.5
   565.6   567.2   567.0   567.3   567.9   568.1   568.0   568.3   568.8   570.3
   571.9   572.7   572.9   572.5   571.1   568.7   566.2   563.5   559.8   554.9
   550.7   548.9   548.1   548.5   550.5   552.8   553.6   552.9   552.9   553.0
   552.8   551.8   549.8   547.2   544.4   540.4   535.1   530.2   527.6   526.7
   526.0   525.4   525.5   525.4   527.4   532.4   537.3   539.6   540.0   538.1
   533.8   528.9   525.3   522.8   520.6   519.2   518.6   518.4   518.3   518.4
   519.2   520.3   521.6   522.6   523.4   523.6   523.0   521.9   520.7   520.0
   519.7   519.6   519.5   519.5   520.0   522.0   525.6   529.5   532.6   535.2
   537.9   540.8   543.0   544.6   546.6   549.6   553.6   558.0   561.2   562.2
   561.6   560.9   559.4   556.9   553.6   549.2   543.6   539.6   538.4   538.7
   539.1   538.6   537.6   536.5   535.1   533.2   531.6   531.1   531.6   532.1
   532.2   531.4   528.4   522.9   516.3   511.3   508.8   508.2   508.7   510.9
   516.4   525.6   535.7   542.9   546.0   546.7   546.8   546.8   546.6   545.7
   543.9   542.1   542.0   543.2   544.7
   542.6   544.4   546.7   549.6   552.0   554.4   557.4   560.1   562.5   565.3
   568.5   570.1   569.7   569.6   569.9   570.0   570.1   570.6   571.2   572.2
   573.6   574.5   574.8   574.3   572.7   570.2   567.8   566.0   564.8   562.6
   559.6   557.0   555.2   555.4   557.1   558.9   560.1   560.5   560.9   560.8
   560.2   559.1   557.0   554.4   552.2   548.8   543.7   538.9   535.0   531.4
   528.9   528.1   528.5   528.4   530.9   536.6   542.0   545.4   547.3   545.9
   541.0   534.3   528.4   524.4   521.8   520.1   519.1   518.6   518.3   518.5
   519.3   520.6   521.9   522.7   523.4   523.6   523.0   521.9   520.8   520.2
   520.0   520.0   519.9   519.8   520.5   523.1   527.8   533.3   538.2   542.2
   545.7   548.5   550.3   551.4   552.7   555.3   558.9   562.8   565.7   567.2
   567.1   566.5   565.2   562.7   559.2   554.9   549.8   545.7   543.2   542.1
   541.3   539.9   538.0   536.3   535.0   534.4   534.5   534.6   534.4   534.5
   534.7   534.5   532.8   528.1   521.0   514.2   510.0   508.5   508.9   511.5
   517.5   526.6   535.3   540.6   542.4   542.5   542.1   541.8   541.4   540.8
   539.6   538.1   537.9   539.8   542.6
   541.2   544.5   547.8   551.6   554.8   557.6   560.5   562.8   564.9   567.2
   569.9   571.3   570.9   570.1   569.8   569.9   570.5   571.6   572.5   573.5
   574.6   575.5   575.8   575.5   574.1   571.9   569.6   568.0   566.9   565.5
   563.5   561.6   560.4   560.8   561.6   562.8   563.9   564.1   564.5   564.9
   565.0   564.4   562.8   560.6   558.5   555.6   551.7   548.4   544.5   540.0
   536.2   534.2   533.9   534.5   537.8   543.2   547.4   549.8   551.3   550.6
   546.7   540.3   533.5   528.1   524.5   522.2   520.7   519.5   518.8   519.0
   520.3   521.9   523.3   523.2   523.5   523.6   523.0   522.0   521.0   520.7
   521.1   521.8   522.2   522.3   523.0   526.1   532.2   539.3   545.4   549.8
   552.8   554.9   556.3   557.2   558.3   560.5   564.2   568.5   571.7   573.1
   573.1   572.5   571.3   568.7   564.9   560.4   555.8   551.6   548.4   546.7
   545.9   545.1   544.0   542.8   541.7   541.1   542.0   542.4   541.4   541.2
   542.2   543.0   542.4   538.6   530.9   521.6   514.4   510.8   510.7   513.9
   520.8   529.6   536.8   540.3   541.1   540.9   540.5   540.1   539.7   539.2
   538.0   536.3   535.2   537.0   541.2
   541.7   546.9   551.7   556.4   559.4   561.3   563.3   565.2   567.3   569.3
   570.6   570.9   570.4   569.3   568.3   568.2   569.2   570.6   571.7   572.9
   574.5   575.7   576.5   576.6   575.8   573.6   570.6   568.1   567.2   567.2
   566.9   565.8   565.1   565.3   565.6   566.4   567.7   568.2   568.2   568.1
   568.0   567.7   567.2   566.1   564.6   562.3   559.1   556.0   552.7   548.9
   545.1   542.8   543.0   544.3   547.3   550.9   553.2   554.2   553.9   553.0
   551.0   547.3   542.7   538.0   533.8   530.1   526.7   523.5   521.3   521.4
   523.7   525.6   526.8   525.0   524.0   523.8   523.4   522.8   522.7   524.2
   527.7   531.8   534.5   535.0   534.7   536.4   540.9   546.6   551.3   554.5
   556.5   557.8   558.8   560.0   561.7   564.4   568.0   572.5   576.2   578.1
   578.2   577.1   575.6   573.5   569.9   565.5   561.5   558.3   555.4   553.7
   552.8   551.9   551.6   551.8   551.5   550.5   550.4   551.2   551.5   553.4
   556.4   558.9   559.9   557.5   550.5   539.6   528.7   521.5   519.2   521.6
   528.1   535.9   541.7   544.3   544.8   544.8   544.7   544.5   544.2   543.2
   541.2   538.3   535.9   536.7   541.7
   548.9   553.1   556.8   560.4   562.8   564.6   566.5   568.2   570.5   572.7
   572.9   571.6   570.1   568.1   566.4   566.1   567.5   569.3   570.7   572.5
   574.7   576.2   577.1   577.3   576.5   574.1   570.2   566.9   566.2   567.8
   569.0   568.4   567.6   568.2   568.9   569.5   570.1   570.3   570.2   570.2
   570.3   570.6   570.9   570.9   570.3   568.9   566.6   564.1   561.4   557.9
   554.0   553.2   555.7   556.6   557.1   558.3   560.1   560.5   558.8   557.3
   557.1   557.4   557.4   556.1   553.2   548.7   542.8   536.3   531.4   530.2
   532.4   533.8   533.9   529.3   526.1   525.5   526.2   527.9   531.4   537.9
   547.2   556.8   563.0   564.2   562.0   559.6   558.5   558.1   557.8   557.8
   558.3   558.9   559.6   560.5   562.0   564.8   569.2   574.6   579.2   581.5
   581.7   580.8   579.4   577.5   574.3   570.2   566.9   564.2   561.6   560.2
   559.5   558.9   558.7   558.9   559.4   558.9   558.7   559.8   562.4   566.3
   570.1   572.9   574.3   574.0   570.4   563.1   553.9   545.9   541.4   540.8
   543.7   548.0   551.2   552.7   553.1   553.4   553.8   554.2   554.7   554.6
   553.0   549.6   545.9   545.4   548.9
   557.0   559.2   561.4   564.0   566.1   567.8   569.3   571.2   574.5   577.1
   576.7   573.6   569.8   565.7   563.0   562.8   565.8   568.9   570.9   572.9
   575.2   576.6   577.3   577.5   576.7   574.5   571.1   568.5   567.7   568.7
   570.0   570.1   570.1   570.9   571.8   572.2   572.1   572.0   572.2   572.5
   572.9   573.5   573.8   573.7   573.4   572.8   571.9   570.8   569.3   567.4
   565.0   564.2   565.0   565.0   565.5   566.3   567.2   567.4   566.1   565.7
   567.0   570.1   573.4   575.2   574.8   571.9   566.6   559.7   553.3   549.5
   548.4   547.1   544.9   538.9   534.3   534.1   537.6   543.8   551.6   560.6
   569.8   577.2   581.3   582.0   580.5   578.1   574.9   570.4   565.4   561.8
   560.3   560.2   560.7   561.7   563.7   567.5   573.2   579.0   583.1   584.7
   584.9   584.4   583.4   581.8   578.9   575.4   572.1   569.1   566.3   565.1
   565.0   564.8   564.6   564.7   565.3   566.7   569.0   572.0   574.6   576.8
   578.5   579.7   580.4   580.6   579.8   577.4   573.7   569.6   565.9   562.9
   561.0   560.3   560.3   560.4   560.6   560.8   561.1   561.6   562.5   563.2
   562.8   560.4   557.4   555.9   557.0
   562.0   563.0   565.3   567.8   569.3   569.4   569.8   572.1   575.8   578.7
   578.2   574.8   569.9   565.8   563.7   564.4   567.6   570.8   572.6   574.3
   576.1   577.2   577.7   577.8   577.3   575.8   573.5   571.8   571.4   572.4
   573.8   574.4   574.3   574.4   574.8   575.4   575.4   575.3   575.4   575.6
   575.8   576.1   575.7   575.3   575.4   575.6   575.7   575.5   575.1   574.2
   573.0   572.3   572.0   571.7   572.1   572.6   573.7   574.3   574.1   574.4
   576.3   579.3   582.0   583.7   584.0   583.3   581.3   578.2   574.5   570.2
   565.7   561.9   558.4   555.8   553.5   554.7   559.4   566.2   573.1   578.7
   582.8   585.3   586.4   586.5   586.1   585.2   583.2   579.0   573.3   567.8
   564.4   563.4   564.3   566.1   569.0   573.4   578.6   583.1   585.6   586.5
   586.9   586.8   586.0   584.7   582.8   580.2   577.2   573.5   569.9   568.9
   569.8   570.8   571.5   571.4   571.5   573.1   576.7   579.8   581.5   582.2
   582.4   582.2   582.0   581.9   581.9   581.5   580.7   579.3   576.9   573.2
   569.2   566.1   564.5   564.0   564.0   564.1   564.2   564.6   565.6   567.0
   567.8   567.0   564.7   562.5   562.0
   564.2   565.0   567.0   568.8   569.4   568.9   569.2   571.3   574.6   577.0
   576.9   574.3   570.8   568.3   568.2   569.5   571.8   573.9   575.7   577.1
   578.2   578.7   579.0   579.1   578.8   577.9   576.2   574.7   574.3   575.3
   576.6   577.5   577.9   577.5   576.7   576.8   577.3   577.5   577.7   577.7
   577.5   577.2   576.5   576.0   576.6   577.4   578.1   578.5   578.7   578.5
   578.0   578.0   577.5   577.0   576.6   576.8   578.1   579.3   580.0   580.7
   581.8   583.1   584.2   585.1   585.6   585.7   585.4   584.7   583.5   580.9
   576.6   573.2   570.8   572.8   574.0   575.6   578.2   581.4   584.0   585.6
   586.5   586.9   587.1   587.0   587.0   586.8   586.1   584.1   580.2   575.2
   571.1   569.4   570.1   572.5   575.8   579.6   583.2   585.8   587.1   587.5
   587.8   587.8   587.5   587.0   585.9   584.2   582.0   578.8   575.3   574.4
   575.6   576.7   577.2   577.3   577.3   578.6   581.1   583.5   584.8   585.0
   584.3   583.3   582.6   582.4   582.4   582.4   582.3   581.6   579.9   576.4
   572.0   568.2   566.0   565.1   564.9   564.9   564.9   565.0   565.3   566.0
   566.7   566.9   566.1   564.8   564.2
   567.0   567.3   567.6   567.7   567.6   567.6   568.6   570.9   573.5   575.0
   574.8   573.4   572.1   571.8   572.5   573.7   575.1   576.6   578.1   579.2
   579.9   580.1   580.2   580.3   580.3   579.8   578.6   577.3   576.9   577.4
   578.3   579.3   579.7   579.2   577.8   577.7   578.1   578.4   579.0   579.3
   579.1   578.7   577.8   577.1   577.6   578.7   580.0   580.9   581.3   581.1
   580.7   580.6   580.3   580.1   580.1   580.5   581.2   581.8   582.2   583.0
   583.9   584.5   584.8   585.2   585.6   585.9   586.0   585.9   585.6   584.4
   581.9   579.9   578.8   581.8   583.8   584.6   585.4   586.2   586.7   586.9
   587.1   587.4   587.5   587.5   587.2   587.0   586.9   586.3   584.6   581.7
   578.5   576.5   576.6   578.5   581.1   583.6   585.6   586.9   587.5   587.9
   588.2   588.2   588.3   588.3   587.6   586.2   584.8   583.2   581.0   580.1
   580.7   581.5   581.8   581.9   582.0   582.5   583.7   584.8   585.3   585.1
   584.5   583.8   583.6   583.6   583.7   583.8   583.8   583.4   582.2   579.6
   575.8   571.7   568.4   566.4   565.4   565.1   565.0   565.0   565.1   565.2
   565.5   565.9   566.2   566.6   567.0
   573.7   573.9   572.8   571.1   569.8   569.5   570.2   572.0   573.8   574.7
   574.7   574.4   574.2   574.6   575.4   576.1   577.0   578.2   579.9   581.2
   581.7   581.5   581.4   581.4   581.4   581.2   580.7   580.0   579.6   579.6
   580.2   580.9   580.9   580.1   579.4   579.6   579.7   579.8   580.8   581.7
   581.7   581.1   580.2   579.5   580.0   581.3   582.6   583.6   583.9   583.1
   581.8   581.4   581.3   581.4   581.6   582.0   582.5   582.9   583.3   584.2
   585.2   585.7   585.7   585.7   585.8   585.9   586.0   586.0   585.9   585.5
   584.3   583.4   583.1   585.0   586.3   586.7   586.8   586.9   587.0   587.2
   587.6   588.2   588.6   588.4   587.8   587.3   587.0   586.9   586.5   585.4
   583.8   582.4   582.0   582.9   584.3   585.7   586.7   587.2   587.5   587.8
   588.1   588.3   588.5   588.7   588.4   587.5   586.3   585.3   584.3   584.0
   584.5   585.1   585.2   585.1   585.4   585.8   586.3   586.7   586.8   586.5
   586.2   586.0   586.0   586.1   586.1   586.2   586.2   586.1   585.8   584.7
   582.4   578.8   574.5   570.4   567.4   565.9   565.4   565.3   565.4   565.5
   565.9   567.2   569.3   571.9   573.7
   583.4   583.9   582.5   580.2   578.0   576.5   576.0   576.1   576.3   576.3
   576.3   576.5   576.8   577.3   577.8   578.2   578.6   579.5   581.0   582.5
   583.0   582.9   582.8   582.6   582.4   582.3   582.0   581.7   581.2   581.1
   581.5   582.1   582.1   581.6   581.2   581.5   581.4   581.7   582.9   584.1
   584.2   583.9   583.7   583.4   583.6   584.3   585.0   585.6   585.8   584.8
   583.0   582.3   582.2   582.1   582.1   582.3   582.7   583.2   583.8   584.9
   585.9   586.5   586.6   586.4   586.2   586.1   586.0   586.0   586.0   585.9
   585.5   585.2   585.2   586.2   586.8   587.0   587.0   587.0   587.0   587.2
   587.5   588.1   588.4   588.3   587.8   587.3   587.1   587.0   587.0   586.7
   586.2   585.5   585.2   585.5   586.1   586.7   587.2   587.4   587.5   587.7
   587.9   588.0   588.2   588.4   588.5   588.0   587.2   586.4   585.9   585.9
   586.6   587.3   587.6   587.5   587.6   588.0   588.4   588.8   589.0   588.7
   588.3   588.0   587.8   587.7   587.7   587.6   587.6   587.7   587.7   587.7
   587.0   585.1   581.6   576.8   572.2   569.0   567.7   567.5   567.7   568.2
   569.6   572.4   576.5   580.6   583.4
   588.6   588.9   588.3   587.2   586.0   584.9   583.7   582.3   580.6   579.1
   578.3   578.2   578.4   578.8   579.3   579.7   579.8   580.1   581.1   582.5
   583.6   584.0   584.0   583.6   583.3   583.1   582.9   582.6   582.3   582.4
   582.8   583.2   584.1   584.6   584.6   584.2   583.7   584.2   585.4   586.5
   586.7   586.7   586.9   586.9   586.9   587.1   587.2   587.5   587.7   587.1
   585.7   584.4   583.6   583.0   582.8   582.7   582.8   583.1   583.8   584.9
   586.0   586.6   586.8   586.7   586.5   586.3   586.3   586.3   586.3   586.3
   586.3   586.2   586.3   586.7   586.9   587.0   587.0   587.0   587.0   586.9
   586.9   587.0   587.2   587.2   587.1   587.0   587.0   587.0   587.0   587.0
   586.9   586.7   586.5   586.6   586.9   587.2   587.4   587.5   587.6   587.7
   587.7   587.7   587.6   587.6   587.7   587.5   587.2   586.7   586.4   586.6
   587.2   587.8   588.1   588.1   588.1   588.3   588.7   589.1   589.3   589.3
   589.0   588.5   588.2   588.1   588.0   588.0   588.0   588.0   588.2   588.4
   588.5   588.1   586.4   583.2   579.3   576.1   574.5   574.3   574.8   575.9
   577.8   580.7   584.1   587.0   588.6
   589.9   589.9   589.8   589.6   589.3   588.9   588.2   586.8   584.5   581.9
   580.0   579.2   579.1   579.4   580.0   580.5   580.9   581.4   582.3   583.4
   584.3   584.8   584.8   584.5   584.3   584.1   584.1   584.1   584.2   584.7
   584.7   584.5   584.7   585.4   585.6   585.7   585.9   586.8   588.0   588.8
   588.9   588.6   588.5   588.5   588.8   589.4   589.5   589.4   589.3   589.1
   588.2   587.1   586.1   585.5   585.2   584.9   584.5   584.2   584.4   585.1
   585.9   586.3   586.6   586.7   586.8   586.8   586.9   586.9   587.0   587.0
   587.0   586.9   586.9   587.0   587.0   587.0   587.0   587.0   586.9   586.7
   586.4   586.3   586.2   586.3   586.5   586.8   586.9   587.0   587.0   587.0
   586.9   586.9   586.9   587.0   587.2   587.4   587.6   587.6   587.7   587.7
   587.7   587.6   587.4   587.3   587.2   587.1   587.0   586.9   586.9   587.1
   587.6   587.9   588.1   588.0   587.9   588.0   588.3   588.6   588.9   588.9
   588.7   588.4   588.2   588.1   588.0   588.0   588.0   588.1   588.2   588.5
   588.7   588.8   588.5   587.4   585.7   584.3   583.6   583.6   584.1   584.9
   585.9   587.3   588.6   589.5   589.9
   590.1   590.0   589.9   589.9   589.9   589.8   589.6   588.7   586.8   584.1
   581.5   580.0   579.6   579.8   580.4   581.1   581.8   582.5   583.3   584.1
   584.8   585.1   585.2   585.0   585.0   585.0   585.3   585.7   586.3   586.6
   586.5   586.3   585.8   585.8   586.2   586.6   587.2   588.0   588.9   589.6
   589.7   589.2   589.0   589.1   589.6   590.3   590.3   590.1   590.0   589.9
   589.5   588.9   588.5   588.4   588.4   588.1   587.5   586.7   586.4   586.4
   586.6   586.9   587.1   587.4   587.6   587.6   587.7   587.7   587.7   587.6
   587.5   587.4   587.3   587.3   587.2   587.1   587.0   587.0   587.0   586.9
   586.6   586.4   586.2   586.3   586.6   586.8   586.9   586.9   586.8   586.7
   586.6   586.6   586.7   586.9   587.2   587.4   587.6   587.7   587.7   587.7
   587.6   587.5   587.3   587.2   587.1   587.1   587.1   587.2   587.3   587.5
   587.8   588.0   588.0   587.9   587.8   587.9   588.2   588.4   588.5   588.5
   588.3   588.2   588.0   588.0   588.0   588.0   588.0   588.0   588.1   588.4
   588.7   588.9   589.0   588.8   588.6   588.3   588.3   588.5   588.7   589.0
   589.3   589.6   589.9   590.0   590.1
   590.1   590.0   589.9   589.9   589.9   589.9   589.8   589.4   588.0   585.7
   583.0   581.1   580.3   580.2   580.5   581.0   581.5   582.2   583.0   583.8
   584.6   585.1   585.2   585.2   585.2   585.4   585.7   586.1   586.3   586.1
   585.8   586.6   587.0   586.9   586.9   587.2   587.5   588.0   588.6   589.4
   589.8   589.4   589.2   589.3   589.7   590.0   589.9   589.7   589.5   589.4
   589.3   589.3   589.5   589.9   590.1   590.0   589.5   588.9   588.3   587.9
   587.7   587.7   587.9   588.1   588.2   588.2   588.0   588.0   587.9   587.9
   587.8   587.7   587.6   587.5   587.4   587.2   587.1   587.1   587.0   587.0
   586.9   586.8   586.8   586.8   586.9   586.9   586.8   586.6   586.3   586.1
   586.0   585.9   586.0   586.3   586.7   587.2   587.5   587.6   587.6   587.6
   587.5   587.4   587.3   587.1   587.0   587.0   587.0   587.1   587.3   587.5
   587.7   587.8   587.9   587.9   587.9   588.1   588.2   588.2   588.2   588.1
   588.0   587.9   587.8   587.8   587.9   587.9   587.9   587.9   588.0   588.3
   588.7   588.9   589.0   589.0   589.1   589.3   589.5   589.7   589.8   589.9
   589.9   590.0   590.0   590.1   590.1
   590.0   590.0   589.9   589.9   589.8   589.7   589.6   589.3   588.5   586.9
   584.5   582.3   581.1   580.7   580.7   580.9   581.1   581.5   582.2   583.2
   584.2   584.8   585.1   585.2   585.3   585.5   585.9   586.3   586.3   585.3
   584.0   585.1   587.4   588.3   588.0   587.7   587.7   587.9   588.6   589.7
   590.4   589.6   589.0   589.1   589.3   589.3   589.1   589.1   589.1   589.0
   589.0   589.3   589.7   590.1   590.3   590.3   590.1   589.6   589.1   588.6
   588.2   588.0   588.1   588.2   588.3   588.2   588.1   588.0   588.0   588.0
   587.9   587.9   587.8   587.8   587.7   587.5   587.4   587.2   587.1   587.0
   587.0   587.0   587.0   587.0   586.9   586.8   586.5   586.1   585.7   585.4
   585.3   585.3   585.3   585.6   586.1   586.6   587.1   587.4   587.5   587.5
   587.5   587.4   587.2   587.1   587.0   587.0   587.0   587.0   587.1   587.3
   587.5   587.7   587.8   587.9   588.0   588.0   588.0   588.0   587.9   587.8
   587.7   587.7   587.6   587.6   587.6   587.8   587.8   587.8   587.9   588.2
   588.6   588.9   589.0   589.0   589.1   589.2   589.5   589.7   589.9   590.0
   590.0   590.0   590.0   590.0   590.0
   590.0   589.9   589.8   589.7   589.4   589.1   588.9   588.8   588.4   587.4
   585.7   583.7   582.1   581.3   581.0   581.0   581.0   581.3   582.0   583.0
   584.1   584.8   585.0   585.1   585.3   585.6   585.8   586.0   585.9   585.5
   584.9   585.6   587.0   587.8   588.0   587.9   587.8   587.8   588.1   588.7
   589.1   588.6   588.6   589.5   589.7   588.9   588.5   588.6   588.9   588.8
   589.1   589.6   590.0   590.0   590.0   590.0   589.9   589.7   589.2   588.7
   588.2   588.0   587.9   588.0   588.1   588.1   588.0   588.0   588.0   588.0
   588.0   587.9   587.9   587.9   587.9   587.8   587.7   587.5   587.3   587.1
   587.0   587.0   587.0   586.9   586.8   586.5   586.0   585.6   585.2   585.1
   585.0   585.0   585.1   585.2   585.5   586.0   586.6   587.1   587.4   587.4
   587.4   587.3   587.2   587.1   587.0   587.0   587.0   587.0   587.1   587.2
   587.4   587.6   587.8   587.9   587.8   587.8   587.6   587.5   587.3   587.3
   587.4   587.6   587.8   587.7   587.7   587.7   587.7   587.6   587.7   588.1
   588.6   588.9   589.0   589.0   589.0   589.1   589.3   589.5   589.7   589.9
   590.0   590.0   590.0   590.0   590.0
   589.8   589.7   589.4   589.1   588.8   588.5   588.3   588.2   588.1   587.7
   586.8   585.3   583.6   582.2   581.4   581.1   581.1   581.3   582.0   583.1
   584.1   584.8   585.0   585.2   585.3   585.5   585.7   585.7   585.8   585.7
   585.7   586.0   586.5   586.9   587.3   587.4   587.5   587.4   587.4   587.4
   587.5   587.3   588.2   589.9   589.6   588.6   588.2   588.6   588.9   588.6
   589.3   590.6   590.6   590.0   589.7   589.7   589.6   589.5   589.1   588.6
   588.2   588.0   587.9   587.9   587.9   588.0   588.0   588.0   588.0   588.0
   588.0   588.0   588.0   588.0   588.0   588.0   587.9   587.7   587.5   587.3
   587.1   587.0   586.9   586.8   586.5   586.0   585.5   585.2   585.1   585.0
   585.0   585.0   585.0   585.0   585.2   585.5   586.0   586.6   587.1   587.4
   587.4   587.3   587.2   587.1   587.0   587.0   587.0   587.0   587.1   587.2
   587.4   587.7   587.8   587.9   587.8   587.7   587.5   587.3   587.0   587.0
   587.3   587.8   588.0   588.0   587.8   587.8   587.5   587.2   587.3   587.9
   588.5   588.8   589.0   589.0   589.0   589.0   589.1   589.3   589.5   589.7
   589.9   589.9   589.9   589.9   589.8
   589.4   589.1   588.8   588.5   588.3   588.1   588.1   588.0   588.0   587.9
   587.5   586.7   585.3   583.7   582.4   581.6   581.5   581.8   582.5   583.5
   584.4   584.9   585.1   585.2   585.4   585.5   585.6   585.7   585.7   585.8
   585.9   586.1   586.2   586.4   586.7   587.0   587.1   587.1   587.0   586.8
   586.8   586.8   587.6   588.3   587.6   587.2   588.1   588.8   588.7   588.0
   589.0   590.9   590.3   589.2   589.1   589.3   589.3   589.2   588.9   588.6
   588.3   588.0   587.9   587.9   587.9   587.9   588.0   588.0   588.0   588.0
   588.0   588.0   588.0   588.0   588.0   588.0   588.0   587.9   587.7   587.5
   587.2   587.0   586.8   586.5   586.0   585.6   585.2   585.1   585.0   585.0
   585.0   585.0   585.0   585.0   585.0   585.2   585.5   586.1   586.9   587.5
   587.7   587.6   587.4   587.2   587.1   587.0   587.0   587.1   587.2   587.4
   587.6   587.8   587.9   587.9   587.9   587.8   587.7   587.4   587.0   586.9
   587.2   587.7   588.0   587.6   587.4   587.5   587.0   586.7   586.9   587.6
   588.4   588.8   589.0   589.0   589.0   589.0   589.0   589.1   589.3   589.4
   589.6   589.6   589.6   589.6   589.4
   588.7   588.5   588.3   588.1   588.0   588.0   588.0   588.0   588.0   588.0
   587.9   587.5   586.7   585.4   584.0   583.1   582.9   583.3   584.1   584.8
   585.3   585.4   585.4   585.4   585.5   585.6   585.7   585.8   585.8   585.9
   586.0   586.0   586.1   586.2   586.4   586.6   586.7   586.7   586.4   586.1
   586.1   586.4   586.8   587.1   586.2   586.5   588.0   589.0   588.9   588.6
   589.5   590.6   589.3   588.3   588.7   589.1   589.1   589.0   588.8   588.5
   588.3   588.1   588.0   588.0   588.0   588.0   588.0   588.0   588.0   588.0
   588.0   588.0   588.0   588.0   588.0   588.0   588.0   588.0   587.9   587.7
   587.3   587.0   586.6   586.1   585.7   585.3   585.1   585.0   585.0   585.0
   585.0   585.0   585.0   585.0   585.0   585.1   585.3   586.0   587.0   587.8
   588.2   588.2   588.0   587.6   587.4   587.2   587.2   587.3   587.4   587.6
   587.8   587.9   588.0   588.0   588.0   587.9   587.8   587.6   587.3   587.1
   587.4   588.1   588.1   587.6   587.4   587.4   586.6   586.1   586.5   587.5
   588.4   588.8   589.0   589.0   589.0   589.0   589.0   589.0   589.0   589.0
   589.0   589.0   588.9   588.8   588.7
   588.2   588.1   588.1   588.0   588.0   588.0   588.0   588.0   588.0   588.0
   588.0   587.9   587.6   586.9   586.0   585.3   585.2   585.5   586.0   586.3
   586.4   586.2   586.0   585.9   585.9   585.8   585.8   585.8   585.9   585.9
   586.0   586.0   586.0   586.1   586.3   586.4   586.4   586.4   586.3   586.2
   586.4   586.7   587.0   587.0   587.0   587.7   588.9   589.0   588.8   588.8
   589.2   589.3   588.5   588.2   588.8   589.1   588.9   588.6   588.4   588.3
   588.2   588.1   588.0   588.0   588.0   588.0   588.0   588.0   588.0   588.0
   588.0   588.0   588.0   588.0   588.0   588.0   588.0   588.0   587.9   587.8
   587.5   587.1   586.7   586.2   585.7   585.3   585.1   585.0   585.0   585.0
   585.0   585.0   585.0   585.0   585.0   585.0   585.3   585.9   587.0   588.0
   588.6   588.7   588.5   588.2   587.9   587.6   587.5   587.6   587.8   588.0
   588.1   588.1   588.1   588.0   587.9   587.9   587.9   587.8   587.5   587.4
   587.9   588.6   588.9   588.4   588.0   587.5   586.4   586.0   586.5   587.7
   588.6   589.0   589.0   589.0   589.0   589.0   589.0   589.0   588.9   588.8
   588.6   588.4   588.3   588.2   588.2
   588.0   588.0   588.0   588.0   588.0   588.0   588.1   588.1   588.0   588.0
   588.0   588.0   587.8   587.5   587.1   586.7   586.6   586.7   586.8   586.9
   586.9   586.8   586.7   586.5   586.4   586.2   586.0   586.0   585.9   586.0
   586.0   586.0   586.0   586.1   586.1   586.2   586.3   586.3   586.3   586.5
   586.7   587.0   587.1   586.9   587.0   587.8   588.6   588.5   588.2   588.3
   588.7   589.0   588.9   588.9   589.0   588.7   588.3   588.0   587.9   588.0
   588.0   588.0   588.0   588.0   588.0   588.0   588.0   588.0   588.0   588.0
   588.0   588.0   588.0   588.0   588.0   588.0   588.0   588.0   588.0   587.9
   587.8   587.5   587.1   586.6   586.0   585.4   585.1   585.0   585.0   584.9
   584.9   585.0   585.0   585.0   585.0   585.0   585.3   586.0   587.1   588.1
   588.7   588.9   588.9   588.7   588.5   588.3   588.2   588.2   588.3   588.4
   588.4   588.4   588.3   588.2   588.1   588.1   588.2   588.1   587.2   587.0
   587.6   588.5   588.9   588.6   588.0   587.2   586.3   586.1   586.8   587.9
   588.8   589.2   589.2   589.1   589.1   589.0   589.0   589.0   588.9   588.7
   588.4   588.2   588.1   588.0   588.0
   588.0   588.0   588.1   588.1   588.1   588.2   588.2   588.1   588.0   588.0
   588.0   587.9   587.8   587.5   587.3   587.1   587.0   587.0   587.0   587.0
   587.0   587.0   586.9   586.9   586.7   586.5   586.3   586.1   586.0   586.0
   586.0   586.0   586.0   586.0   586.0   586.1   586.1   586.1   586.2   586.3
   586.6   586.9   586.9   586.5   586.5   587.0   587.8   588.0   588.1   588.1
   588.4   588.8   589.1   589.1   588.9   588.5   588.0   587.9   587.9   588.0
   588.0   588.0   588.0   588.0   588.0   588.0   588.0   588.0   588.0   588.0
   588.0   588.0   588.0   588.0   588.0   588.1   588.1   588.0   588.0   588.0
   588.1   588.0   587.8   587.3   586.6   585.9   585.4   585.1   585.0   584.8
   584.8   584.9   585.0   585.0   585.0   585.1   585.4   586.2   587.3   588.2
   588.8   589.0   589.0   588.9   588.8   588.8   588.8   588.8   588.9   588.9
   589.0   589.0   589.0   589.0   589.2   589.5   590.0   589.6   587.7   586.7
   587.0   587.9   588.4   588.4   587.8   587.1   586.5   586.6   587.2   588.1
   588.9   589.3   589.3   589.3   589.1   589.0   589.0   589.0   588.9   588.7
   588.5   588.2   588.1   588.0   588.0
   588.0   588.0   588.0   588.1   588.1   588.2   588.2   588.1   587.9   587.8
   587.8   587.7   587.5   587.3   587.2   587.0   587.0   587.0   587.0   587.0
   587.0   587.0   587.0   587.0   586.9   586.8   586.6   586.4   586.2   586.1
   586.0   586.0   586.0   586.0   586.0   586.0   586.0   586.0   586.1   586.1
   586.2   586.5   586.4   586.1   586.2   586.9   587.4   587.8   587.9   588.0
   588.2   588.7   589.1   589.2   589.0   588.8   588.4   588.2   588.1   588.1
   588.0   588.0   588.0   588.0   588.0   587.9   587.8   587.7   587.7   587.8
   587.8   587.8   587.9   588.0   588.1   588.2   588.1   588.0   588.0   588.1
   588.3   588.5   588.4   588.1   587.5   586.6   585.9   585.5   585.2   584.9
   584.8   584.9   585.0   585.1   585.1   585.3   585.7   586.6   587.7   588.5
   588.9   589.0   589.0   589.0   589.0   589.0   589.1   589.2   589.3   589.5
   589.6   589.7   589.8   590.0   590.5   591.0   591.2   590.4   588.3   587.1
   587.2   587.8   588.3   588.3   587.9   587.4   587.1   587.2   587.7   588.3
   588.9   589.2   589.2   589.1   589.0   589.0   589.0   589.0   588.9   588.8
   588.5   588.2   588.1   588.0   588.0
   588.0   588.0   588.0   588.0   588.0   588.0   588.0   587.8   587.6   587.4
   587.2   587.1   587.1   587.0   587.0   587.0   587.0   587.0   587.1   587.1
   587.1   587.0   587.0   587.0   587.0   586.9   586.8   586.6   586.4   586.2
   586.1   586.0   586.0   586.0   586.0   586.0   586.0   586.0   586.0   586.0
   586.0   586.1   586.2   586.1   586.3   586.7   587.1   587.4   587.6   587.8
   588.1   588.5   588.9   589.0   589.0   588.9   588.8   588.6   588.4   588.2
   588.0   587.9   587.9   587.9   587.7   587.3   587.0   587.0   587.1   587.2
   587.4   587.5   587.5   587.8   588.0   588.2   588.1   587.9   587.8   588.1
   588.4   588.7   588.8   588.7   588.2   587.5   586.7   586.0   585.5   585.2
   585.2   585.4   585.6   585.7   585.8   586.0   586.5   587.3   588.2   588.7
   588.9   589.0   589.0   589.0   589.0   589.1   589.2   589.4   589.5   589.7
   589.9   590.0   590.2   590.5   590.9   591.4   591.6   590.9   589.3   588.1
   588.0   588.4   588.7   588.5   587.9   587.5   587.4   587.6   588.0   588.4
   588.7   589.0   589.0   589.0   589.0   589.0   589.0   589.0   588.9   588.8
   588.5   588.2   588.1   588.0   588.0
   588.0   588.0   588.0   588.0   587.9   587.8   587.6   587.3   587.0   586.7
   586.5   586.5   586.6   586.8   586.9   586.9   587.0   587.1   587.2   587.3
   587.1   587.0   587.0   586.9   586.9   586.9   586.8   586.7   586.5   586.3
   586.2   586.0   586.0   586.0   586.0   586.0   586.0   586.0   586.0   585.9
   585.9   586.0   586.0   586.0   586.1   586.3   586.4   586.6   586.8   587.1
   587.5   588.1   588.5   588.6   588.7   588.8   588.8   588.6   588.4   588.3
   588.0   587.8   587.7   587.6   587.0   586.0   585.4   585.5   586.0   586.5
   586.8   586.8   586.9   587.4   587.8   588.0   587.9   587.7   587.7   588.0
   588.4   588.8   589.0   588.9   588.7   588.3   587.6   587.0   586.5   586.3
   586.4   586.8   587.1   587.3   587.4   587.6   587.9   588.3   588.7   588.9
   589.0   589.0   589.0   589.0   589.0   589.0   589.1   589.3   589.3   589.3
   589.3   589.5   589.7   590.0   590.4   590.9   591.0   590.6   589.7   589.0
   589.0   589.5   589.8   589.2   588.3   587.8   587.7   587.8   588.0   588.3
   588.6   588.8   588.9   589.0   589.0   589.0   589.0   589.0   588.9   588.8
   588.5   588.2   588.0   588.0   588.0
   587.8   587.8   587.8   587.7   587.6   587.4   587.1   586.7   586.5   586.3
   586.2   586.2   586.3   586.5   586.6   586.7   586.9   587.1   587.4   587.2
   586.9   586.8   586.8   586.8   586.7   586.7   586.6   586.6   586.5   586.3
   586.2   586.1   586.0   586.0   586.0   586.0   586.0   586.0   586.0   586.0
   585.9   585.9   585.8   585.7   585.6   585.6   585.7   585.8   585.9   586.2
   586.5   587.0   587.4   587.6   587.9   588.1   588.3   588.3   588.3   588.3
   588.1   587.7   587.5   586.9   585.2   583.1   582.0   582.6   584.0   585.2
   585.5   585.4   585.3   586.3   587.0   587.5   587.6   587.7   587.9   588.2
   588.5   588.9   589.2   589.2   589.1   588.8   588.6   588.4   588.3   588.3
   588.5   588.8   589.1   589.2   589.2   589.1   589.0   589.0   589.0   589.0
   589.0   589.0   589.0   589.0   589.0   589.0   589.0   588.9   588.3   587.5
   586.7   586.5   586.8   587.3   588.1   589.0   589.7   589.9   589.7   589.5
   589.3   590.0   590.6   590.1   589.0   588.3   588.1   588.1   588.2   588.3
   588.5   588.7   588.9   589.0   589.0   589.0   589.0   589.0   588.9   588.7
   588.4   588.1   587.9   587.8   587.8
   587.3   587.3   587.2   587.1   587.0   586.7   586.5   586.5   586.6   586.6
   586.2   585.9   585.8   585.9   586.0   586.1   586.3   586.6   586.9   586.7
   586.3   586.2   586.2   586.3   586.3   586.2   586.2   586.1   586.1   586.0
   586.0   586.0   586.0   586.0   586.0   586.0   586.0   586.0   586.0   585.9
   585.8   585.5   585.2   584.8   584.7   584.7   584.8   584.9   585.0   585.3
   585.7   586.1   586.2   586.2   586.4   586.7   587.2   587.7   588.3   588.6
   588.4   588.0   587.4   585.8   582.7   579.0   577.0   577.6   579.8   581.8
   582.6   582.5   582.5   583.4   584.3   585.5   586.6   587.3   587.7   588.1
   588.5   589.0   589.3   589.4   589.3   589.2   589.2   589.2   589.3   589.3
   589.4   589.7   589.9   589.9   589.8   589.6   589.4   589.2   589.1   589.1
   589.1   589.0   589.0   589.0   589.0   589.0   588.9   588.3   586.7   584.2
   581.8   580.7   580.7   581.4   582.8   584.7   586.9   588.5   589.6   590.3
   590.5   591.1   591.8   591.3   589.8   588.8   588.5   588.5   588.6   588.7
   588.8   588.9   589.0   589.0   589.0   589.0   589.0   589.0   588.9   588.5
   588.1   587.6   587.4   587.3   587.3
   586.6   586.5   586.5   586.4   586.3   586.3   586.5   587.1   587.8   587.8
   586.9   585.8   585.2   584.9   584.9   585.0   585.1   585.3   585.4   585.4
   585.2   585.1   585.3   585.4   585.5   585.5   585.5   585.5   585.5   585.6
   585.6   585.8   585.9   586.0   586.0   586.0   586.0   586.0   585.9   585.7
   585.4   584.8   584.3   584.0   584.0   584.1   584.2   584.2   584.4   584.7
   585.3   585.7   585.6   585.3   585.5   585.9   586.5   587.5   588.7   589.3
   589.0   588.2   587.0   584.8   581.0   576.5   573.6   573.2   574.7   576.6
   578.0   578.3   578.5   578.6   578.9   580.7   583.0   584.8   586.0   586.9
   587.9   588.7   589.1   589.3   589.4   589.4   589.4   589.6   589.6   589.6
   589.8   590.2   590.3   590.1   589.9   589.7   589.4   589.2   589.2   589.2
   589.2   589.1   589.1   589.0   589.0   589.0   588.8   587.9   585.5   581.8
   578.3   576.3   575.8   576.3   577.5   579.8   582.9   585.9   588.3   590.2
   591.5   592.4   592.7   591.9   590.1   588.7   588.5   588.9   589.3   589.4
   589.4   589.4   589.4   589.3   589.3   589.3   589.3   589.1   588.8   588.2
   587.4   586.9   586.7   586.6   586.6
   586.1   586.1   586.1   586.1   586.1   586.2   586.6   587.5   588.2   588.1
   586.8   585.2   584.0   583.6   583.6   583.8   583.9   583.9   584.0   584.0
   583.8   583.9   584.3   584.6   584.7   584.8   584.8   584.9   584.9   585.0
   585.2   585.5   585.7   585.9   585.9   585.9   585.8   585.7   585.5   585.1
   584.6   584.0   583.7   583.8   584.3   584.6   584.3   583.9   583.7   583.7
   584.3   584.8   584.8   584.6   584.8   585.3   586.0   587.1   588.6   589.4
   589.1   587.8   586.0   583.5   579.9   575.8   572.8   571.4   571.2   572.2
   573.5   574.2   574.6   573.8   573.4   574.6   576.8   579.0   581.0   583.1
   585.5   587.5   588.7   589.1   589.2   589.3   589.5   589.7   589.9   590.0
   590.2   590.5   590.4   590.2   589.9   589.6   589.3   589.2   589.2   589.3
   589.2   589.0   589.0   589.0   589.0   589.0   588.6   587.4   584.4   580.2
   576.6   574.6   574.0   574.2   575.2   577.3   580.4   583.9   586.9   589.3
   591.2   592.2   592.2   591.5   590.3   589.1   588.7   589.1   589.6   589.8
   589.9   589.8   589.8   589.8   589.7   589.7   589.6   589.3   588.7   587.8
   586.9   586.4   586.2   586.1   586.1
   586.0   586.0   586.0   586.0   586.0   586.1   586.4   586.8   587.0   586.4
   585.1   583.3   582.0   581.6   581.9   582.6   583.1   583.1   582.9   582.7
   582.7   583.1   583.7   584.1   584.3   584.3   584.4   584.5   584.5   584.6
   584.8   585.1   585.4   585.6   585.6   585.5   585.4   585.1   584.7   584.2
   583.6   583.2   583.2   583.6   584.2   584.2   583.5   582.6   582.1   581.9
   582.3   583.3   583.9   584.1   584.4   584.8   585.3   586.3   587.8   588.9
   588.8   587.6   585.6   583.2   579.9   576.3   573.2   570.8   569.2   569.1
   569.9   570.6   571.1   571.0   570.8   571.1   572.0   573.2   574.9   577.7
   581.5   585.4   587.8   588.8   589.1   589.2   589.5   589.8   590.0   590.1
   590.3   590.4   590.3   590.0   589.7   589.4   589.2   589.1   589.1   589.1
   589.0   588.8   588.8   588.9   589.0   588.8   588.1   586.0   582.4   578.3
   575.3   573.9   573.5   573.7   574.7   576.9   580.2   584.0   587.4   589.7
   591.0   591.7   591.8   591.4   590.8   589.8   589.1   589.2   589.6   589.9
   590.0   590.0   590.0   590.0   589.9   589.9   589.8   589.3   588.5   587.4
   586.6   586.2   586.0   586.0   586.0
   585.9   585.9   585.9   585.9   585.9   585.8   585.6   585.3   584.6   583.6
   582.1   580.5   579.5   579.4   580.0   581.2   582.3   582.9   582.9   582.7
   582.7   583.2   583.7   584.0   584.1   584.2   584.2   584.3   584.3   584.4
   584.6   584.8   585.0   585.0   584.9   584.7   584.4   584.0   583.6   583.1
   582.8   582.6   582.6   582.9   583.2   582.9   581.7   580.6   579.9   578.9
   578.5   579.9   581.8   583.3   584.3   585.0   585.5   586.3   587.5   588.4
   588.1   586.8   584.8   582.5   579.5   576.1   573.0   570.0   567.5   566.2
   565.8   566.4   567.3   568.8   569.8   570.1   570.3   570.7   571.6   573.9
   578.0   582.9   586.6   588.4   589.0   589.2   589.5   589.8   589.9   590.0
   590.1   590.1   590.0   589.8   589.6   589.3   589.1   589.0   589.0   588.9
   588.8   588.7   588.7   588.8   588.9   588.5   587.0   583.9   579.8   576.2
   574.2   573.4   573.2   573.2   574.2   576.4   579.1   582.4   585.6   587.9
   589.4   590.4   590.9   591.0   590.9   590.4   589.9   589.8   589.9   590.0
   590.1   590.1   590.0   590.0   590.0   589.9   589.5   588.4   586.8   585.5
   585.3   585.7   585.9   585.9   585.9
   585.5   585.5   585.4   585.3   585.2   584.9   584.4   583.5   582.2   580.9
   579.6   578.3   577.8   578.0   578.7   579.9   581.4   582.7   583.3   583.5
   583.6   583.8   584.0   584.0   584.1   584.1   584.1   584.2   584.2   584.3
   584.3   584.3   584.2   584.0   583.7   583.4   583.1   582.7   582.3   582.0
   581.7   581.5   581.3   581.3   581.2   580.4   578.9   577.1   575.4   573.2
   572.5   574.6   578.0   580.6   582.4   583.8   585.1   586.1   587.3   588.0
   587.5   585.7   583.5   581.2   578.5   575.5   572.3   568.6   564.6   561.5
   560.0   560.8   562.4   565.8   568.5   569.5   569.8   569.9   570.4   572.0
   575.6   580.8   585.4   588.0   588.9   589.2   589.5   589.8   589.9   590.0
   590.0   590.0   589.9   589.8   589.5   589.2   589.1   589.0   589.0   588.9
   588.8   588.8   588.8   588.9   588.8   587.9   585.5   581.6   577.5   574.8
   573.5   573.0   572.3   571.3   571.3   573.0   575.5   578.7   582.1   584.7
   586.9   588.5   589.6   590.3   590.5   590.5   590.3   590.2   590.2   590.2
   590.1   590.1   590.1   590.1   590.0   589.1   586.6   582.0   577.4   575.9
   578.4   582.2   584.7   585.5   585.5
   584.2   584.1   583.9   583.6   583.3   582.8   582.1   581.0   579.6   578.4
   577.3   576.4   576.5   577.2   578.1   579.2   580.7   582.2   583.3   583.8
   583.9   584.0   584.0   584.0   584.0   584.0   584.1   584.1   584.1   584.1
   583.9   583.6   583.1   582.7   582.3   582.0   581.6   581.3   581.0   580.7
   580.3   580.0   579.6   579.2   578.4   577.0   575.2   573.1   570.5   568.1
   568.1   571.2   575.3   578.2   579.8   581.0   582.8   584.6   586.2   587.0
   586.6   585.0   582.6   580.1   577.6   574.6   570.5   564.7   558.2   553.4
   552.0   553.7   556.2   560.8   565.0   567.3   568.3   568.8   569.3   570.7
   574.1   579.5   584.7   587.8   588.8   589.1   589.3   589.6   589.8   590.0
   590.0   590.0   589.9   589.8   589.5   589.2   589.1   589.0   589.0   589.0
   588.9   588.9   589.0   588.9   588.5   586.9   583.6   579.4   575.9   574.0
   573.3   573.0   572.3   570.9   569.8   570.4   572.2   574.8   577.5   580.2
   583.1   585.4   587.2   588.4   589.3   589.9   590.1   590.1   590.2   590.1
   590.1   590.1   590.1   589.9   588.7   584.4   575.2   562.3   551.8   550.2
   558.4   570.3   579.2   583.2   584.2
   581.3   582.1   581.9   581.4   580.9   580.4   579.9   579.1   578.1   577.0
   576.1   575.5   575.9   576.9   577.9   578.9   580.3   582.0   583.2   583.8
   584.0   584.0   584.0   584.0   584.0   584.0   584.0   584.1   584.1   584.0
   583.7   583.1   582.4   581.8   581.3   581.0   580.6   580.3   579.9   579.5
   579.1   578.6   578.0   577.1   575.8   574.2   572.3   570.4   568.3   567.0
   568.0   571.4   575.3   577.9   578.8   579.0   580.0   581.8   583.6   584.8
   584.9   583.9   582.0   579.5   576.3   571.8   565.4   557.3   549.4   544.4
   544.2   546.7   549.6   553.3   557.3   560.7   563.0   564.5   565.7   567.6
   571.5   577.6   583.7   587.3   588.3   588.0   587.6   587.9   588.6   589.4
   589.8   589.9   589.8   589.7   589.4   589.2   589.0   589.0   589.0   589.0
   589.0   589.0   589.0   588.7   587.2   583.5   578.4   574.2   572.7   572.8
   573.2   573.2   573.1   572.5   571.9   571.7   571.7   572.1   573.0   575.4
   578.9   582.0   584.3   586.0   587.4   588.4   589.1   589.5   589.6   589.6
   589.6   589.5   589.2   588.0   583.3   572.3   554.7   535.3   522.1   521.3
   533.1   551.2   567.5   577.4   581.3
   575.6   579.6   580.3   580.0   579.5   579.1   578.7   578.4   577.9   577.4
   576.9   576.8   577.2   577.7   578.2   578.9   580.2   581.9   583.1   583.8
   584.0   584.0   584.0   584.0   584.0   584.0   584.0   584.0   584.0   583.9
   583.5   582.7   581.8   581.0   580.6   580.2   579.8   579.3   578.9   578.3
   577.8   577.1   576.4   575.6   574.5   573.1   571.6   570.2   569.2   569.0
   570.0   572.5   575.8   578.5   579.3   578.5   577.7   577.7   578.5   579.9
   580.7   580.3   579.0   576.2   571.9   565.9   559.0   552.0   545.3   540.4
   540.0   542.1   544.3   545.7   547.8   550.7   553.3   555.4   557.3   559.9
   564.7   572.2   579.9   584.3   584.4   581.7   578.9   578.6   581.3   584.9
   587.5   588.5   588.7   588.7   588.5   588.3   588.2   588.2   588.4   588.6
   588.6   588.6   588.1   586.2   580.6   571.2   561.9   558.3   561.5   567.4
   571.5   573.1   573.4   573.5   573.5   573.5   573.3   572.9   572.9   574.3
   577.3   580.4   583.0   584.8   586.1   587.1   587.8   587.9   587.4   586.6
   585.8   585.0   583.6   579.6   569.7   552.7   532.1   514.3   504.3   504.0
   513.2   529.9   549.3   565.7   575.6
   564.4   574.3   578.3   579.0   578.8   578.5   578.3   578.1   578.0   577.8
   577.7   577.8   577.9   578.0   578.2   578.9   580.2   581.8   583.1   583.8
   584.0   584.0   584.0   584.0   584.0   584.0   584.0   584.0   584.0   583.8
   583.2   582.2   581.1   580.3   579.7   579.2   578.7   578.2   577.7   577.1
   576.4   575.8   575.1   574.4   573.8   573.1   572.3   571.5   570.9   570.6
   571.0   572.7   575.6   578.2   578.9   577.5   575.2   573.0   571.9   572.3
   573.8   574.1   572.6   569.1   564.1   558.9   554.6   550.9   546.5   541.9
   540.3   541.0   541.7   541.1   541.2   542.5   544.0   545.5   547.1   549.5
   554.1   561.4   568.9   572.4   569.4   561.9   555.0   553.7   559.2   568.0
   575.6   579.8   581.4   581.9   582.0   582.1   582.3   582.8   583.5   584.3
   584.6   584.1   581.9   575.6   563.1   546.3   532.9   530.5   539.7   553.7
   565.0   570.8   572.9   573.6   574.0   574.3   574.3   573.9   573.8   574.7
   577.0   579.8   582.2   583.9   584.9   585.5   584.9   582.4   578.4   574.1
   570.6   567.7   564.2   557.5   545.2   528.6   512.7   502.2   497.7   497.6
   502.0   512.3   528.9   548.2   564.4
   547.4   563.5   573.3   577.4   578.3   578.3   578.1   578.1   578.0   578.0
   578.0   578.0   578.0   578.0   578.2   578.9   580.2   581.8   583.1   583.8
   584.0   584.0   584.0   584.0   584.0   584.0   584.0   584.0   584.0   583.7
   583.0   581.8   580.4   579.4   578.7   578.2   577.6   577.0   576.4   575.8
   575.2   574.6   574.1   573.6   573.2   572.9   572.5   572.0   571.4   571.0
   571.2   572.5   574.8   576.9   577.2   575.8   573.8   572.1   570.3   569.2
   569.4   569.4   567.4   563.1   558.3   554.8   553.0   551.8   549.5   546.0
   543.5   542.4   541.4   540.0   539.2   539.3   539.7   540.3   541.0   541.9
   543.5   546.1   548.2   547.2   541.5   532.8   525.5   523.8   529.0   538.5
   548.0   554.5   558.1   559.7   560.2   560.5   560.9   561.7   562.7   563.7
   564.0   563.1   559.4   551.1   537.3   521.6   511.0   510.2   519.8   535.6
   551.2   561.9   567.7   571.0   573.0   574.1   574.6   574.7   574.8   575.5
   577.1   579.3   581.4   582.7   582.9   581.0   575.5   566.0   554.6   544.9
   538.4   534.4   531.1   526.0   518.0   508.5   501.1   497.3   496.2   496.2
   497.4   501.8   512.0   528.4   547.4
   528.0   546.9   562.9   572.8   576.9   578.0   578.1   578.0   578.0   578.0
   578.0   578.0   578.0   578.0   578.2   578.9   580.2   581.8   583.1   583.8
   584.0   584.0   584.0   584.0   584.0   584.0   584.0   584.0   583.9   583.7
   582.8   581.3   579.6   578.4   577.6   577.0   576.5   575.9   575.3   574.8
   574.3   573.8   573.4   573.1   572.9   572.7   572.4   572.0   571.5   571.1
   571.1   572.1   573.9   575.3   575.4   574.3   573.0   572.1   571.5   570.8
   570.3   568.8   565.1   559.9   555.5   553.2   552.6   552.4   551.3   548.9
   546.3   544.4   542.6   541.1   539.9   539.3   538.9   538.5   537.9   536.7
   534.4   531.0   527.2   523.1   518.5   514.0   510.7   510.0   511.9   516.0
   520.7   524.5   526.8   527.6   527.0   525.7   524.5   523.4   522.3   521.3
   520.8   520.9   520.4   517.4   511.6   505.2   501.3   501.5   506.7   517.2
   530.4   542.4   551.9   559.7   566.2   570.8   573.4   574.6   575.0   575.6
   576.8   578.7   580.2   580.1   576.6   568.3   555.2   539.5   525.3   515.9
   511.2   509.3   508.0   506.0   502.8   499.3   497.0   496.2   496.0   496.0
   496.2   497.3   501.7   511.8   528.0
   511.7   527.8   546.6   562.6   572.5   576.7   577.9   578.0   578.0   578.0
   578.0   578.0   578.0   578.0   578.2   578.9   580.2   581.8   583.1   583.8
   584.0   584.0   584.0   584.0   584.0   584.0   584.0   584.0   583.9   583.6
   582.6   580.8   578.8   577.4   576.6   576.0   575.4   574.9   574.4   574.0
   573.6   573.3   573.0   572.8   572.6   572.5   572.3   572.0   571.5   571.1
   571.1   571.8   573.0   574.1   574.1   573.4   572.6   572.1   571.9   571.6
   570.7   568.1   563.3   557.8   554.0   552.5   552.3   552.3   551.8   550.4
   548.2   546.2   544.3   542.9   541.6   540.0   537.7   534.9   531.8   528.5
   524.1   519.1   514.5   511.2   509.2   508.0   507.4   507.2   507.5   508.4
   509.5   510.5   510.8   509.9   507.7   505.2   503.4   502.3   501.5   500.7
   500.4   500.7   501.3   501.4   500.6   499.6   499.1   499.3   501.1   505.8
   513.0   520.9   529.1   538.5   549.0   559.1   566.9   571.8   574.2   575.3
   576.5   577.7   577.4   572.8   562.1   546.7   530.2   516.3   507.3   503.0
   501.6   501.3   500.9   500.1   498.6   497.2   496.3   496.0   496.0   496.0
   496.0   496.1   497.3   501.6   511.7
   501.6   511.6   527.7   546.4   562.5   572.4   576.7   577.9   578.0   578.0
   578.0   578.0   578.0   578.0   578.2   578.9   580.2   581.8   583.1   583.8
   584.0   584.0   584.0   584.0   584.0   584.0   584.0   584.0   583.9   583.5
   582.3   580.2   578.0   576.5   575.6   575.0   574.6   574.1   573.7   573.4
   573.1   572.9   572.7   572.6   572.5   572.4   572.2   571.9   571.5   571.2
   571.1   571.6   572.4   573.2   573.3   572.8   572.4   572.1   572.0   571.8
   570.7   567.6   562.3   556.9   553.5   552.3   552.1   552.1   551.8   550.9
   549.3   547.3   545.5   544.0   541.9   537.5   531.2   524.3   518.6   514.9
   512.4   510.3   508.6   507.6   507.2   507.1   507.0   507.0   507.0   507.1
   507.2   507.3   506.8   505.2   502.3   499.4   497.6   496.9   496.6   496.4
   496.4   496.6   497.0   497.6   498.2   498.6   498.9   499.1   499.9   502.3
   506.3   510.7   515.0   520.5   528.7   539.7   551.7   562.2   569.4   573.1
   574.7   574.3   569.6   558.1   541.3   524.2   511.4   504.2   501.1   500.3
   500.1   500.0   499.8   499.2   498.0   496.9   496.3   496.0   496.0   496.0
   496.0   496.0   496.1   497.3   501.6
   497.3   501.6   511.6   527.6   546.4   562.5   572.4   576.7   577.9   578.0
   578.0   578.0   578.0   578.0   578.2   578.9   580.2   581.8   583.1   583.8
   584.0   584.0   584.0   584.0   584.0   584.0   584.0   584.0   583.9   583.4
   582.1   579.8   577.3   575.6   574.7   574.2   573.9   573.5   573.2   573.0
   572.8   572.6   572.5   572.4   572.3   572.3   572.1   571.9   571.5   571.2
   571.1   571.4   572.1   572.6   572.7   572.5   572.2   572.1   572.0   571.8
   570.7   567.5   562.1   556.6   553.4   552.2   552.0   552.0   551.8   551.2
   549.6   547.2   544.9   541.9   537.4   528.8   518.6   510.0   504.9   503.5
   504.4   505.8   506.6   506.9   507.0   507.0   507.0   507.0   507.0   507.0
   507.0   506.9   506.3   504.5   501.6   498.6   496.8   496.2   496.0   496.0
   496.0   496.1   496.5   497.1   497.9   498.6   498.9   499.1   499.8   501.8
   505.1   508.5   510.8   512.7   516.2   522.8   532.9   545.1   556.1   563.4
   565.9   562.9   553.4   538.1   521.6   509.2   502.8   500.6   500.1   500.0
   500.0   500.0   499.7   499.1   498.0   496.9   496.3   496.0   496.0   496.0
   496.0   496.0   496.0   496.1   497.3
   496.1   497.3   501.6   511.5   527.6   546.4   562.5   572.4   576.7   577.9
   578.0   578.0   578.0   578.0   578.2   578.9   580.2   581.8   583.1   583.8
   584.0   584.0   584.0   584.0   584.0   584.0   584.0   584.0   583.9   583.4
   581.9   579.4   576.7   574.9   574.1   573.6   573.3   573.1   572.9   572.7
   572.6   572.5   572.4   572.3   572.2   572.2   572.1   571.8   571.5   571.2
   571.1   571.3   571.8   572.3   572.4   572.3   572.1   572.0   572.0   571.8
   570.7   567.4   562.0   556.6   553.3   552.2   552.0   552.0   551.8   551.0
   548.7   545.0   541.2   535.2   527.3   516.5   506.8   500.6   498.4   499.1
   501.9   504.8   506.4   506.9   507.0   507.0   507.0   507.0   507.0   507.0
   507.0   506.9   506.3   504.6   501.5   498.4   496.7   496.1   496.0   496.0
   496.0   496.1   496.5   497.1   497.9   498.6   498.9   499.1   499.8   501.7
   505.0   508.3   510.2   511.1   511.8   513.9   518.5   526.0   534.7   541.3
   543.0   538.6   529.0   517.2   507.5   502.2   500.3   500.0   500.0   500.0
   500.0   500.0   499.7   499.1   498.0   496.9   496.3   496.0   496.0   496.0
   496.0   496.0   496.0   496.0   496.1
   496.0   496.1   497.3   501.6   511.5   527.6   546.4   562.4   572.4   576.7
   577.8   578.0   578.0   578.0   578.2   578.9   580.2   581.8   583.1   583.8
   584.0   584.0   584.0   584.0   584.0   584.0   584.0   584.0   583.9   583.3
   581.7   579.0   576.2   574.4   573.5   573.2   573.0   572.8   572.6   572.5
   572.4   572.3   572.3   572.2   572.2   572.1   572.0   571.8   571.5   571.3
   571.1   571.3   571.7   572.1   572.2   572.2   572.1   572.0   572.0   571.8
   570.7   567.4   562.0   556.6   553.3   552.2   552.0   552.0   551.7   550.2
   546.2   540.4   534.3   525.5   515.6   506.0   499.7   496.5   496.3   497.5
   501.4   505.4   506.8   507.0   507.0   507.0   507.0   506.8   506.5   506.6
   506.9   507.0   506.8   505.4   501.4   497.5   496.2   496.0   496.1   496.2
   496.2   496.3   496.5   497.2   497.9   498.5   498.7   498.8   499.5   501.6
   505.0   508.3   510.4   511.2   511.2   511.4   512.3   514.5   517.5   519.6
   518.9   515.1   509.6   504.5   501.4   500.2   500.0   500.0   500.1   500.1
   500.0   500.0   499.7   499.1   498.0   496.9   496.3   496.0   496.0   496.0
   496.0   496.0   496.0   496.0   496.0
   496.0   496.0   496.1   497.3   501.6   511.5   527.6   546.3   562.2   572.1
   576.5   577.7   577.9   578.0   578.2   578.9   580.2   581.8   583.1   583.8
   584.0   584.0   584.0   584.0   584.0   584.0   584.0   584.0   583.9   583.3
   581.6   578.7   575.8   573.9   573.2   572.9   572.7   572.5   572.4   572.4
   572.3   572.2   572.2   572.1   572.1   572.0   571.9   571.8   571.5   571.3
   571.2   571.3   571.6   572.0   572.1   572.1   572.0   572.0   572.0   571.8
   570.7   567.4   562.0   556.6   553.3   552.2   552.0   551.9   551.2   548.3
   542.0   533.7   525.3   515.6   506.0   499.7   496.9   496.0   496.1   497.2
   500.7   505.1   506.7   507.0   507.0   507.0   506.6   504.9   502.9   503.9
   506.1   506.9   506.7   505.2   500.9   497.2   496.2   496.1   496.6   497.1
   496.8   496.6   496.7   497.2   497.9   498.2   498.2   497.9   498.6   501.0
   504.9   508.7   511.1   512.0   511.8   511.3   511.2   511.4   511.7   511.2
   509.2   505.9   502.8   500.9   500.2   500.0   500.1   500.2   500.4   500.5
   500.4   500.1   499.8   499.1   498.0   496.9   496.3   496.1   496.1   496.2
   496.2   496.1   496.0   496.0   496.0
   496.0   496.0   496.0   496.1   497.3   501.6   511.3   526.9   544.9   560.4
   570.6   575.5   577.1   577.5   577.9   578.7   580.1   581.8   583.1   583.8
   584.0   584.0   584.0   584.0   584.0   584.0   584.0   584.0   583.9   583.3
   581.5   578.5   575.5   573.6   572.9   572.6   572.5   572.4   572.3   572.2
   572.2   572.1   572.1   572.1   572.0   572.0   571.9   571.7   571.5   571.3
   571.2   571.3   571.6   571.9   572.0   572.1   572.0   572.0   572.0   571.8
   570.7   567.4   562.0   556.6   553.3   552.2   552.0   551.6   549.9   544.7
   535.8   525.9   516.4   507.7   500.3   497.0   496.1   496.0   496.1   496.6
   498.9   503.2   506.1   506.9   507.0   506.9   506.5   504.0   503.3   504.4
   505.7   506.6   506.4   504.2   499.5   496.7   496.1   496.0   496.1   496.6
   496.4   496.2   496.4   497.2   498.2   498.9   499.0   498.4   498.4   500.8
   505.1   509.3   511.8   512.6   512.3   511.6   511.2   511.0   510.7   509.6
   507.3   504.1   501.6   500.4   500.1   500.1   500.3   500.7   501.2   501.4
   501.1   500.5   499.9   499.1   498.0   496.9   496.3   496.2   496.5   496.8
   496.8   496.5   496.2   496.0   496.0
   496.0   496.0   496.0   496.0   496.2   497.2   501.0   509.5   523.3   539.9
   555.3   565.9   571.5   574.0   575.5   577.1   579.1   581.3   583.0   583.7
   583.9   584.0   584.0   584.0   584.0   584.0   584.0   584.0   583.8   583.2
   581.4   578.4   575.3   573.4   572.6   572.4   572.3   572.2   572.2   572.1
   572.1   572.0   572.0   572.0   571.9   571.9   571.8   571.7   571.5   571.3
   571.2   571.3   571.6   571.8   572.0   572.0   572.0   572.0   572.0   571.8
   570.6   567.4   561.9   556.5   553.2   552.0   551.5   549.9   545.7   537.8
   527.5   518.1   509.3   502.7   497.8   496.3   496.0   496.0   496.0   496.2
   497.5   501.2   505.2   506.7   507.0   507.5   509.0   508.6   508.6   509.1
   509.1   507.5   506.5   504.2   499.5   496.7   496.1   495.9   495.7   495.8
   495.6   495.6   496.1   497.3   498.7   499.9   500.2   499.6   499.5   501.7
   505.6   509.0   511.1   511.7   511.6   511.3   511.1   511.0   510.7   509.5
   507.1   503.9   501.5   500.4   500.0   499.9   499.8   500.1   500.7   501.1
   500.8   500.3   499.8   499.1   498.0   496.9   496.3   496.2   496.7   497.3
   497.4   496.9   496.4   496.1   496.0
   496.4   496.4   496.4   496.4   496.4   496.5   497.2   499.9   506.4   517.5
   531.8   545.4   555.5   562.1   566.7   570.7   574.9   578.8   581.6   582.9
   583.2   583.3   583.3   583.3   583.3   583.3   583.3   583.3   583.1   582.5
   580.7   577.6   574.5   572.6   571.9   571.7   571.6   571.6   571.5   571.5
   571.4   571.4   571.4   571.4   571.3   571.3   571.2   571.1   570.9   570.8
   570.7   570.8   571.0   571.3   571.4   571.4   571.4   571.4   571.4   571.2
   570.0   566.7   561.1   555.4   551.9   550.1   548.0   543.4   535.7   526.3
   517.9   511.6   505.5   500.5   497.2   496.5   496.5   496.3   496.3   496.2
   496.7   498.9   502.9   505.8   506.9   507.5   509.1   510.9   512.5   512.9
   510.9   507.9   506.9   505.3   500.9   497.3   496.2   496.0   495.9   495.6
   495.7   495.9   496.5   497.6   499.1   500.3   500.9   500.8   501.2   503.2
   506.3   508.7   509.8   510.2   510.4   510.7   511.0   511.1   510.8   509.7
   507.3   504.2   501.8   500.7   500.3   499.9   499.5   499.2   499.5   500.0
   500.2   500.2   500.0   499.3   498.2   497.1   496.3   495.8   495.8   495.9
   496.1   496.5   496.4   496.4   496.4
   499.2   499.3   499.3   499.3   499.3   499.3   499.3   499.7   501.5   506.1
   514.3   524.6   534.4   542.5   549.2   555.5   562.1   568.7   573.8   576.4
   577.3   577.4   577.5   577.5   577.5   577.5   577.5   577.5   577.3   576.8
   575.1   572.3   569.5   567.8   567.2   567.0   566.9   566.9   566.9   566.8
   566.8   566.8   566.7   566.7   566.7   566.7   566.6   566.5   566.4   566.3
   566.2   566.3   566.5   566.7   566.8   566.8   566.8   566.8   566.8   566.6
   565.3   561.7   555.6   549.5   545.2   541.9   537.3   530.2   521.6   514.4
   510.7   508.3   505.3   501.9   499.8   499.4   499.6   499.4   499.2   498.2
   497.8   498.6   501.1   504.8   507.1   507.9   508.2   508.5   508.7   508.7
   508.5   508.1   507.8   506.6   502.7   498.9   497.8   497.6   497.6   497.7
   498.7   499.1   499.5   500.3   501.2   502.0   502.5   502.8   503.7   505.7
   508.3   510.1   510.9   511.0   511.4   511.9   512.3   512.5   512.2   511.2
   509.0   506.3   504.1   503.1   502.8   502.5   502.1   501.5   501.3   501.5
   501.9   502.3   502.3   501.7   500.7   499.7   498.8   497.8   496.4   494.8
   494.6   496.4   498.1   498.9   499.2
   507.5   507.6   507.6   507.6   507.6   507.6   507.6   507.6   507.9   508.9
   511.5   515.4   519.8   523.8   527.6   532.0   538.0   545.3   552.2   556.8
   559.0   559.7   559.8   559.8   559.9   559.9   559.9   559.9   559.9   559.5
   558.4   556.5   554.7   553.5   553.1   553.0   553.0   553.0   553.0   552.9
   552.9   552.9   552.9   552.9   552.9   552.8   552.8   552.8   552.7   552.6
   552.6   552.6   552.7   552.9   552.9   553.0   553.0   552.9   552.9   552.5
   550.9   546.8   540.5   534.2   529.7   526.3   522.6   518.2   513.8   510.8
   509.9   509.2   508.0   507.5   507.3   507.3   507.2   507.0   507.2   509.3
   509.2   509.1   509.7   511.2   513.3   514.6   515.0   515.1   515.1   515.1
   515.1   515.1   515.0   514.3   512.0   509.8   509.1   509.0   509.0   508.8
   507.7   507.5   507.6   508.0   508.6   509.0   509.3   509.5   510.3   511.8
   513.7   515.1   515.7   515.8   516.0   516.2   516.3   516.3   516.1   515.4
   514.0   512.1   510.7   510.0   509.8   509.7   509.6   509.3   509.1   509.2
   509.5   509.6   509.4   509.0   508.3   507.7   507.3   507.0   506.6   506.1
   505.9   506.6   507.1   507.4   507.5
   511.1   511.2   511.2   511.2   511.2   511.2   511.2   511.2   511.3   511.4
   511.9   512.7   513.8   514.9   516.1   518.1   521.8   527.8   534.8   540.7
   544.3   545.9   546.4   546.7   546.8   546.9   547.0   547.1   547.1   546.9
   546.2   545.2   544.1   543.4   543.2   543.1   543.1   543.1   543.1   543.1
   543.1   543.1   543.1   543.1   543.1   543.1   543.0   543.0   543.0   542.9
   542.9   542.9   543.0   543.1   543.1   543.0   543.0   542.8   542.6   541.8
   539.5   534.9   528.7   523.0   519.1   516.8   514.9   513.3   512.1   511.7
   511.8   511.6   511.1   511.0   510.9   510.9   510.8   510.5   510.3   510.4
   510.3   510.3   510.4   511.0   512.4   514.2   515.1   515.3   515.3   515.3
   515.3   515.3   515.2   514.6   512.8   511.0   510.4   510.3   510.3   510.4
   510.8   511.0   511.2   511.4   511.8   512.0   512.2   512.5   513.0   514.1
   515.4   516.4   516.9   517.1   517.1   517.2   517.2   517.1   517.0   516.5
   515.5   514.3   513.4   512.9   512.7   512.6   512.6   512.5   512.5   512.5
   512.5   512.5   512.3   512.0   511.5   511.2   511.0   510.9   510.8   510.8
   510.8   510.8   511.0   511.1   511.1
   514.5   514.5   514.5   514.6   514.6   514.6   514.6   514.6   514.6   514.7
   514.8   515.1   515.4   515.9   516.6   517.4   518.7   520.4   522.2   523.9
   525.1   525.8   526.4   526.8   527.2   527.5   527.8   528.0   528.2   528.3
   528.4   528.3   528.3   528.3   528.3   528.4   528.4   528.5   528.5   528.6
   528.6   528.6   528.7   528.7   528.7   528.7   528.7   528.7   528.7   528.7
   528.6   528.6   528.5   528.4   528.2   528.0   527.6   527.1   526.4   525.5
   524.3   522.8   521.0   519.4   518.2   517.3   516.5   515.9   515.5   515.0
   514.5   513.9   513.4   514.1   514.4   514.5   514.6   515.1   515.2   515.4
   515.5   515.6   515.8   515.9   516.2   516.4   516.6   516.6   516.7   516.7
   516.6   516.6   516.5   516.3   516.1   515.9   515.7   515.6   515.4   515.3
   514.9   514.9   514.9   514.9   515.1   515.2   515.3   515.5   515.7   516.0
   516.3   516.6   516.7   516.8   516.8   516.8   516.8   516.7   516.6   516.4
   516.2   515.9   515.7   515.5   515.4   515.4   515.3   515.2   515.2   515.1
   515.1   515.0   514.9   514.8   514.7   514.6   514.6   514.5   514.5   514.5
   514.5   514.5   514.5   514.5   514.5
   513.9   513.9   513.9   513.9   513.9   513.9   513.9   513.9   514.0   514.0
   514.0   514.1   514.2   514.4   514.5   514.8   515.1   515.4   515.7   516.0
   516.3   516.6   516.9   517.2   517.5   517.8   518.1   518.4   518.7   519.0
   519.2   519.5   519.8   520.0   520.2   520.4   520.6   520.7   520.9   521.0
   521.1   521.2   521.2   521.3   521.3   521.4   521.4   521.4   521.3   521.3
   521.2   521.1   521.0   520.8   520.6   520.3   519.9   519.5   519.1   518.6
   518.1   517.5   517.1   516.6   516.2   515.9   515.7   515.5   515.3   515.1
   514.8   514.4   513.9   514.1   514.1   514.1   514.1   514.0   514.1   514.1
   514.1   514.2   514.2   514.2   514.3   514.3   514.4   514.4   514.4   514.4
   514.3   514.3   514.3   514.2   514.2   514.2   514.1   514.1   514.1   514.1
   514.1   514.2   514.2   514.3   514.3   514.4   514.5   514.5   514.6   514.7
   514.8   514.8   514.9   514.9   514.9   514.9   514.9   514.8   514.8   514.7
   514.6   514.6   514.5   514.5   514.4   514.4   514.3   514.3   514.2   514.2
   514.2   514.1   514.1   514.1   514.0   514.0   514.0   513.9   513.9   513.9
   513.9   513.9   513.9   513.9   513.9
   512.8   512.8   512.8   512.8   512.8   512.8   512.8   512.8   512.8   512.9
   512.9   512.9   513.0   513.0   513.1   513.1   513.2   513.3   513.4   513.6
   513.7   513.9   514.0   514.2   514.4   514.6   514.8   515.1   515.3   515.6
   515.8   516.0   516.3   516.5   516.7   516.8   517.0   517.1   517.3   517.4
   517.5   517.5   517.6   517.7   517.7   517.7   517.7   517.7   517.6   517.6
   517.5   517.4   517.2   517.1   516.9   516.7   516.5   516.2   516.0   515.8
   515.5   515.3   515.1   515.0   514.8   514.7   514.6   514.5   514.5   514.4
   514.3   514.0   513.6   513.5   513.4   513.3   513.3   513.2   513.2   513.2
   513.2   513.2   513.2   513.1   513.1   513.1   513.1   513.1   513.1   513.1
   513.1   513.1   513.0   513.0   513.0   513.0   513.0   513.0   513.0   513.0
   513.1   513.1   513.1   513.1   513.2   513.2   513.2   513.3   513.3   513.3
   513.3   513.3   513.4   513.4   513.3   513.3   513.3   513.3   513.3   513.3
   513.2   513.2   513.2   513.1   513.1   513.1   513.1   513.0   513.0   513.0
   513.0   512.9   512.9   512.9   512.9   512.9   512.8   512.8   512.8   512.8
   512.8   512.8   512.8   512.8   512.8
   512.8   512.8   512.9   512.9   512.9   512.9   512.9   512.9   512.9   512.9
   513.0   513.0   513.0   513.1   513.1   513.1   513.2   513.2   513.3   513.3
   513.4   513.4   513.5   513.6   513.6   513.7   513.8   513.8   513.9   514.0
   514.1   514.1   514.2   514.3   514.3   514.4   514.4   514.4   514.5   514.5
   514.5   514.5   514.5   514.5   514.5   514.5   514.5   514.5   514.5   514.4
   514.4   514.4   514.3   514.3   514.2   514.2   514.1   514.1   514.0   513.9
   513.9   513.8   513.8   513.7   513.7   513.6   513.6   513.6   513.6   513.6
   513.6   513.5   513.3   513.3   513.2   513.2   513.1   513.1   513.1   513.1
   513.1   513.1   513.0   513.0   513.0   513.0   513.0   513.0   513.0   513.0
   513.0   513.0   513.0   513.0   513.0   513.0   512.9   513.0   513.0   513.0
   513.0   513.0   513.0   513.0   513.0   513.0   513.0   513.0   513.0   513.0
   513.0   513.0   513.0   513.0   513.0   513.0   513.0   513.0   513.0   512.9
   512.9   512.9   512.9   512.9   512.9   512.9   512.9   512.9   512.9   512.9
   512.9   512.9   512.9   512.8   512.8   512.8   512.8   512.8   512.8   512.8
   512.8   512.8   512.8   512.8   512.8
   513.2   513.2   513.2   513.2   513.2   513.2   513.2   513.2   513.2   513.2
   513.2   513.2   513.2   513.2   513.2   513.2   513.2   513.2   513.2   513.2
   513.2   513.2   513.2   513.2   513.2   513.2   513.2   513.2   513.2   513.2
   513.2   513.2   513.2   513.2   513.2   513.2   513.2   513.2   513.2   513.2
   513.2   513.2   513.2   513.2   513.2   513.2   513.2   513.2   513.2   513.2
   513.2   513.2   513.2   513.2   513.2   513.2   513.2   513.2   513.2   513.2
   513.2   513.2   513.2   513.2   513.2   513.2   513.2   513.2   513.2   513.2
   513.2   513.2   513.2   513.2   513.2   513.2   513.2   513.2   513.2   513.2
   513.2   513.2   513.2   513.2   513.2   513.2   513.2   513.2   513.2   513.2
   513.2   513.2   513.2   513.2   513.2   513.2   513.2   513.2   513.2   513.2
   513.2   513.2   513.2   513.2   513.2   513.2   513.2   513.2   513.2   513.2
   513.2   513.2   513.2   513.2   513.2   513.2   513.2   513.2   513.2   513.2
   513.2   513.2   513.2   513.2   513.2   513.2   513.2   513.2   513.2   513.2
   513.2   513.2   513.2   513.2   513.2   513.2   513.2   513.2   513.2   513.2
   513.2   513.2   513.2   513.2   513.2
