diamond 4 10年11月28日20时500百帕高度场
10 11 28 20   0   500
  2.000 -2.000  32.0 160.0  80.0  12.0
  65  35  4  400  612  1  0
   526.0   525.7   525.0   523.7   522.4   522.0   522.7   524.1   525.4   526.4
   526.9   527.6   528.1   528.3   527.7   527.2   526.9   526.4   524.8   521.8
   518.5   515.8   514.1   513.0   512.3   512.2   512.5   513.2   513.8   514.0
   514.0   514.0   514.0   514.0   514.0   513.9   513.9   513.8   513.6   513.4
   513.1   512.9   512.7   512.2   511.7   511.3   511.1   511.0   511.0   511.0
   510.9   510.8   510.4   509.8   509.1   508.5   508.1   507.9   507.9   508.0
   508.4   509.5   511.0   512.3   512.8
   526.4   525.9   525.1   523.6   522.1   521.5   522.3   523.8   525.3   526.3
   526.8   527.1   527.4   527.3   526.8   526.3   526.0   525.3   523.5   520.5
   517.4   515.0   513.4   512.3   511.6   511.3   511.8   512.7   513.6   514.0
   514.1   514.0   514.0   514.0   513.9   513.9   513.9   513.8   513.6   513.4
   513.2   513.0   512.7   512.2   511.7   511.3   511.1   511.0   510.9   510.9
   510.9   510.8   510.4   509.8   509.0   508.4   507.9   507.6   507.5   507.7
   508.2   509.3   510.9   512.2   512.7
   527.6   527.0   525.8   523.8   521.8   520.9   521.7   523.4   525.2   526.3
   526.7   526.6   526.5   526.2   525.8   525.0   523.9   522.4   520.3   518.0
   515.9   514.4   513.4   512.7   512.0   511.6   511.7   512.5   513.4   514.0
   514.2   514.1   514.0   514.0   513.9   513.9   513.9   513.8   513.7   513.5
   513.3   513.1   512.7   512.2   511.6   511.2   511.1   511.0   510.9   510.7
   510.6   510.5   510.2   509.6   508.8   508.1   507.4   506.7   506.5   506.8
   507.7   509.1   510.7   512.0   512.4
   529.2   529.3   527.8   524.9   522.1   521.0   521.7   523.2   524.9   526.1
   526.1   525.7   525.3   525.0   524.3   522.9   520.8   518.9   517.6   516.6
   515.7   514.9   514.5   514.2   513.7   513.2   513.0   513.4   514.1   514.6
   514.6   514.4   514.1   514.0   513.9   513.9   514.0   514.0   513.9   513.7
   513.5   513.3   512.8   512.2   511.6   511.3   511.3   511.3   511.0   510.6
   510.2   509.8   509.5   509.1   508.5   507.7   507.0   506.5   506.4   506.7
   507.6   509.1   510.7   511.8   512.1
   529.4   529.3   527.8   525.2   522.8   522.2   523.0   523.9   524.9   525.6
   525.3   524.4   523.5   522.6   521.3   519.3   516.9   515.2   514.9   515.4
   515.8   515.8   515.9   515.9   515.5   515.0   514.8   515.1   515.6   515.9
   515.5   514.8   514.2   514.0   513.9   513.9   514.0   514.1   513.9   513.7
   513.5   513.3   512.8   512.1   511.6   511.4   511.6   511.7   511.3   510.5
   509.6   508.8   508.4   508.2   508.0   507.5   507.2   507.1   507.2   507.5
   508.3   509.6   511.1   512.1   512.4
   527.6   527.2   525.4   522.9   521.1   521.1   522.0   522.4   522.7   523.0
   522.6   521.7   520.3   518.8   517.6   516.6   515.5   514.7   514.6   515.3
   516.1   516.6   516.9   517.1   517.0   516.8   517.0   517.3   517.6   517.5
   516.5   515.0   513.9   513.6   513.7   514.0   514.1   514.1   513.8   513.6
   513.3   513.0   512.6   512.0   511.5   511.3   511.4   511.4   511.1   510.1
   508.8   508.0   507.7   507.6   507.5   507.4   507.6   508.0   508.4   508.8
   509.6   510.8   512.2   513.1   513.3
   524.6   523.7   521.5   519.0   517.7   517.9   518.4   518.5   519.2   520.2
   520.5   519.7   518.3   517.0   516.6   516.8   516.7   516.3   516.2   516.4
   516.8   517.3   517.7   517.9   517.9   517.8   517.9   518.0   517.9   517.4
   516.1   514.1   512.3   511.8   512.2   512.9   513.4   513.6   513.5   513.2
   513.0   512.7   512.3   511.7   511.3   510.8   510.4   510.0   509.8   509.2
   508.3   507.9   507.7   507.2   506.5   506.4   507.0   508.1   509.4   510.4
   511.3   512.4   513.7   514.7   515.1
   520.4   519.0   517.0   515.4   514.8   514.8   514.7   515.0   516.7   518.7
   519.6   519.3   518.5   518.2   518.7   519.2   519.0   518.6   518.4   518.5
   518.5   518.8   519.3   519.5   519.2   518.5   518.0   517.6   517.2   516.5
   515.1   512.6   510.3   509.4   509.6   510.2   510.9   511.6   512.2   512.5
   512.6   512.4   512.1   511.7   511.1   510.4   509.5   508.7   508.3   508.0
   507.9   508.0   507.9   507.3   506.5   506.4   507.1   508.4   510.3   512.0
   513.2   514.2   515.5   516.9   517.8
   516.9   514.5   513.3   513.1   513.3   513.6   514.4   515.7   518.0   519.7
   520.3   520.0   520.0   520.8   521.9   522.5   522.0   521.4   521.2   520.9
   520.3   519.9   520.1   520.4   519.9   518.8   517.5   516.7   516.0   515.3
   513.9   511.3   508.5   507.3   507.6   508.6   509.4   509.9   510.5   511.3
   511.9   512.2   512.1   511.8   511.3   510.6   509.7   508.8   508.1   507.9
   508.0   508.5   508.8   508.2   507.4   507.6   508.4   509.8   511.7   513.5
   514.8   516.1   517.8   519.8   521.1
   517.8   514.9   514.3   515.0   515.2   515.0   515.9   517.7   519.5   520.6
   521.2   521.4   522.1   523.4   524.8   525.6   525.8   526.0   525.8   524.8
   522.6   520.4   519.8   520.1   519.8   518.6   517.1   515.9   515.1   514.7
   513.8   511.3   508.1   506.7   507.7   509.2   509.8   509.0   508.6   509.4
   510.9   512.0   512.4   512.5   512.1   511.5   510.7   510.2   509.9   509.9
   510.3   511.7   513.0   512.9   511.8   511.4   512.1   513.4   514.5   515.3
   516.1   517.8   520.2   522.8   524.5
   521.9   520.0   518.4   518.6   518.8   518.5   518.6   519.0   519.8   520.6
   521.5   522.2   523.2   524.8   526.2   527.2   528.1   529.6   529.8   528.2
   524.5   521.2   520.4   520.9   520.8   520.2   519.1   517.9   516.7   516.7
   516.7   514.6   510.7   508.8   509.2   510.0   509.6   508.2   507.4   507.9
   509.1   510.5   511.9   513.0   513.3   512.8   511.7   511.4   511.7   512.3
   513.4   515.9   518.5   519.2   518.8   518.8   519.4   520.3   520.7   520.2
   519.7   520.5   522.8   525.7   527.5
   527.0   525.7   524.0   522.7   521.9   521.5   520.6   519.7   519.2   519.4
   520.4   522.0   523.7   525.6   527.0   527.5   528.3   531.0   532.7   530.8
   525.4   522.8   524.8   527.0   527.2   526.3   525.3   523.9   522.7   522.7
   522.6   520.8   517.6   515.3   513.9   512.1   510.4   508.4   507.6   507.7
   508.2   509.0   510.3   512.1   513.5   513.5   512.5   512.1   512.8   514.0
   515.8   518.4   520.5   521.4   522.0   523.1   524.0   524.4   524.6   524.8
   524.6   524.7   526.0   528.1   529.7
   530.4   530.3   529.1   526.9   525.6   525.0   523.7   522.2   521.0   520.5
   520.8   522.0   524.2   526.9   528.8   529.6   530.0   532.0   533.4   530.8
   525.1   525.0   531.3   535.8   535.8   534.5   533.2   531.6   529.9   528.8
   527.7   525.7   523.7   522.9   521.0   518.0   514.9   512.0   510.3   509.8
   509.4   509.3   509.9   511.8   513.6   514.2   513.5   513.7   514.2   515.0
   516.5   518.7   520.2   520.6   520.6   521.7   522.4   522.6   522.9   523.8
   525.0   526.4   527.9   529.7   531.0
   533.2   533.9   533.7   532.6   531.6   530.7   528.8   526.7   524.6   523.3
   523.0   522.9   525.3   529.8   533.1   534.4   534.9   535.7   535.6   533.4
   530.6   532.8   539.1   542.7   542.7   541.8   541.0   539.9   538.0   535.4
   532.1   528.6   527.0   527.6   526.7   524.2   521.6   519.2   517.0   514.9
   512.5   510.8   510.8   512.0   513.2   513.8   513.4   513.2   513.1   513.3
   514.5   516.5   517.9   517.0   515.9   516.7   518.3   519.1   520.4   522.7
   525.9   528.6   530.2   531.3   532.1
   535.7   536.3   536.8   536.4   535.5   534.2   532.1   531.1   530.5   530.3
   530.5   530.9   533.6   537.5   540.2   541.8   543.4   544.9   545.6   545.3
   544.8   545.7   547.9   549.0   548.8   548.3   547.9   547.6   546.3   543.4
   539.2   535.1   532.7   532.1   531.2   529.7   527.9   525.7   523.3   520.6
   517.3   514.8   513.3   512.1   511.2   511.2   511.2   510.8   510.2   509.9
   510.2   511.3   512.0   511.5   511.1   513.0   514.9   516.1   518.0   521.4
   526.1   530.2   532.1   532.8   533.1
   539.2   538.4   538.6   538.1   536.8   535.4   534.4   535.4   538.1   540.1
   540.7   540.8   543.1   546.3   547.7   549.1   551.5   553.8   554.8   554.5
   554.2   554.2   554.5   554.9   554.7   554.2   553.6   553.2   552.0   549.6
   546.2   542.6   539.7   538.0   536.8   535.6   533.9   531.7   529.1   526.2
   522.8   519.8   517.1   513.6   510.6   509.7   510.0   509.5   508.3   507.3
   506.3   506.0   506.7   507.7   508.4   509.4   510.6   512.0   514.2   517.9
   523.4   528.7   531.6   533.0   533.4
   546.1   545.1   544.8   544.5   543.7   543.5   543.2   544.7   547.8   550.2
   550.7   550.5   550.9   551.3   551.6   553.6   557.6   560.2   560.5   560.2
   560.5   560.5   560.1   559.9   559.6   559.0   557.7   556.5   555.3   553.8
   551.9   549.4   546.8   545.0   543.7   542.0   539.8   537.7   535.4   532.5
   529.0   525.3   521.1   516.4   512.2   510.6   510.1   509.4   508.2   506.7
   504.8   503.9   504.9   506.5   506.8   506.9   507.9   509.8   511.6   514.3
   519.0   524.9   529.4   532.1   533.2
   556.2   556.7   556.5   555.8   555.4   555.9   556.4   556.7   557.7   558.0
   558.0   557.2   555.3   554.2   554.7   557.8   562.1   564.7   565.1   564.7
   564.8   564.4   563.7   563.2   563.1   562.6   561.3   559.8   558.7   557.9
   556.7   555.5   554.6   554.1   553.2   550.8   547.4   544.5   542.3   539.8
   536.7   533.0   529.1   523.8   518.1   514.1   511.9   510.4   509.1   507.2
   505.0   504.3   505.6   507.8   508.7   509.1   510.0   511.6   512.2   513.3
   516.8   522.3   527.8   531.6   533.3
   564.4   565.1   564.8   564.3   564.5   565.4   565.2   563.9   562.7   561.1
   559.6   559.2   559.1   559.9   561.5   563.8   566.6   568.5   569.0   568.8
   568.4   567.6   566.5   565.9   565.6   565.2   564.2   562.9   562.1   561.8
   560.9   560.0   559.8   559.8   559.4   558.0   555.6   552.8   550.0   546.8
   543.1   539.2   535.4   531.6   527.1   522.6   518.4   515.2   513.1   510.8
   508.5   507.8   509.9   513.5   515.8   516.4   516.5   516.8   516.9   517.1
   519.2   523.6   528.8   532.9   535.0
   570.3   570.4   570.1   570.2   570.4   570.5   569.6   567.3   565.2   563.4
   562.7   563.6   565.9   568.5   570.0   570.7   571.2   571.7   571.8   571.6
   571.0   570.2   569.0   568.1   567.5   566.9   565.9   564.8   564.4   564.4
   564.0   563.4   563.3   563.1   562.7   562.2   561.0   558.7   555.9   552.9
   549.5   545.7   541.8   538.3   535.0   531.3   527.1   522.9   519.4   517.4
   516.7   518.2   521.7   524.6   526.0   526.6   526.6   525.8   524.9   524.6
   525.7   528.7   533.2   537.1   539.3
   574.6   574.9   574.7   574.6   574.5   574.4   574.2   573.3   571.9   570.5
   569.7   570.3   572.1   573.7   574.1   573.7   573.4   573.5   573.4   573.2
   572.7   571.8   570.6   569.5   568.5   567.8   567.1   566.6   566.8   567.2
   567.0   566.4   565.8   565.2   564.6   564.2   563.9   562.4   560.4   558.2
   555.5   552.2   548.3   544.7   541.9   539.2   536.6   532.6   528.8   527.4
   529.0   532.5   535.7   535.6   534.4   534.1   534.2   533.5   532.7   532.7
   534.0   537.1   541.4   544.9   546.6
   577.6   578.0   578.0   577.9   577.7   577.9   578.2   577.7   576.2   574.1
   572.9   573.0   574.4   575.1   574.9   574.3   573.9   573.8   573.5   573.2
   573.1   572.6   571.7   570.8   569.9   569.2   568.7   568.8   569.1   569.2
   568.9   568.5   567.9   567.0   566.0   565.5   565.4   564.6   563.3   561.7
   560.1   557.9   554.9   551.6   548.7   546.8   545.3   543.8   542.5   542.4
   542.3   542.8   544.0   544.4   543.9   542.7   541.7   540.8   540.6   541.7
   545.0   549.4   553.3   555.6   556.1
   579.2   579.4   579.7   580.0   580.6   581.5   581.7   580.8   578.8   575.8
   574.2   573.5   575.3   575.7   574.9   574.0   574.0   574.1   572.9   572.0
   572.8   573.2   573.1   572.9   572.4   571.8   571.1   570.7   570.7   570.3
   569.7   569.7   569.6   569.1   568.4   568.0   567.8   566.8   565.5   564.3
   563.3   562.2   560.7   558.7   556.4   554.1   552.2   551.1   551.0   551.6
   551.9   551.6   551.6   552.2   553.2   553.6   553.0   551.7   551.3   553.8
   559.1   564.4   566.7   566.8   565.8
   580.9   581.2   581.7   582.1   582.6   583.5   583.4   582.2   580.4   578.0
   576.5   576.2   575.9   575.4   574.8   574.3   574.2   574.6   573.8   572.1
   571.8   572.8   573.9   574.6   574.8   574.4   573.6   572.2   571.9   571.7
   571.3   571.2   570.9   570.8   570.6   570.4   569.9   569.2   568.4   567.4
   566.4   565.5   564.8   563.9   562.4   560.5   558.6   557.4   557.7   558.7
   559.1   558.5   558.2   559.3   561.3   562.8   562.8   562.0   562.9   567.0
   573.1   577.4   577.7   575.9   574.2
   582.4   582.8   583.2   583.4   583.6   584.0   583.7   583.0   581.6   579.4
   577.8   577.1   576.9   576.8   576.5   575.9   576.1   575.9   575.0   573.1
   571.7   571.5   572.0   573.8   575.0   575.2   573.9   573.1   573.5   573.8
   573.7   573.4   573.3   572.9   572.5   572.0   571.4   570.8   570.6   570.3
   569.5   568.8   568.5   568.0   567.0   565.9   564.8   563.8   563.8   564.2
   563.9   563.1   563.0   564.8   567.2   569.3   570.8   572.0   574.3   578.2
   582.5   584.9   584.0   581.9   580.3
   583.6   583.9   584.1   584.0   583.5   582.7   582.4   581.8   581.0   580.1
   578.8   578.1   578.3   578.4   578.5   578.1   577.7   577.4   576.7   575.0
   573.0   572.2   572.3   573.1   574.3   575.3   575.0   574.7   575.1   575.5
   575.2   574.7   574.7   574.4   573.9   573.3   572.7   572.4   572.6   572.8
   572.5   572.0   571.8   571.5   571.0   570.9   570.7   569.9   569.6   569.5
   569.0   568.1   568.2   570.1   573.3   576.5   579.0   580.6   582.2   584.4
   586.5   587.4   586.7   585.3   584.2
   584.1   584.4   584.5   584.0   583.0   582.0   581.6   581.3   581.0   580.3
   579.1   577.9   578.6   579.4   579.6   579.1   578.3   578.0   577.8   577.0
   575.4   574.5   574.5   574.9   575.8   576.7   576.7   576.7   576.8   577.0
   576.6   575.9   576.0   576.3   576.2   575.9   575.7   575.4   575.3   575.2
   574.7   574.5   574.4   574.3   574.5   575.3   575.6   574.8   574.0   574.9
   576.1   576.4   576.6   578.2   580.6   582.6   583.7   584.3   585.3   586.7
   587.8   588.2   587.9   587.2   586.5
   583.9   584.0   583.9   583.3   582.4   581.4   581.3   581.1   580.9   580.3
   579.1   578.4   578.5   578.9   579.3   579.1   578.8   578.7   578.6   578.5
   578.3   577.9   577.6   577.3   577.1   577.4   577.5   577.8   577.9   577.9
   577.9   578.3   579.5   580.3   580.3   579.8   579.2   578.7   578.6   578.7
   578.5   578.1   577.7   577.4   577.5   578.4   579.2   578.9   578.5   579.4
   580.6   581.0   581.5   582.6   584.0   584.8   585.2   585.8   586.7   587.8
   588.5   588.7   588.5   588.2   587.8
   583.3   583.3   583.2   582.7   582.0   581.2   581.0   581.0   581.0   581.2
   580.6   580.3   580.4   580.5   580.5   579.9   579.6   579.6   580.0   581.2
   582.4   582.7   582.4   582.0   581.6   581.0   580.1   578.8   578.3   578.3
   579.1   580.7   582.6   583.6   583.6   582.8   581.9   581.6   582.1   582.6
   582.6   582.3   582.1   581.7   581.1   581.0   581.3   581.4   581.7   582.4
   582.7   582.8   583.2   584.2   585.2   585.8   586.1   586.6   587.5   588.4
   588.9   589.0   588.9   588.7   588.5
   583.1   583.0   582.9   582.5   581.8   581.1   580.8   580.7   580.9   581.8
   581.9   582.0   582.2   582.1   581.6   580.3   580.0   580.4   581.9   584.2
   585.6   585.8   585.7   585.8   586.3   584.8   582.7   580.6   579.4   579.1
   580.1   582.1   584.3   585.5   585.6   584.9   584.0   584.2   585.2   585.6
   585.3   585.3   585.6   585.3   584.2   583.2   582.8   582.8   583.2   583.7
   583.6   583.4   583.5   584.2   585.0   585.5   585.9   586.5   587.4   588.5
   589.1   589.2   589.2   589.0   588.9
   583.0   583.0   582.8   582.5   581.7   580.9   580.6   580.4   580.3   580.5
   581.3   582.0   582.4   582.2   580.7   580.2   580.5   582.0   584.3   586.0
   586.6   586.8   587.1   587.9   587.8   586.5   584.2   582.1   580.9   580.3
   580.8   582.4   584.5   586.1   586.7   586.6   586.2   586.5   587.1   587.2
   587.0   587.2   587.5   587.1   585.8   584.5   583.7   583.4   583.4   583.4
   583.2   583.1   583.4   584.0   584.5   584.9   585.3   586.0   587.3   588.4
   589.0   589.2   589.2   589.1   589.0
   583.0   583.0   582.8   582.4   581.7   580.8   580.4   580.3   580.1   580.1
   580.2   580.2   580.3   580.3   580.1   580.3   581.4   583.5   585.3   586.1
   586.5   586.8   587.3   587.4   587.4   587.1   586.0   584.1   582.8   581.9
   581.9   582.8   584.4   585.8   586.6   586.9   586.7   586.7   587.1   587.4
   587.7   588.0   588.0   587.6   586.6   585.6   584.9   584.3   583.7   583.2
   583.2   583.8   584.7   585.5   585.8   585.7   585.8   586.4   587.4   588.4
   588.9   589.1   589.1   589.1   589.0
   583.0   583.0   582.8   582.4   581.6   580.9   580.4   580.2   580.1   580.0
   580.0   580.0   580.0   580.1   580.2   580.7   581.6   582.9   583.9   584.5
   585.0   585.4   585.9   586.4   587.0   587.1   586.6   585.5   584.3   583.5
   583.4   583.7   584.3   584.9   585.7   586.3   586.6   586.7   587.0   587.5
   588.0   588.2   588.3   588.2   588.0   587.9   587.9   587.4   586.3   585.4
   585.4   586.2   587.1   587.7   587.8   587.5   587.2   587.3   587.9   588.5
   588.8   589.0   589.0   589.0   589.0
   583.0   583.0   582.8   582.4   581.6   580.8   580.3   580.1   580.1   580.0
   580.0   580.0   580.0   580.0   580.1   580.4   581.0   581.6   582.1   582.5
   583.0   583.1   583.0   583.7   585.2   586.4   586.5   585.7   584.5   583.6
   583.5   583.7   584.0   584.5   585.5   586.5   587.0   587.0   587.1   587.5
   588.0   588.3   588.3   588.3   588.4   588.6   588.8   588.8   588.2   587.6
   587.7   588.4   589.2   589.6   589.6   589.1   588.4   588.0   588.1   588.4
   588.6   588.8   588.9   589.0   589.0
   583.0   583.0   582.8   582.3   581.6   580.8   580.4   580.1   580.1   580.0
   580.0   580.0   580.0   580.0   580.1   580.3   580.6   581.0   581.4   582.0
   582.4   582.4   581.7   581.5   582.6   584.1   585.1   584.9   584.0   583.3
   583.1   583.4   583.7   584.4   585.3   586.4   587.1   587.2   587.3   587.6
   588.0   588.2   588.3   588.3   588.2   588.4   588.6   588.7   588.4   588.1
   588.2   588.8   589.1   589.5   589.5   589.2   588.5   588.0   587.9   588.1
   588.4   588.6   588.8   588.9   589.0
