diamond 4 10年11月29日20时500百帕高度场
10 11 29 20   0   500
  2.000 -2.000  32.0 160.0  80.0  12.0
  65  35  4  400  612  1  0
   529.9   529.5   528.4   526.3   523.9   522.3   521.9   522.4   523.3   524.4
   525.6   526.1   525.8   525.2   525.2   525.0   524.5   523.2   521.3   518.6
   515.8   513.8   513.3   513.8   514.4   514.5   513.9   512.9   512.3   512.0
   512.0   512.0   512.0   512.1   512.2   512.2   512.1   511.9   511.6   511.4
   511.1   511.0   510.8   510.6   510.3   510.1   510.0   510.0   510.0   510.0
   509.9   509.9   509.7   509.2   508.7   508.3   508.0   507.9   507.8   507.8
   507.9   508.0   508.1   508.1   508.3
   530.2   529.7   528.5   526.3   523.7   522.0   521.7   522.5   523.7   525.1
   526.4   527.0   526.7   526.3   526.1   525.8   524.6   522.8   520.6   517.8
   515.1   513.5   513.5   514.6   515.5   515.6   514.8   513.5   512.5   512.1
   512.0   512.0   512.1   512.1   512.3   512.4   512.3   512.0   511.7   511.3
   511.1   510.9   510.8   510.6   510.3   510.1   510.0   509.9   509.9   509.9
   509.9   509.8   509.7   509.2   508.7   508.2   507.9   507.5   507.3   507.5
   507.7   508.0   508.2   508.4   508.7
   530.9   530.4   528.9   526.4   523.5   521.6   521.5   522.7   524.4   525.9
   526.8   526.9   526.6   526.4   526.1   525.0   523.1   520.9   518.7   516.4
   514.3   513.2   513.3   514.4   515.1   515.1   514.3   513.3   512.5   512.2
   512.1   512.1   512.1   512.3   512.5   512.6   512.6   512.3   511.7   511.0
   510.5   510.4   510.5   510.4   510.1   509.9   509.9   509.8   509.8   509.7
   509.6   509.6   509.5   509.2   508.6   508.0   507.2   506.4   506.0   506.3
   507.0   507.8   508.5   509.1   509.6
   531.9   531.7   530.0   527.0   523.6   521.6   521.3   522.2   523.6   524.9
   525.3   524.9   524.3   523.8   523.1   521.9   520.2   518.6   517.4   516.0
   514.4   512.9   512.2   512.6   512.9   512.6   512.2   512.0   512.1   512.2
   512.2   512.2   512.1   512.2   512.3   512.4   512.5   512.2   511.2   509.9
   509.1   509.1   509.6   509.9   509.8   509.6   509.8   509.9   509.9   509.6
   509.4   509.4   509.3   509.0   508.5   507.7   506.8   506.1   505.9   506.2
   507.0   508.0   509.3   510.5   511.2
   532.1   531.7   530.1   527.1   523.9   521.9   521.4   521.6   522.4   523.1
   523.0   522.2   521.4   520.6   519.9   519.0   517.7   516.7   516.3   515.9
   514.8   513.0   511.3   510.5   510.2   509.9   510.1   511.0   512.2   512.9
   513.0   512.6   512.2   512.0   511.9   512.0   512.1   511.8   511.0   509.8
   509.0   508.8   509.1   509.2   509.1   509.0   509.4   510.0   510.1   509.8
   509.4   509.1   509.0   508.8   508.4   507.7   507.0   506.8   507.0   507.4
   508.1   509.4   511.1   512.6   513.4
   531.1   530.6   528.7   525.9   523.0   521.1   520.4   520.0   520.2   520.4
   520.1   519.2   518.0   516.9   516.5   516.7   516.7   516.4   516.3   516.3
   515.8   514.3   512.3   510.5   509.5   509.3   510.3   512.2   514.1   515.0
   514.8   513.7   512.6   512.0   511.7   511.7   511.7   511.7   511.3   510.6
   510.1   509.7   509.4   509.1   508.6   508.4   508.9   509.6   510.0   509.8
   509.2   508.9   508.8   508.9   508.6   508.2   507.9   508.0   508.5   509.3
   510.5   512.1   513.9   515.4   516.0
   529.1   528.3   526.4   523.9   521.6   520.1   519.1   518.4   518.3   518.4
   518.3   517.5   516.0   514.8   515.0   516.3   517.1   517.3   517.1   517.1
   516.9   516.3   515.1   513.9   513.1   513.1   513.9   515.2   516.5   516.9
   516.2   514.7   513.1   512.2   511.9   511.7   511.6   511.7   511.8   511.8
   511.5   511.0   510.4   509.7   508.9   508.3   508.1   508.3   508.9   509.2
   509.1   509.0   509.0   509.2   509.1   508.9   509.0   509.6   510.7   512.2
   514.0   515.8   517.2   518.2   518.6
   526.1   525.1   523.5   521.7   520.3   519.3   518.1   517.5   517.6   518.0
   518.1   517.6   516.9   516.7   517.5   518.5   518.7   518.4   518.1   518.0
   517.9   517.6   517.2   516.9   516.7   516.6   516.9   517.3   517.6   517.4
   516.4   514.6   512.7   511.7   511.5   511.5   511.5   511.6   511.9   512.3
   512.4   512.1   511.5   510.8   510.0   508.9   507.9   507.4   507.6   508.1
   508.7   509.3   510.0   510.8   511.2   511.5   512.2   513.4   515.1   516.7
   518.0   519.1   520.0   520.6   520.9
   523.3   522.1   520.4   518.8   518.3   518.4   517.8   518.0   519.0   519.9
   520.2   519.8   519.6   520.0   520.8   521.1   520.3   519.4   518.9   518.7
   518.4   518.1   518.1   518.2   518.2   517.8   517.7   518.1   518.3   518.0
   516.8   514.6   512.3   511.0   510.9   511.2   511.3   510.9   510.9   511.6
   512.4   512.7   512.5   511.8   511.1   510.3   509.5   508.7   508.3   508.5
   509.3   510.3   511.9   513.8   515.2   515.9   516.8   518.3   520.0   521.0
   521.3   521.7   522.2   522.6   522.8
   521.6   520.0   517.8   515.3   514.8   515.5   516.3   517.6   519.0   519.9
   520.4   520.5   520.7   521.0   521.2   521.0   520.0   519.1   518.6   518.4
   518.1   517.9   518.3   518.7   518.7   518.3   518.2   518.6   518.9   518.6
   517.3   514.7   512.1   510.8   511.1   511.6   511.0   509.4   508.4   509.5
   511.5   513.0   513.6   513.6   513.2   512.7   512.3   512.0   511.9   512.2
   512.8   513.5   515.3   517.5   519.2   520.1   521.0   522.1   523.8   524.8
   524.7   524.2   524.1   524.1   524.3
   522.3   520.2   517.7   514.5   512.6   512.6   514.5   517.1   518.6   519.2
   519.7   520.0   520.0   519.8   519.3   518.6   517.6   517.2   517.2   516.9
   516.2   516.5   517.9   519.1   519.5   519.8   520.2   520.6   520.6   520.4
   519.2   516.9   514.3   512.5   511.6   511.0   509.7   507.4   506.4   507.2
   508.8   510.3   511.7   513.1   513.9   514.2   514.0   514.0   514.6   515.4
   515.8   516.0   517.0   518.5   519.3   519.6   520.0   520.5   521.3   522.6
   523.5   524.1   524.4   524.8   525.3
   526.7   525.2   522.8   519.5   517.4   517.1   519.4   521.7   522.1   521.4
   520.9   520.4   520.0   519.4   517.8   515.5   513.7   513.8   514.7   514.2
   512.6   513.2   516.0   518.5   520.5   522.6   524.2   524.9   525.1   525.5
   525.0   522.6   519.0   515.8   513.2   510.8   508.6   506.4   505.5   505.9
   506.6   507.2   508.1   509.5   511.4   513.2   514.0   514.2   514.6   515.3
   515.6   515.6   516.2   516.6   516.4   516.3   516.5   517.1   517.9   518.6
   519.6   521.3   523.2   524.9   525.9
   533.1   532.5   530.9   528.9   527.1   526.2   527.2   528.5   528.6   527.7
   526.1   523.9   522.1   520.6   518.2   515.3   513.1   512.7   513.0   512.4
   511.2   512.9   517.0   520.7   524.6   529.3   531.8   531.9   531.1   530.8
   530.4   528.5   525.1   521.5   518.1   514.7   512.0   509.6   508.1   507.6
   507.3   506.6   506.2   506.6   508.0   510.1   512.1   513.1   513.2   513.6
   513.8   513.8   513.7   513.3   512.9   512.5   512.7   514.4   516.9   519.1
   520.6   521.8   522.9   524.1   525.3
   540.1   540.7   540.7   540.2   539.7   538.8   537.4   535.8   534.8   534.0
   532.5   530.2   527.8   525.1   521.6   518.0   515.6   514.6   514.8   515.1
   515.4   518.8   524.6   529.0   532.7   537.6   540.7   541.2   540.3   539.1
   537.9   536.2   533.4   529.4   525.0   521.0   518.5   516.9   515.5   514.0
   512.3   510.6   509.1   507.6   507.2   508.5   510.6   511.8   512.2   512.3
   512.1   511.6   511.0   510.4   509.5   508.0   506.9   508.9   513.3   517.8
   520.8   522.2   522.1   522.7   524.2
   545.3   545.9   546.5   547.1   547.5   547.2   545.6   543.6   542.1   540.9
   539.2   536.8   534.1   531.0   527.3   523.4   521.1   520.7   522.4   524.3
   524.7   527.6   533.8   538.6   541.2   544.4   546.9   548.0   547.7   546.4
   544.8   543.3   541.1   536.9   532.7   529.3   527.2   525.4   523.3   521.1
   518.6   516.9   515.7   513.4   511.2   510.5   511.1   511.4   511.5   511.6
   511.2   510.1   509.1   508.2   506.5   503.9   502.1   503.8   508.8   514.7
   519.2   521.1   521.2   522.0   523.6
   550.0   550.1   551.2   552.3   553.2   553.5   553.2   552.7   551.9   550.5
   547.7   544.0   540.7   538.1   534.6   530.5   528.2   528.3   530.5   533.3
   534.9   537.6   542.8   547.5   550.5   552.9   554.5   555.0   554.3   552.7
   550.9   549.8   548.6   545.1   541.2   538.4   536.4   534.1   531.2   528.3
   525.6   523.7   522.6   521.1   519.4   517.7   515.8   513.9   513.1   513.1
   512.5   510.8   509.0   507.6   505.9   504.2   502.8   503.5   506.9   511.8
   516.3   519.3   520.7   522.2   523.5
   555.2   555.8   556.6   557.0   557.4   557.6   558.0   558.5   558.4   557.9
   556.0   552.4   548.1   544.5   541.1   537.3   535.3   535.6   537.2   539.5
   542.0   545.2   549.4   553.6   557.4   559.6   560.3   560.0   559.3   558.0
   556.2   554.7   553.6   551.2   548.2   545.5   543.0   540.8   538.2   535.4
   532.5   530.0   528.2   526.4   524.8   523.4   521.2   518.4   516.5   515.6
   514.6   512.8   510.9   509.0   507.3   506.4   505.8   505.9   507.4   510.3
   514.0   517.4   520.1   522.1   523.3
   561.1   562.3   563.0   562.8   562.1   561.0   560.8   561.8   562.8   563.4
   562.7   560.3   555.8   551.2   547.1   543.9   542.6   543.6   546.0   548.9
   551.7   554.5   557.4   560.6   563.2   564.6   564.6   564.0   563.1   562.2
   560.8   559.4   558.2   556.7   554.6   552.0   549.2   546.7   544.4   541.8
   539.0   536.1   533.5   530.9   528.7   527.4   525.9   523.7   521.5   519.7
   517.6   515.3   513.4   511.5   510.0   509.5   509.1   508.9   509.3   510.7
   513.2   516.6   519.8   522.3   523.8
   565.2   566.8   567.8   568.1   567.2   565.0   564.0   564.8   565.9   566.4
   566.2   564.9   562.4   559.6   557.2   555.1   553.8   554.9   558.5   562.7
   565.0   565.0   564.6   565.2   566.5   567.3   567.5   566.9   565.9   565.0
   564.0   562.9   562.1   561.1   559.7   557.6   555.0   552.4   550.1   547.8
   545.2   542.2   539.5   537.4   535.2   533.3   531.7   530.2   529.1   527.3
   523.7   519.5   517.5   516.3   515.4   514.6   513.9   513.6   513.6   514.3
   515.8   518.4   521.6   524.3   526.1
   568.9   569.8   571.3   572.2   571.9   570.0   568.4   568.2   568.1   567.5
   566.9   566.9   567.3   567.4   567.3   566.8   566.4   567.2   569.2   571.2
   571.4   570.0   568.6   568.2   568.5   568.7   568.9   568.7   568.4   567.8
   567.0   566.2   565.6   564.7   563.5   561.9   559.8   557.1   554.7   552.7
   550.7   548.1   546.2   544.7   542.6   540.5   538.9   537.6   536.5   535.5
   532.9   529.5   527.7   525.9   523.8   522.0   520.9   520.8   520.9   521.3
   522.1   523.9   526.8   529.6   531.3
   572.9   573.9   575.0   575.5   575.2   574.0   572.9   572.4   571.6   570.1
   569.3   569.8   571.0   571.6   571.7   571.7   571.7   572.2   573.0   574.0
   574.2   572.9   571.3   570.5   570.0   569.7   569.8   570.2   570.2   569.7
   568.9   568.3   568.0   567.3   566.2   565.0   563.5   561.2   558.7   556.9
   555.4   553.7   552.2   551.1   549.5   547.5   546.1   545.1   544.4   544.0
   543.4   542.3   541.1   537.6   533.1   529.6   527.9   527.9   528.6   529.4
   530.7   533.1   536.3   538.9   540.1
   576.8   577.5   578.0   578.1   577.8   577.3   576.8   576.1   574.5   572.3
   571.5   572.2   573.7   574.5   574.6   574.6   574.4   574.0   573.4   573.5
   574.5   574.5   573.8   572.8   572.0   571.5   571.3   571.4   571.2   570.4
   569.8   569.8   569.9   569.4   568.2   566.9   565.9   564.5   562.5   560.9
   559.9   558.7   557.3   556.3   555.1   553.9   552.8   552.1   552.2   552.4
   551.6   550.2   549.4   547.9   544.9   541.2   538.3   537.2   537.6   539.4
   542.9   547.0   550.1   551.4   551.3
   579.2   579.5   579.8   579.9   579.9   579.9   579.6   578.9   577.4   574.7
   574.2   574.9   577.0   577.6   577.4   577.5   577.3   576.0   573.8   572.8
   575.3   576.3   575.6   574.6   573.9   573.3   572.7   572.3   571.8   571.2
   570.9   571.0   571.0   570.9   569.8   568.7   568.2   567.5   566.3   565.0
   564.0   562.9   561.5   560.6   559.9   559.7   559.6   559.5   559.5   559.4
   559.2   558.2   557.2   556.5   555.9   554.8   553.1   551.3   550.9   553.4
   558.7   563.7   565.3   564.4   562.9
   580.6   580.8   581.2   581.4   581.5   581.6   581.2   580.5   579.7   578.6
   578.5   579.4   580.1   579.7   579.5   579.4   578.9   577.2   575.5   574.1
   574.6   575.9   575.4   575.1   575.2   575.0   574.3   573.0   573.2   573.4
   573.3   572.6   572.0   571.8   571.4   570.8   570.4   569.8   569.0   568.3
   567.7   567.0   566.2   565.6   565.1   564.7   564.7   564.9   564.7   564.3
   564.2   563.9   563.1   562.6   562.9   563.3   563.0   562.4   563.4   567.5
   573.6   577.8   577.4   574.9   572.6
   581.6   581.8   582.1   582.4   582.4   582.3   582.3   582.3   582.0   581.8
   581.5   581.6   581.6   580.8   580.1   579.9   579.2   578.2   576.9   575.9
   575.5   575.0   574.4   574.3   574.7   574.8   573.9   573.3   574.0   574.7
   574.7   574.2   573.8   573.1   572.3   571.8   571.4   571.0   570.8   570.7
   570.4   570.1   569.9   569.7   569.4   568.9   568.7   568.4   567.7   567.2
   567.0   567.1   566.9   567.1   568.0   569.3   570.7   572.1   574.6   578.7
   583.2   585.5   584.3   581.7   579.7
   582.4   582.6   582.8   582.9   582.7   582.2   582.2   582.3   582.2   582.3
   582.9   582.1   581.5   580.6   579.9   579.7   580.0   579.2   577.3   576.3
   575.9   575.5   575.2   575.1   575.2   575.5   575.3   574.9   575.1   575.3
   575.0   574.4   574.4   573.8   572.8   572.1   571.6   571.3   571.5   572.0
   572.1   572.2   572.4   572.4   572.2   572.2   572.2   572.0   571.5   571.0
   570.6   570.5   570.5   571.6   573.8   576.3   578.5   580.1   581.9   584.5
   586.9   588.0   587.2   585.6   584.3
   582.7   582.9   583.1   582.9   582.4   581.9   581.8   581.7   581.7   581.6
   581.2   580.5   580.6   580.4   579.9   579.8   580.4   579.6   577.7   576.8
   576.8   576.6   576.4   576.4   576.4   576.8   577.1   576.9   576.5   575.9
   575.2   574.5   574.7   574.9   574.5   573.6   572.7   572.1   572.6   573.4
   573.9   574.1   574.5   574.7   574.8   575.0   575.3   575.1   574.9   575.6
   576.6   577.1   577.1   578.1   579.9   581.5   582.5   583.5   584.9   586.8
   588.3   588.9   588.5   587.8   587.1
   582.6   582.7   582.7   582.5   582.2   581.9   581.6   581.3   581.2   581.1
   580.3   579.9   580.0   580.2   580.4   580.7   580.8   580.3   579.3   578.5
   578.2   577.5   577.3   577.3   577.4   577.7   577.8   577.7   577.3   576.6
   576.3   576.7   577.9   578.6   578.4   577.8   577.0   576.8   577.3   577.8
   577.9   577.8   578.1   578.3   578.1   578.4   578.9   578.9   578.7   579.5
   580.8   581.5   581.8   582.5   583.4   584.0   584.6   585.4   586.7   588.2
   589.2   589.5   589.4   589.0   588.6
   582.2   582.2   582.2   582.1   582.0   582.0   581.8   581.6   581.4   581.7
   581.3   581.2   581.3   581.5   581.5   581.1   581.2   581.3   581.3   580.9
   580.5   579.5   578.3   577.8   578.6   580.2   580.6   578.3   577.3   577.0
   577.7   579.5   581.5   582.2   581.9   581.9   582.1   582.1   582.1   582.3
   582.4   582.4   582.8   582.8   582.0   581.4   581.3   581.3   581.6   582.5
   583.2   583.5   583.8   584.3   584.9   585.4   585.9   586.7   587.9   589.2
   589.9   590.0   589.9   589.7   589.5
   582.0   582.0   582.0   582.0   581.9   581.8   581.8   581.6   581.7   582.3
   582.3   582.4   582.6   582.7   582.3   581.5   581.5   581.7   581.5   581.4
   581.3   581.1   581.0   581.2   582.6   583.2   582.4   580.5   578.7   578.0
   578.9   580.9   583.3   584.4   584.4   584.7   585.2   585.1   584.9   585.1
   585.5   585.6   586.1   586.2   585.1   583.7   583.0   582.9   583.3   584.0
   584.2   584.0   583.9   584.1   584.6   585.1   585.6   586.4   587.8   589.3
   590.2   590.4   590.3   590.1   589.9
   582.0   582.0   582.0   581.9   581.8   581.7   581.5   581.4   581.3   581.4
   581.9   582.4   582.8   582.7   581.7   581.5   581.8   581.9   581.8   581.8
   581.8   581.8   581.9   582.7   583.9   584.8   583.2   581.4   580.2   579.6
   579.9   581.5   583.5   585.1   585.9   586.3   586.6   586.5   586.4   586.7
   587.2   587.3   587.5   587.5   586.4   584.9   583.9   583.5   583.5   583.6
   583.5   583.2   583.2   583.5   583.8   584.1   584.7   585.8   587.6   589.2
   590.1   590.4   590.3   590.2   590.0
   582.0   582.0   582.0   581.9   581.7   581.5   581.4   581.3   581.1   581.1
   581.1   581.2   581.2   581.3   581.3   581.6   581.9   582.0   582.1   582.2
   582.2   582.2   582.3   582.5   583.1   584.4   584.7   583.2   582.4   582.1
   582.7   583.7   584.9   585.9   586.6   587.0   587.1   587.0   587.0   587.4
   587.8   588.1   588.0   587.7   586.8   585.8   585.1   584.4   583.7   583.2
   583.1   583.5   584.2   584.7   584.9   584.8   585.0   586.0   587.6   589.1
   589.8   590.1   590.1   590.1   590.1
   582.0   582.0   582.0   581.8   581.6   581.4   581.3   581.2   581.1   581.0
   581.0   581.0   581.1   581.1   581.3   581.6   581.9   582.1   582.2   582.4
   582.5   582.6   582.7   582.7   582.8   583.7   584.7   585.0   585.3   586.0
   586.9   587.4   587.3   586.9   586.6   586.7   586.8   586.9   587.0   587.4
   587.9   588.1   588.1   588.1   588.1   588.2   588.2   587.5   586.3   585.3
   585.0   585.5   586.3   586.8   586.8   586.5   586.4   586.9   587.9   588.9
   589.6   589.9   590.0   590.0   590.0
   582.0   582.0   581.9   581.8   581.6   581.4   581.2   581.1   581.1   581.0
   581.0   581.0   581.0   581.1   581.4   581.6   581.9   582.0   582.2   582.3
   582.5   582.8   583.3   583.3   583.1   583.3   584.4   585.6   586.7   587.7
   588.3   588.5   588.2   587.7   587.3   587.2   587.2   587.1   587.0   587.2
   587.7   588.0   588.1   588.2   588.5   588.9   589.1   588.9   588.1   587.3
   587.1   587.6   588.2   588.5   588.5   588.0   587.4   587.2   587.5   588.1
   588.8   589.2   589.6   589.9   590.0
   582.0   582.0   581.9   581.8   581.6   581.4   581.2   581.1   581.0   581.0
   581.0   581.0   581.1   581.2   581.4   581.6   581.9   582.0   582.1   582.1
   582.2   582.6   583.2   583.7   583.8   584.1   584.8   585.8   586.9   587.8
   588.2   588.3   588.1   587.8   587.5   587.4   587.4   587.3   587.2   587.3
   587.7   587.9   588.1   588.2   588.4   588.6   588.7   588.7   588.3   587.7
   587.6   587.9   588.1   588.4   588.3   588.1   587.4   586.8   586.7   587.0
   587.6   588.3   589.1   589.7   589.9
