diamond 4 10年11月29日08时500百帕高度场
10 11 29 08   0   500
  2.000 -2.000  32.0 160.0  80.0  12.0
  65  35  4  400  612  1  0
   528.0   527.8   527.4   526.3   524.9   523.7   523.1   523.3   523.9   525.0
   526.4   527.8   528.8   529.1   528.9   528.5   528.0   526.9   524.6   521.1
   517.2   514.2   512.7   512.1   511.9   511.8   511.8   512.1   512.6   513.4
   514.3   515.1   515.5   516.0   516.5   517.2   517.7   517.7   517.1   516.2
   515.3   514.3   513.3   512.1   511.1   510.4   510.0   509.6   508.9   507.7
   506.3   505.1   504.4   504.1   504.1   504.6   505.5   506.5   507.3   507.8
   508.3   509.2   510.5   511.5   511.9
   528.4   528.0   527.4   526.3   524.6   523.2   522.6   522.9   523.6   524.6
   526.0   527.3   528.4   528.9   528.8   528.4   527.5   525.9   523.3   519.7
   516.0   513.5   512.3   512.0   511.9   511.7   511.7   511.8   512.4   513.2
   514.0   514.7   515.1   515.3   515.6   516.0   516.4   516.3   515.9   515.3
   514.6   513.7   512.7   511.7   510.8   510.3   510.0   509.8   509.2   508.1
   506.6   505.3   504.6   504.3   504.3   504.7   505.6   506.5   507.1   507.6
   508.2   509.1   510.4   511.4   511.7
   529.3   528.9   528.0   526.2   524.1   522.5   522.0   522.4   523.4   524.3
   525.0   525.6   526.4   527.1   527.4   526.7   525.0   522.7   520.1   517.2
   514.6   512.8   512.2   512.1   512.0   511.7   511.4   511.6   512.2   512.9
   513.5   513.9   514.0   514.0   513.9   514.0   514.0   513.9   513.6   513.0
   512.3   511.7   511.3   510.8   510.4   510.1   510.2   510.4   510.0   509.1
   507.7   506.3   505.4   505.0   504.8   505.0   505.5   506.0   506.4   506.9
   507.7   508.9   510.1   511.0   511.2
   530.7   530.9   529.6   526.8   523.7   521.6   521.1   521.7   522.7   523.5
   523.7   523.4   523.3   523.5   523.5   522.7   520.9   519.1   517.5   516.1
   514.4   513.1   512.4   512.4   512.2   511.7   511.4   511.7   512.5   513.3
   513.7   513.6   513.5   513.3   513.2   513.2   513.0   512.5   511.6   510.5
   509.7   509.5   509.8   510.0   509.9   509.9   510.3   510.6   510.4   509.6
   508.5   507.1   506.1   505.7   505.5   505.7   506.1   506.3   506.5   506.9
   507.6   508.8   509.9   510.6   510.8
   531.3   531.4   529.9   526.7   523.1   520.7   520.0   520.6   521.5   522.3
   522.1   521.4   520.7   520.1   519.7   518.7   517.2   515.9   515.5   515.4
   514.9   513.7   512.8   512.5   512.2   511.9   511.9   512.7   513.8   514.5
   514.5   514.1   513.5   513.2   513.0   513.0   512.9   512.4   511.4   510.1
   509.2   508.9   509.2   509.4   509.3   509.5   510.0   510.6   510.4   509.6
   508.4   507.2   506.4   506.1   506.1   506.5   506.9   507.1   507.3   507.6
   508.2   509.1   510.0   510.7   510.9
   529.7   529.7   527.7   524.7   521.8   519.8   519.1   519.3   519.9   520.2
   519.8   519.0   517.9   516.9   516.4   516.3   515.9   515.5   515.4   515.7
   515.6   514.9   513.9   513.0   512.6   512.7   513.5   514.7   515.6   515.8
   515.3   514.5   513.7   513.4   513.1   513.0   512.9   512.5   511.8   510.8
   510.1   509.7   509.5   509.3   509.0   508.9   509.3   509.8   509.8   508.9
   507.6   506.6   506.1   506.1   506.3   506.8   507.4   508.0   508.4   508.7
   509.1   509.7   510.6   511.4   511.9
   526.0   525.1   523.3   521.3   519.8   519.0   518.6   518.7   519.2   519.4
   519.2   518.4   517.1   516.0   516.0   516.7   516.9   516.7   516.6   516.8
   517.1   516.9   516.1   514.9   514.1   514.4   515.5   516.4   516.5   516.2
   515.5   514.6   513.9   513.6   513.4   513.1   512.8   512.5   512.2   511.9
   511.5   511.0   510.5   510.0   509.4   508.6   508.2   508.1   508.1   507.5
   506.6   506.0   505.8   505.6   505.5   505.8   506.7   507.9   508.9   509.2
   509.4   510.0   511.4   512.8   513.5
   522.2   521.3   519.9   518.4   517.8   517.7   517.9   518.5   519.4   519.8
   519.7   519.2   518.2   517.9   518.6   519.3   519.0   518.5   518.4   518.5
   518.9   519.0   518.4   517.4   516.7   516.9   517.5   517.5   517.0   516.3
   515.3   514.1   513.0   512.6   512.5   512.4   512.1   511.9   512.0   512.3
   512.2   511.9   511.4   511.2   510.7   509.3   507.8   507.0   506.8   506.4
   506.0   505.7   505.8   506.0   505.9   506.0   507.0   508.5   509.9   509.9
   509.6   510.3   512.5   514.7   515.9
   519.2   517.7   516.1   514.7   514.9   515.9   516.7   518.2   519.6   520.2
   520.4   520.4   520.2   521.0   522.4   522.9   521.7   520.5   520.3   520.6
   521.1   521.3   520.9   520.1   519.4   518.8   518.4   517.8   517.1   516.2
   514.9   513.0   511.4   510.8   510.8   510.9   510.8   510.5   510.7   511.4
   512.0   512.0   511.7   511.1   511.0   510.5   509.4   508.2   507.6   507.5
   507.3   507.0   507.6   508.7   509.5   510.2   511.4   513.3   514.7   514.4
   513.2   513.3   515.3   517.5   518.7
   518.5   515.8   513.5   511.6   511.7   513.3   515.2   517.6   519.5   520.1
   520.2   520.0   520.3   521.8   523.4   523.9   523.1   522.4   522.5   523.1
   523.8   524.3   524.2   523.5   522.2   520.1   518.4   517.5   516.8   515.9
   514.5   512.4   510.1   509.2   509.4   509.7   509.4   508.4   508.1   509.2
   511.0   512.0   511.6   510.4   510.1   510.4   510.6   510.3   509.9   509.9
   510.3   510.9   512.4   514.1   515.3   516.3   517.8   519.8   521.6   521.8
   521.1   520.3   520.4   521.1   521.7
   520.1   517.2   514.3   512.4   511.9   513.1   515.2   517.9   519.3   519.4
   518.9   517.8   517.5   519.0   521.0   522.0   522.2   522.4   523.2   524.3
   525.1   525.9   526.7   526.5   524.8   522.1   519.8   518.5   517.4   516.5
   515.6   513.9   511.3   509.5   509.0   508.8   508.1   506.6   506.0   507.0
   508.5   509.8   510.2   510.0   510.2   510.9   511.9   512.3   512.2   512.3
   512.8   514.0   515.9   517.9   519.5   521.1   522.7   524.1   525.0   525.4
   525.5   525.2   524.5   524.2   524.5
   524.8   522.9   521.0   519.1   517.9   518.0   519.9   521.6   521.5   520.0
   518.2   516.6   516.1   517.0   518.4   519.4   520.2   521.8   523.7   524.9
   525.1   526.1   528.1   528.8   528.0   526.3   524.8   523.0   520.9   519.5
   519.0   518.3   516.8   514.8   512.6   510.3   508.2   506.0   505.3   505.8
   506.7   507.6   508.5   509.7   510.9   511.9   513.1   513.4   513.2   513.3
   513.9   515.0   516.2   517.6   519.6   522.1   524.1   525.4   526.1   526.7
   527.1   527.0   526.6   526.5   527.0
   529.8   529.1   527.8   526.5   525.3   524.8   525.8   526.7   525.6   523.3
   520.5   517.6   516.4   516.6   517.0   517.0   517.8   520.8   524.6   527.1
   528.2   530.3   533.2   534.9   534.6   533.4   532.0   529.9   526.9   524.6
   523.5   523.1   522.5   521.4   519.3   516.8   514.0   510.6   508.7   508.2
   508.2   508.1   508.2   509.4   511.0   512.2   512.9   512.7   512.2   512.4
   513.3   514.4   515.0   515.5   516.8   519.0   521.0   522.9   525.1   527.2
   528.4   528.6   528.5   528.8   529.6
   535.1   534.3   533.5   532.6   532.1   531.6   532.3   532.0   530.0   527.2
   524.3   521.3   519.9   519.6   519.5   519.5   520.6   524.0   529.0   532.9
   535.0   536.9   539.4   541.2   541.9   541.4   540.3   538.5   535.6   532.6
   530.4   528.9   528.0   527.5   526.0   524.1   521.7   519.0   516.9   515.1
   513.4   511.8   510.8   510.5   510.8   511.3   511.6   511.4   511.1   511.2
   511.7   512.4   512.6   512.7   512.6   512.2   512.0   514.3   519.1   524.6
   528.4   530.2   530.8   531.5   532.3
   541.6   541.3   540.7   540.3   539.8   538.7   537.3   536.2   534.4   532.3
   529.6   527.3   526.0   525.2   524.8   525.4   527.7   532.3   538.2   542.5
   544.2   545.6   547.4   548.6   548.7   548.0   547.1   545.7   543.2   540.4
   537.8   535.8   534.6   534.0   532.6   530.4   527.9   525.1   522.9   521.0
   519.1   517.4   515.9   513.6   511.4   510.6   510.7   510.5   510.1   509.7
   509.1   508.6   508.5   508.0   506.3   504.3   503.5   506.1   512.0   519.7
   526.6   530.9   532.8   533.9   534.4
   549.5   550.2   550.0   548.8   548.4   547.2   544.5   542.1   540.8   539.3
   536.5   533.7   532.4   531.8   531.6   533.3   537.8   543.8   548.7   551.2
   552.1   552.9   554.5   555.8   555.4   553.9   552.7   551.7   550.0   547.5
   544.7   542.6   541.5   541.1   539.4   536.5   533.0   529.9   527.6   525.8
   524.2   522.7   521.3   518.9   515.8   513.6   512.2   510.9   509.8   508.7
   506.9   505.3   504.2   503.0   501.1   500.2   500.6   502.8   507.5   514.9
   523.0   529.5   532.9   534.6   535.3
   556.1   556.9   555.8   552.8   551.9   553.6   553.8   552.5   550.4   547.4
   543.3   540.1   538.6   538.2   539.1   542.6   548.1   553.0   555.8   557.3
   558.4   558.9   559.3   559.9   559.7   558.6   557.6   557.2   556.2   553.8
   550.8   548.3   546.9   546.3   544.9   541.9   538.0   534.9   532.8   531.0
   529.3   527.8   526.1   523.8   520.9   518.1   515.5   513.0   511.2   509.4
   506.9   505.0   504.2   504.0   503.5   503.6   503.8   504.4   506.7   511.4
   518.2   525.5   530.9   534.0   535.3
   562.3   562.4   561.4   558.9   558.5   560.4   561.7   561.2   559.4   555.7
   551.9   548.6   545.8   544.3   545.5   549.8   555.3   559.4   561.6   563.2
   564.1   564.1   563.8   564.2   564.5   563.6   562.2   561.5   560.7   558.7
   556.2   554.3   553.0   551.9   550.4   547.6   543.7   540.7   538.8   537.2
   535.6   534.0   532.1   529.5   526.4   523.2   520.1   516.7   513.8   511.0
   508.0   506.2   505.8   506.4   506.8   507.2   507.4   507.5   508.2   510.6
   515.6   522.5   529.0   533.4   535.5
   567.8   568.3   567.7   566.6   566.5   567.0   566.7   565.3   562.5   558.0
   553.8   552.1   552.0   553.2   555.5   558.8   562.3   564.7   566.5   567.6
   567.9   567.2   565.8   565.9   566.9   566.8   565.7   564.6   563.6   562.2
   560.7   559.5   558.7   557.9   556.8   554.7   551.6   548.9   546.5   544.1
   541.9   540.1   538.4   536.5   533.8   530.6   527.0   523.1   519.1   515.4
   512.0   510.1   510.4   512.3   513.3   513.4   513.3   513.3   513.4   514.6
   517.9   523.5   529.8   534.6   537.1
   572.3   572.5   572.2   571.7   571.3   570.6   569.2   566.7   563.9   560.9
   559.1   559.5   561.8   564.5   566.7   568.0   568.7   569.1   569.4   569.7
   569.8   569.1   567.8   567.6   568.4   568.7   568.0   566.9   565.9   565.1
   564.1   563.0   562.3   561.8   561.1   559.7   557.2   554.7   552.7   550.6
   548.7   547.1   545.5   543.7   541.5   538.3   534.7   531.4   527.8   524.0
   521.6   521.4   523.1   524.9   525.4   525.0   524.3   523.6   523.0   523.1
   524.8   528.6   534.0   538.8   541.3
   575.7   576.1   576.3   575.9   574.8   573.2   571.7   570.4   569.7   569.5
   569.5   569.9   570.8   571.6   571.9   571.9   571.6   571.3   571.0   571.0
   571.0   570.9   570.3   570.0   570.0   569.9   569.4   568.4   567.7   567.4
   567.0   566.0   565.2   564.3   563.5   562.5   560.8   558.9   557.5   556.4
   555.4   554.4   552.8   550.9   548.6   545.0   541.6   540.0   537.8   535.0
   534.0   535.1   536.7   536.0   534.8   534.1   533.7   532.7   531.9   532.0
   533.6   537.2   542.3   546.6   548.7
   578.5   579.0   579.3   578.8   577.4   575.6   574.6   574.4   574.5   574.7
   574.8   574.9   574.7   574.5   574.3   573.9   573.6   573.0   572.2   571.6
   571.8   572.0   571.9   571.7   571.4   570.9   570.1   569.1   568.8   569.0
   568.8   568.2   567.7   567.0   566.0   565.1   563.8   562.1   560.8   560.1
   560.0   559.8   559.0   557.5   555.6   552.6   549.5   548.3   547.4   545.9
   544.5   543.8   544.0   544.0   543.4   542.4   541.4   540.4   540.1   541.5
   545.0   550.0   554.7   557.5   558.3
   580.6   581.0   581.1   580.7   579.6   578.3   578.0   578.4   577.9   577.5
   577.7   577.9   577.1   576.6   576.3   575.9   575.7   574.9   573.0   571.6
   572.2   572.9   573.0   573.1   572.6   571.8   570.8   569.5   569.7   569.7
   569.3   569.0   569.0   568.7   568.0   567.4   566.9   565.8   564.4   563.2
   563.1   563.3   563.0   562.3   561.3   559.2   556.4   555.0   554.6   554.3
   553.6   552.4   551.6   551.5   552.2   552.6   552.0   550.8   550.8   553.8
   559.7   565.7   568.6   569.0   568.3
   581.9   582.2   582.3   582.3   582.0   581.5   580.9   581.1   580.4   579.8
   579.8   579.8   578.8   578.2   577.9   577.5   577.0   575.9   574.5   573.1
   573.0   573.3   572.9   573.1   573.3   573.0   572.5   571.6   571.1   570.6
   570.1   569.9   569.8   569.9   569.7   569.5   569.4   568.9   567.9   566.9
   566.3   565.8   565.4   565.3   565.1   564.1   562.1   560.6   560.7   561.6
   561.3   560.0   558.6   558.6   560.0   561.4   561.5   561.1   562.5   567.4
   574.4   579.5   580.1   578.5   576.8
   582.8   582.9   583.1   583.2   583.1   582.8   582.8   582.9   582.3   581.2
   580.2   579.7   579.3   578.8   578.4   578.0   576.7   576.0   575.2   574.7
   574.3   573.3   572.6   572.3   571.9   572.0   573.3   573.8   573.3   572.6
   572.3   572.1   572.1   571.8   571.4   570.9   570.9   570.8   570.4   569.9
   569.3   568.8   568.7   568.8   568.5   567.9   566.9   566.2   566.3   566.7
   566.0   564.7   563.7   564.5   566.5   568.5   570.0   571.4   574.2   579.0
   584.3   587.2   586.6   584.6   583.0
   583.3   583.5   583.7   583.7   583.5   583.2   583.1   582.8   582.1   581.3
   580.1   579.6   579.4   579.0   578.4   577.9   577.6   576.7   575.5   575.0
   574.9   574.5   574.2   573.6   572.5   572.1   574.1   575.0   574.7   574.1
   573.6   573.4   573.4   573.1   572.3   571.8   572.1   572.5   572.6   572.6
   572.1   571.7   572.2   572.3   572.0   571.6   571.2   571.1   571.2   571.2
   570.5   569.3   568.8   570.2   573.2   576.3   578.7   580.2   582.3   585.4
   588.3   589.7   589.2   588.0   587.0
   583.6   583.8   583.8   583.6   583.2   582.7   582.5   582.2   581.8   581.1
   580.1   579.5   578.7   577.5   576.4   576.8   579.0   578.4   576.3   575.5
   576.1   576.2   575.9   575.3   574.1   573.7   574.8   575.9   576.1   576.1
   575.6   574.2   574.2   574.7   574.6   574.2   574.2   574.5   575.1   575.3
   574.8   574.4   574.7   574.8   574.7   574.9   575.0   574.9   574.7   575.6
   576.8   576.9   576.6   577.7   579.7   581.6   582.8   583.8   585.6   587.9
   589.8   590.6   590.5   590.0   589.4
   583.4   583.5   583.5   583.2   582.7   582.2   582.1   582.0   581.6   580.8
   579.5   579.2   579.1   578.6   578.3   578.7   579.5   580.2   578.5   576.6
   577.0   577.2   577.1   576.7   575.9   576.0   576.6   577.4   578.9   581.7
   582.0   579.3   578.4   579.4   579.4   578.6   578.2   578.3   578.4   578.4
   577.8   577.3   577.5   577.6   577.7   578.3   578.8   578.8   578.5   579.4
   580.7   581.3   581.5   582.1   583.1   583.9   584.6   585.7   587.5   589.6
   591.0   591.4   591.4   591.1   590.8
   583.2   583.1   583.1   582.8   582.5   582.1   581.9   581.8   581.3   580.4
   579.3   579.9   580.7   581.5   581.6   581.6   581.7   581.7   580.6   578.0
   576.5   576.6   576.9   577.1   577.7   578.9   580.3   576.8   578.2   582.2
   585.7   585.2   584.3   583.8   583.1   582.4   582.3   582.4   582.4   582.2
   582.0   581.7   581.9   581.9   581.7   581.6   581.4   581.2   581.5   582.2
   582.7   582.9   583.2   583.8   584.5   585.1   585.8   587.0   588.9   590.8
   591.9   592.1   592.0   591.8   591.6
   583.0   583.0   582.9   582.7   582.3   581.8   581.5   581.3   580.8   580.5
   580.5   581.3   582.6   584.3   584.6   584.3   583.6   582.3   581.4   579.8
   578.4   578.2   578.6   579.4   580.4   583.0   585.0   582.4   580.3   582.5
   586.2   587.2   586.5   585.9   585.2   584.9   585.1   585.1   585.2   585.2
   585.4   585.4   585.6   585.6   585.1   584.5   583.6   583.0   583.1   583.5
   583.6   583.4   583.4   583.7   584.3   584.9   585.6   586.9   589.0   591.1
   592.2   592.5   592.4   592.2   592.0
   583.0   583.0   582.9   582.6   582.1   581.5   581.1   580.9   580.5   580.3
   580.7   582.3   584.7   586.2   586.5   585.3   583.0   582.1   582.1   582.1
   582.1   582.3   582.9   583.0   581.8   579.3   582.9   584.9   583.6   583.8
   585.9   586.9   587.0   586.7   586.4   586.3   586.5   586.7   586.7   586.9
   587.4   587.6   587.6   587.5   587.3   586.9   586.1   585.0   584.1   583.7
   583.2   582.9   583.0   583.4   583.7   584.1   584.9   586.5   588.8   591.0
   592.1   592.5   592.4   592.2   592.1
   583.0   583.0   582.9   582.5   581.9   581.2   580.8   580.6   580.4   580.3
   580.5   581.6   584.0   585.6   585.6   583.2   582.2   582.2   582.7   583.2
   583.5   583.8   584.7   584.7   584.2   581.0   580.1   583.7   583.7   583.6
   584.4   585.7   586.6   587.1   587.1   587.1   587.4   587.5   587.4   587.7
   588.4   588.9   588.7   588.3   588.0   587.9   587.5   586.6   585.4   584.3
   583.6   583.6   584.2   584.7   584.9   584.9   585.3   586.7   588.8   590.7
   591.8   592.1   592.2   592.2   592.1
   583.0   583.0   582.9   582.5   581.9   581.2   580.8   580.6   580.5   580.5
   580.8   581.3   582.2   582.8   582.8   582.4   582.3   582.6   583.1   583.5
   583.7   584.0   584.4   584.4   583.8   581.9   580.2   580.6   581.2   581.2
   581.8   583.2   585.3   586.9   587.5   587.6   587.7   587.9   587.9   588.2
   588.9   589.3   589.1   588.7   588.4   588.3   588.2   587.8   586.8   585.8
   585.3   585.6   586.3   586.7   586.8   586.6   586.6   587.5   589.0   590.6
   591.5   591.9   592.0   592.1   592.1
   583.0   583.0   582.8   582.5   581.8   581.2   580.8   580.6   580.6   580.7
   580.9   581.3   581.7   582.0   582.1   582.1   582.4   582.8   583.3   583.7
   583.9   584.0   584.3   584.4   584.2   583.1   581.2   580.3   579.9   579.6
   579.7   580.5   582.4   584.9   586.6   587.4   587.7   587.9   588.0   588.3
   589.0   589.3   589.1   588.7   588.5   588.5   588.5   588.4   587.9   587.3
   587.1   587.5   588.1   588.4   588.4   588.0   587.6   587.8   588.7   590.0
   591.0   591.5   591.8   592.0   592.0
   583.0   583.0   582.8   582.4   581.8   581.2   580.8   580.6   580.7   580.8
   581.0   581.3   581.7   581.9   582.0   582.1   582.4   582.9   583.4   583.7
   583.9   584.0   584.2   584.1   583.8   583.0   581.5   580.4   579.6   579.2
   579.2   579.7   581.3   583.5   585.6   586.7   587.2   587.5   587.7   588.1
   588.8   589.1   589.0   588.7   588.4   588.3   588.3   588.3   588.0   587.5
   587.3   587.6   587.9   588.3   588.3   588.1   587.7   587.7   588.4   589.5
   590.5   591.2   591.6   591.9   592.0
