diamond 4 10年12月01日20时500百帕高度场
10 12 01 20   0   500
  2.000 -2.000  32.0 160.0  80.0  12.0
  65  35  4  400  612  1  0
   528.8   528.5   527.5   525.4   522.3   518.5   514.3   510.0   506.0   502.3
   498.3   494.6   491.2   489.0   487.3   487.1   488.3   490.8   493.4   495.1
   496.6   498.7   501.9   505.0   506.8   507.1   507.0   506.9   506.7   506.3
   505.5   504.7   504.2   503.8   503.5   503.4   503.7   504.3   505.1   505.9
   506.5   506.8   507.0   507.0   507.0   507.0   507.0   507.0   507.0   507.0
   507.1   507.4   508.1   509.6   511.4   512.8   513.7   514.2   514.4   514.4
   514.8   516.0   518.0   519.8   520.5
   528.7   528.5   527.7   525.7   522.9   519.3   515.2   511.0   507.2   503.6
   500.1   496.3   492.8   489.8   487.9   487.8   489.8   493.1   496.3   498.5
   500.0   502.1   505.1   507.8   508.6   508.1   507.4   507.0   506.8   506.3
   505.5   504.7   504.1   503.6   503.1   502.9   503.2   503.9   504.9   505.8
   506.4   506.8   506.9   507.0   507.0   507.0   507.0   507.0   507.0   507.0
   507.1   507.3   508.0   509.5   511.4   513.0   514.1   514.9   515.2   515.1
   515.1   516.0   517.9   519.8   520.6
   528.1   528.0   527.3   525.9   523.6   520.6   516.8   512.5   508.6   505.5
   503.2   501.1   498.9   496.7   495.0   494.9   497.0   500.5   503.6   505.5
   506.7   508.2   510.0   511.1   510.4   508.7   507.5   507.1   506.8   506.3
   505.5   504.6   503.8   503.0   502.5   502.2   502.4   503.2   504.1   504.9
   505.4   505.9   506.5   506.8   506.9   506.9   506.9   507.0   507.0   507.2
   507.3   507.4   508.0   509.4   511.4   513.4   515.3   517.0   517.8   517.5
   516.6   516.7   518.2   519.8   520.4
   527.4   526.8   526.1   525.2   523.8   521.5   518.4   514.6   510.9   508.3
   506.8   505.7   504.8   503.8   503.2   503.5   505.1   507.3   508.8   509.4
   509.8   510.7   511.9   512.2   510.9   508.9   507.5   507.0   506.8   506.4
   505.7   504.8   504.1   503.4   503.0   502.8   502.8   503.0   503.1   502.9
   502.9   503.7   505.0   506.1   506.5   506.5   506.5   506.7   506.9   507.2
   507.5   507.7   508.1   509.2   511.1   513.2   515.2   516.9   518.0   518.2
   517.7   517.7   518.8   520.0   520.5
   527.6   526.8   525.7   524.7   523.4   521.8   519.6   517.0   514.1   512.0
   510.8   510.2   509.8   509.6   509.5   509.8   510.7   511.6   511.6   511.0
   510.6   511.2   512.2   512.4   510.9   508.7   507.1   506.5   506.2   506.0
   505.7   505.2   504.7   504.3   504.0   503.9   504.0   504.0   503.9   503.4
   503.0   503.3   504.3   505.3   505.6   505.6   505.8   506.3   506.8   507.3
   507.6   507.8   508.1   508.9   510.3   511.9   513.4   514.7   515.8   516.6
   517.3   518.2   519.6   520.6   521.1
   528.8   527.8   526.4   525.2   524.0   522.8   521.3   519.7   518.0   516.5
   515.5   514.8   514.2   513.6   513.0   512.3   512.2   512.2   511.9   511.1
   510.8   511.3   512.3   512.3   510.7   508.2   506.1   505.1   504.8   504.9
   505.2   505.6   505.7   505.4   505.2   505.2   505.3   505.4   505.5   505.3
   505.0   504.9   505.1   505.4   505.3   505.1   505.3   505.9   506.6   507.1
   507.3   507.6   507.9   508.5   509.3   510.2   511.0   511.9   512.9   514.4
   516.3   518.5   520.5   521.7   522.0
   530.1   529.0   527.2   525.7   524.7   523.8   523.0   522.0   520.9   519.8
   518.6   517.1   515.4   514.0   512.7   511.7   511.5   511.4   510.8   510.3
   510.3   511.0   511.7   511.5   510.0   507.9   506.1   505.3   505.3   505.6
   506.2   506.8   507.0   506.9   506.7   506.7   506.7   506.9   507.3   507.6
   507.6   507.6   507.5   507.1   506.5   505.7   505.4   505.7   506.2   506.6
   506.9   507.2   507.7   508.3   509.1   509.8   510.3   510.8   511.9   514.3
   517.4   520.2   521.7   522.4   522.5
   530.2   529.3   527.0   525.2   524.2   523.7   523.7   523.1   521.8   520.5
   519.1   517.1   514.4   512.2   510.5   509.6   509.7   509.8   509.4   509.2
   509.4   509.7   509.5   508.9   508.1   507.2   506.6   506.4   506.8   507.2
   507.7   508.1   508.1   508.1   508.5   509.0   509.2   509.2   509.3   509.8
   510.3   510.5   510.6   510.1   509.2   507.7   506.4   505.9   505.9   506.1
   506.4   506.9   507.5   508.3   509.2   510.0   510.8   511.9   513.9   516.8
   519.6   521.3   521.7   521.7   521.7
   528.9   527.4   525.3   523.4   522.1   521.3   521.2   520.5   518.8   517.1
   515.7   514.2   512.0   509.8   508.1   507.4   507.9   508.2   508.1   508.3
   508.6   508.5   507.8   507.3   507.7   508.4   508.4   508.3   508.6   509.2
   509.7   509.7   509.3   509.3   510.1   511.3   511.9   511.9   511.8   512.2
   513.0   513.4   513.2   512.3   511.4   510.2   508.9   507.6   507.0   506.8
   506.9   507.3   508.1   509.0   509.6   510.3   511.2   512.7   514.9   517.2
   518.8   519.7   519.9   519.8   519.7
   526.0   524.5   522.5   520.8   519.2   517.9   517.3   516.7   515.8   514.8
   513.7   512.3   510.4   509.1   508.3   508.1   508.1   507.9   507.8   508.8
   509.9   510.6   510.9   511.2   512.0   512.4   512.2   511.8   511.8   512.3
   512.5   511.8   511.0   510.9   512.1   513.5   514.0   513.5   512.9   512.7
   513.2   513.7   513.9   513.7   513.2   512.5   511.3   510.1   509.3   509.0
   509.1   509.6   510.6   511.1   511.0   511.2   512.1   513.6   515.2   516.3
   516.9   517.5   517.7   517.5   517.5
   522.4   520.4   518.7   517.1   515.5   514.2   514.1   514.3   514.0   513.4
   512.4   511.1   510.2   510.3   510.9   510.4   508.8   507.4   507.9   510.0
   512.2   514.3   516.1   517.3   517.4   516.5   515.7   515.6   515.8   516.3
   516.3   515.2   513.4   512.7   513.3   514.0   514.1   513.6   513.2   512.6
   512.2   512.4   513.0   513.7   514.1   514.1   513.3   512.4   511.7   511.2
   511.1   511.6   512.6   512.9   512.4   512.4   513.3   514.3   514.9   515.3
   515.5   515.6   515.6   515.5   515.5
   519.9   517.6   516.2   515.0   513.7   513.1   513.9   514.8   514.8   514.0
   512.6   511.0   510.1   510.5   511.0   509.6   507.0   506.3   508.3   511.4
   513.7   516.5   520.1   522.3   523.1   523.2   523.1   522.7   522.2   522.1
   521.5   519.5   516.7   515.1   514.5   514.3   514.0   513.6   513.6   513.2
   512.6   512.5   512.7   513.2   514.0   514.8   515.0   514.6   513.7   512.7
   512.0   512.0   512.5   512.7   512.3   512.5   513.0   513.4   513.5   513.6
   513.9   514.0   514.1   514.1   514.4
   520.9   519.1   517.7   516.7   515.9   515.1   515.7   516.5   516.8   516.5
   515.1   512.8   511.0   510.1   509.4   508.1   507.4   508.6   511.8   515.3
   517.9   521.7   527.0   530.3   531.5   532.1   532.1   531.1   529.4   527.9
   526.4   524.1   521.2   519.5   518.5   517.8   517.1   516.1   515.6   515.8
   516.5   516.5   515.9   515.3   515.5   516.1   516.1   515.1   513.8   512.9
   512.4   512.1   512.1   512.1   512.2   512.6   512.7   512.6   512.4   512.5
   512.8   513.4   513.8   514.2   514.8
   525.3   524.5   523.0   521.7   520.8   520.1   519.7   519.5   519.3   519.0
   518.0   516.3   514.9   513.5   511.7   510.3   510.5   513.0   518.1   523.7
   527.7   531.6   536.2   539.2   540.2   540.7   540.7   539.7   537.7   535.4
   532.6   529.5   526.7   525.3   524.1   523.1   522.2   521.5   520.8   520.7
   521.2   521.1   520.1   519.4   519.3   519.3   518.8   518.0   517.1   516.4
   515.5   514.2   513.1   513.2   514.0   514.2   513.5   513.0   512.9   513.2
   514.0   515.1   515.7   516.2   516.6
   530.5   530.9   530.8   530.0   528.6   526.8   524.8   523.8   523.5   523.6
   522.7   521.0   519.7   518.5   517.2   516.7   518.1   522.3   528.9   535.2
   538.9   541.5   543.9   545.4   546.2   546.8   547.2   546.6   545.0   542.7
   539.4   535.5   532.3   530.5   529.3   528.4   527.6   526.8   525.5   524.4
   524.2   523.4   522.5   522.7   523.5   523.8   523.5   523.0   522.8   522.8
   522.2   520.3   517.9   516.3   516.0   515.6   515.1   514.9   515.5   516.3
   517.4   518.3   518.5   518.6   518.7
   537.0   537.3   538.9   538.9   537.2   534.5   532.1   531.2   532.0   533.0
   531.5   528.6   526.6   525.9   525.3   526.1   530.3   536.4   541.7   544.6
   546.4   548.2   550.3   552.1   553.1   553.8   554.1   553.6   551.9   549.3
   545.6   541.3   537.4   534.8   533.3   532.6   532.3   531.4   529.2   527.1
   526.1   525.5   525.5   526.7   528.3   529.3   529.7   529.9   530.3   530.9
   530.6   528.7   525.0   521.4   519.1   518.4   517.8   518.1   519.0   520.0
   520.5   520.5   520.3   520.0   519.8
   546.3   547.6   549.2   549.8   548.4   546.2   544.4   544.0   544.2   543.6
   541.1   537.6   534.3   532.7   533.2   536.9   543.1   548.3   550.7   551.6
   552.5   553.9   555.9   557.5   558.4   559.1   559.4   558.9   557.3   554.7
   551.1   547.1   543.0   539.3   536.0   534.1   533.7   533.4   531.6   529.0
   527.5   527.4   528.7   530.6   532.4   534.1   535.5   536.7   537.6   538.1
   538.0   536.6   533.5   529.6   526.1   523.4   521.5   521.5   522.9   523.7
   523.2   522.0   521.0   520.3   520.2
   557.5   559.0   559.7   559.3   558.1   556.7   555.5   554.7   554.5   553.1
   550.3   546.0   540.4   536.7   537.3   543.0   550.6   555.7   557.7   558.4
   558.8   560.1   562.0   562.7   562.5   563.0   563.5   563.3   562.0   559.6
   556.4   553.3   550.2   545.9   539.8   535.8   534.5   534.0   532.2   529.3
   527.8   529.0   531.8   534.6   536.8   539.0   541.4   543.2   544.1   544.6
   544.7   543.7   541.4   538.5   536.1   534.0   531.3   529.6   528.9   528.4
   526.8   524.4   522.5   521.2   521.1
   565.9   567.0   566.8   566.0   565.1   564.3   562.9   560.8   558.5   555.5
   552.4   549.2   545.4   542.3   542.5   547.0   553.6   558.7   561.3   562.3
   562.7   563.6   564.9   565.4   565.2   565.6   566.2   566.2   565.4   563.5
   560.7   558.4   556.9   553.1   545.7   540.5   538.7   536.8   533.9   531.7
   531.7   534.1   537.6   540.9   543.4   545.3   547.4   549.2   550.2   551.1
   551.7   551.2   549.3   547.3   545.9   544.4   542.1   539.9   538.2   536.5
   533.7   529.9   526.6   524.4   524.0
   571.6   572.0   572.0   571.5   570.9   569.8   568.0   565.5   562.8   559.6
   557.1   555.3   553.7   552.1   552.1   554.7   558.7   562.0   564.0   564.8
   565.4   565.8   566.4   566.9   567.2   567.6   568.0   568.1   567.9   566.8
   564.7   562.7   561.2   558.2   552.4   548.1   545.6   542.8   540.1   539.0
   540.0   542.7   545.6   547.8   549.8   551.1   552.5   553.8   555.2   556.9
   558.2   558.5   557.5   555.9   554.8   553.7   552.1   550.3   548.7   547.0
   543.9   539.3   534.6   531.2   530.2
   575.8   576.3   576.7   576.5   575.9   575.3   574.8   574.0   572.1   569.6
   567.7   566.9   566.5   565.7   564.6   564.3   564.7   565.5   566.3   566.9
   567.3   567.4   567.7   568.2   568.8   569.3   569.6   569.9   570.3   570.3
   569.2   567.6   565.8   563.0   559.1   556.4   554.3   551.6   549.1   548.2
   549.0   551.2   552.9   553.8   554.6   555.4   556.6   557.6   558.9   560.8
   562.5   563.5   563.0   561.4   559.9   558.7   557.7   556.7   556.2   555.5
   553.8   550.4   545.8   541.7   539.8
   579.6   579.9   580.3   580.3   580.0   580.2   580.6   580.1   578.1   575.1
   573.2   572.7   573.4   574.2   573.9   572.6   570.8   569.5   569.3   569.6
   569.7   569.5   569.6   569.9   570.3   570.6   570.9   571.2   571.8   572.2
   571.7   570.8   569.5   567.4   564.6   562.6   561.4   559.8   558.4   557.6
   557.6   558.5   558.9   558.1   557.4   557.8   559.1   560.0   560.8   562.4
   564.0   565.2   565.4   564.9   564.2   563.2   561.9   561.2   561.1   561.8
   562.7   562.0   558.6   554.4   551.7
   582.7   583.1   583.1   583.0   583.4   584.6   584.6   583.7   581.6   577.9
   575.9   575.5   576.7   578.8   579.4   578.7   576.3   573.8   573.5   574.4
   574.2   573.7   573.3   572.2   571.8   571.9   571.9   571.9   572.6   573.0
   572.7   572.2   571.8   570.8   568.6   566.6   565.1   563.6   562.7   562.5
   562.1   562.2   562.1   561.5   561.1   561.6   562.5   562.9   563.3   564.3
   565.6   566.8   567.2   567.3   567.4   567.2   566.6   566.2   566.7   568.7
   571.8   573.3   571.0   566.8   563.5
   584.5   584.8   584.6   584.5   585.0   586.3   586.1   585.0   583.4   580.7
   578.4   578.2   579.5   580.0   580.1   580.2   579.1   576.7   575.4   575.7
   575.5   575.0   574.7   574.0   573.2   573.0   572.3   571.7   572.5   573.2
   573.2   573.1   573.0   572.6   571.4   569.8   568.2   566.1   564.5   563.9
   563.6   563.7   564.2   564.6   565.2   565.9   566.4   566.6   567.0   567.6
   568.5   569.1   569.0   568.7   569.0   569.4   569.9   570.8   572.6   576.1
   580.3   582.5   580.5   576.5   573.4
   585.2   585.2   584.9   584.7   585.1   586.1   586.2   585.9   584.9   583.0
   580.9   581.1   581.1   580.3   579.7   579.8   579.8   577.9   576.0   576.0
   576.1   575.5   575.1   574.0   573.3   572.2   570.2   570.0   572.2   574.0
   574.5   574.4   574.5   574.1   572.8   571.3   569.8   568.0   566.4   565.5
   565.1   565.0   565.5   566.3   567.4   568.7   569.6   570.3   570.8   571.5
   571.7   571.5   571.1   571.0   571.7   573.0   574.8   576.7   579.2   582.6
   586.0   587.5   585.9   582.9   580.6
   585.2   585.0   584.7   584.5   584.6   584.8   584.9   584.5   584.1   583.6
   582.6   582.0   581.5   580.7   580.1   579.9   580.2   578.7   576.1   575.1
   575.2   574.6   573.9   573.5   573.0   571.7   569.7   570.1   572.1   574.2
   574.9   574.6   574.9   574.7   573.6   572.1   570.6   569.2   568.1   567.1
   566.3   566.1   566.7   567.8   569.3   570.8   572.2   573.2   573.7   574.4
   574.8   574.5   574.2   574.8   576.8   579.1   581.1   582.5   584.2   586.4
   588.4   589.2   588.3   586.6   585.2
   585.1   584.9   584.7   584.6   584.4   584.3   584.1   584.0   583.9   583.7
   582.9   581.9   581.5   581.0   580.4   580.3   580.5   579.1   576.2   574.7
   574.8   574.5   574.3   574.2   574.0   572.2   570.3   570.7   572.2   574.2
   574.9   574.5   574.7   574.9   574.4   573.6   572.6   571.7   570.6   569.6
   569.1   569.4   570.5   571.7   573.3   575.0   576.7   577.5   577.4   578.3
   579.6   580.2   580.1   580.9   582.5   583.8   584.4   584.9   586.2   588.0
   589.4   589.9   589.5   588.7   587.9
   585.0   585.0   584.9   584.7   584.5   584.2   584.0   583.8   583.8   583.7
   583.3   582.9   582.6   582.2   581.8   582.0   581.7   579.9   576.7   574.8
   574.6   574.6   574.7   574.8   574.5   572.9   570.9   570.9   572.2   573.9
   575.1   575.9   576.7   576.8   576.1   575.5   575.0   574.6   574.2   574.0
   574.5   575.4   576.3   577.0   578.0   579.8   581.8   582.4   581.8   582.3
   583.7   584.3   584.5   584.9   585.6   585.9   586.0   586.5   587.7   589.3
   590.3   590.5   590.3   589.9   589.5
   585.0   585.0   584.9   584.8   584.5   584.1   584.0   584.0   584.1   584.6
   584.6   584.4   584.1   583.9   583.8   583.6   583.2   581.8   578.3   575.4
   574.7   574.9   575.3   575.7   575.9   575.1   572.9   572.5   573.7   575.0
   576.5   578.2   579.6   579.8   579.3   578.9   578.8   578.9   578.9   579.2
   580.0   580.9   581.5   581.9   582.3   583.2   584.2   584.7   584.8   585.4
   585.9   586.1   586.2   586.5   586.8   587.0   587.2   587.8   589.0   590.3
   591.0   591.1   590.9   590.6   590.3
   585.0   585.0   584.9   584.8   584.5   584.1   584.0   584.0   584.4   585.4
   585.6   585.6   585.4   585.2   584.8   584.1   583.7   582.7   580.1   577.9
   577.5   577.9   578.7   580.1   581.6   581.7   581.0   580.3   578.8   578.4
   579.1   580.5   581.9   582.4   582.3   582.3   582.5   582.8   582.8   583.0
   583.6   584.2   584.8   585.2   585.2   585.2   585.4   585.8   586.2   586.7
   586.8   586.5   586.2   586.2   586.4   586.7   587.1   587.8   589.1   590.5
   591.3   591.4   591.2   591.0   590.8
   585.0   585.0   584.9   584.8   584.5   584.1   584.0   584.0   584.1   584.4
   585.0   585.5   585.7   585.5   584.5   584.0   583.8   583.3   582.3   581.9
   582.0   582.5   583.0   583.3   583.3   582.8   582.3   582.1   581.8   581.7
   581.9   582.4   583.2   584.0   584.5   584.8   584.9   585.0   585.1   585.2
   585.6   586.2   586.5   586.6   586.2   585.7   585.6   585.8   586.1   586.2
   586.0   585.6   585.3   585.3   585.4   585.7   586.3   587.3   588.9   590.4
   591.2   591.4   591.3   591.1   591.0
   585.0   585.0   584.9   584.8   584.5   584.1   584.0   584.0   584.0   584.0
   584.1   584.2   584.2   584.2   584.0   583.9   583.5   583.1   582.9   582.9
   583.2   583.5   583.9   584.0   583.9   583.3   582.8   582.7   583.7   584.7
   585.3   585.3   585.2   585.2   585.4   585.6   585.7   585.7   585.9   586.2
   586.6   587.1   587.2   586.8   586.0   585.2   584.7   584.6   584.7   584.8
   584.9   585.0   585.2   585.4   585.5   585.7   586.1   587.2   588.8   590.1
   590.9   591.1   591.1   591.1   591.0
   585.0   585.0   584.9   584.8   584.5   584.2   584.1   584.0   584.0   584.0
   584.0   584.0   584.0   583.9   583.6   583.0   582.1   581.4   581.2   581.3
   581.7   582.2   582.8   583.5   584.1   584.0   583.7   584.1   585.6   587.5
   588.7   588.8   587.9   586.7   585.7   585.4   585.5   585.7   586.0   586.4
   587.0   587.3   587.4   587.0   586.3   585.5   584.8   584.5   584.5   584.7
   585.1   585.6   585.9   586.2   586.3   586.2   586.4   587.2   588.5   589.8
   590.6   590.9   591.0   591.0   591.0
   585.0   585.0   584.9   584.8   584.5   584.2   584.1   584.0   584.0   584.0
   584.0   584.0   583.9   583.6   582.9   581.6   580.2   579.1   578.7   578.8
   579.1   579.5   579.9   581.0   582.7   583.8   584.3   585.3   586.9   588.6
   589.5   589.7   589.2   588.1   587.0   586.4   586.1   586.0   586.0   586.4
   587.0   587.3   587.4   587.1   586.5   585.9   585.3   585.0   585.0   585.3
   585.8   586.4   587.0   587.2   587.3   587.0   586.8   587.0   588.1   589.3
   590.2   590.7   590.9   591.0   591.0
   585.0   585.0   584.9   584.8   584.5   584.2   584.1   584.0   584.0   584.0
   584.0   584.0   583.8   583.4   582.4   580.9   579.3   578.1   577.7   577.7
   577.9   578.1   578.0   578.5   580.1   581.8   583.5   585.1   587.0   588.5
   589.2   589.4   589.1   588.4   587.4   586.6   586.3   586.1   586.2   586.5
   587.0   587.3   587.3   587.1   586.6   586.1   585.5   585.2   585.3   585.5
   585.9   586.5   586.8   587.1   587.1   587.1   586.8   587.0   587.9   589.1
   590.0   590.5   590.8   590.9   591.0
