diamond 11 10年11月27日20时500百帕流场
10 11 27 20   0   500
  2.000 -2.000  32.0 160.0  80.0  12.0  65  35
   -26.0   -25.5   -23.9   -20.4   -16.2   -13.2   -12.2   -12.1   -11.8   -10.7
    -8.8    -6.5    -4.0    -2.8    -2.4    -2.6    -2.2    -1.4     -.2     1.2
     2.6     3.7     4.3     4.5     4.5     4.5     4.5     4.4     4.0     2.7
      .4    -1.8    -3.0    -3.4    -3.5    -3.5    -3.6    -4.2    -5.5    -7.0
    -8.2    -8.6    -8.0    -6.5    -4.5    -2.8    -2.0    -1.8    -1.7    -1.7
    -1.7    -1.5     -.6     1.2     3.6     5.6     6.5     6.7     6.8     6.8
     6.8     6.8     6.8     6.7     6.7
   -26.7   -25.8   -24.1   -20.4   -15.8   -12.9   -12.3   -12.9   -13.2   -12.6
   -11.2    -8.7    -6.0    -3.8    -3.1    -2.5    -1.6     -.2     1.4     2.7
     3.6     4.2     4.4     4.5     4.5     4.5     4.5     4.5     4.1     2.7
      .4    -1.9    -3.1    -3.4    -3.5    -3.5    -3.6    -4.2    -5.4    -7.1
    -8.3    -8.7    -8.1    -6.6    -4.5    -2.8    -2.0    -1.8    -1.7    -1.7
    -1.7    -1.5     -.8     1.1     3.7     5.7     6.5     6.7     6.8     6.8
     6.8     6.8     6.7     6.7     6.7
   -28.6   -27.8   -25.3   -20.5   -15.3   -12.4   -12.2   -13.6   -14.9   -15.6
   -15.5   -13.9   -11.1    -8.0    -5.2    -2.4      .6     3.5     5.4     5.8
     5.3     4.7     4.5     4.5     4.5     4.5     4.5     4.4     3.9     2.4
      .1    -2.1    -3.2    -3.4    -3.5    -3.5    -3.6    -4.2    -5.5    -7.1
    -8.3    -8.7    -8.2    -6.8    -4.8    -3.1    -2.1    -1.8    -1.7    -1.7
    -1.7    -1.6     -.9      .9     3.5     5.6     6.5     6.7     6.8     6.8
     6.8     6.7     6.7     6.6     6.5
   -33.8   -33.7   -30.1   -23.0   -15.6   -11.9   -11.9   -13.2   -15.0   -16.3
   -17.6   -17.1   -14.8   -11.9    -7.7    -2.3     2.9     6.6     8.0     7.6
     6.3     5.2     4.6     4.5     4.5     4.5     4.4     4.0     3.1     1.5
     -.6    -2.3    -3.2    -3.4    -3.4    -3.4    -3.6    -4.2    -5.6    -7.3
    -8.4    -8.8    -8.4    -7.2    -5.6    -4.1    -2.8    -1.9    -1.4    -1.4
    -1.6    -1.7    -1.3      .3     3.0     5.4     6.5     6.7     6.8     6.8
     6.7     6.7     6.5     6.3     6.2
   -34.1   -36.4   -32.4   -24.2   -16.5   -12.6   -12.4   -12.9   -13.5   -15.2
   -15.4   -14.9   -12.5    -9.4    -5.0      .6     5.5     8.3     9.0     8.5
     7.2     5.8     4.9     4.6     4.5     4.3     3.7     2.6     1.1     -.5
    -1.8    -2.6    -3.1    -3.3    -3.4    -3.4    -3.6    -4.5    -6.0    -7.8
    -8.8    -9.1    -8.7    -8.0    -7.3    -6.6    -5.0    -2.8    -1.7    -1.4
    -1.8    -2.1    -2.0     -.6     2.1     4.8     6.3     6.7     6.8     6.8
     6.7     6.4     6.1     5.8     5.7
   -31.9   -33.8   -26.6   -19.8   -12.4   -10.6   -12.4   -12.4   -10.2    -8.5
    -7.5    -5.5    -2.7      .2     3.1     5.9     8.1     9.2     9.3     9.0
     8.2     7.0     5.7     4.9     4.2     3.2     1.5     -.5    -2.2    -3.1
    -3.2    -2.9    -2.9    -3.0    -3.2    -3.3    -3.9    -5.1    -6.8    -8.7
    -9.3    -9.4    -8.8    -8.4    -9.0    -9.4    -8.1    -5.2    -2.6    -1.9
    -2.5    -2.9    -2.5    -1.1     1.8     4.7     6.3     6.7     6.7     6.6
     6.4     6.1     5.6     5.2     5.2
   -13.5   -14.7   -12.1    -6.6    -3.1    -5.9    -9.4   -10.5    -7.0    -2.9
      .3     2.5     4.7     7.0     8.4     8.9     9.3     9.4     9.4     9.3
     9.0     8.1     6.9     5.5     3.6     1.3    -1.3    -4.0    -4.8    -3.9
    -2.8    -1.9    -2.1    -2.6    -2.9    -3.1    -3.8    -5.4    -7.3    -8.8
    -8.9    -8.4    -7.2    -6.6    -7.4    -9.5    -9.5    -8.1    -4.2    -2.7
    -2.9    -3.0    -2.4     -.1     3.3     6.0     7.2     7.2     6.7     6.5
     6.4     6.1     5.4     5.0     5.0
      .9    -1.2    -1.2     2.9     3.9      .6    -5.1    -6.3    -2.6     1.3
     4.1     5.8     7.6     9.2     9.6     9.4     9.5     9.4     9.4     9.4
     9.2     8.5     7.3     5.8     3.6      .8    -2.0    -3.9    -3.6    -2.0
      .7     1.7      .3    -1.9    -2.6    -2.7    -2.8    -4.4    -6.2    -6.9
    -6.5    -4.7    -1.9      .1     1.1    -2.7    -5.8    -6.5    -3.0    -1.6
    -2.0    -2.3    -1.2     1.8     5.7     8.7     9.3     7.8     6.6     6.6
     6.9     6.7     6.0     5.4     5.3
     -.7      .6     1.5     1.6     3.8     3.7      .9     1.3     3.9     6.1
     6.9     8.0     9.6     9.9     9.1     8.6     8.9     9.4     9.0     8.8
     8.8     8.1     7.2     6.7     6.2     5.1     2.9      .8     1.5     4.4
     8.3     8.8     4.6      .3    -1.1    -1.1     -.6    -1.6    -3.0    -3.2
    -1.6      .0     2.2     3.6     5.3     3.6      .7    -1.4     1.8     3.4
     2.5      .4      .6     3.2     6.4     8.3     8.1     6.6     3.8     4.6
     5.6     6.6     6.1     5.9     5.8
     -.3      .1      .2    -1.1      .6     4.2     3.7     5.5     7.5     8.7
     9.8    12.1    13.4    10.8     8.4     7.1     8.4     8.0     6.6     6.2
     7.2     7.7     6.5     6.9     8.0     9.9     9.4     8.2     8.3    11.9
    15.6    15.0     7.8     2.3     1.2     1.8     1.9      .2    -2.4    -3.8
    -2.9    -1.0      .9     1.6     3.2     4.1     2.4     2.1     4.7     5.9
     5.2     2.5     1.2     2.1     3.9     5.0     3.9      .6    -2.6    -2.4
      .7     3.6     5.0     6.0     6.4
     -.5     -.4      .3      .3     1.5     3.3     4.9     7.2     8.7    10.2
    13.9    20.1    24.7    19.3    12.5     9.8    10.5     7.8     6.0     5.5
     8.9    10.4     9.3     9.2    10.5    13.0    13.6    13.6    14.5    18.6
    22.6    20.1     8.0     3.3     4.4     3.6     2.8      .9    -2.1    -5.3
    -5.4    -4.0    -2.1    -1.2     -.1      .4      .3      .7     3.5     5.4
     4.9     1.6    -1.0    -1.5     -.6      .0     -.7    -3.5    -7.8    -7.9
    -5.8    -1.4     2.8     5.9     7.2
     4.2     2.6     3.6     5.9     5.6     5.6     6.4     8.0     8.9    10.8
    16.7    26.8    30.4    27.2    19.0    18.2    21.7    17.2    12.5    12.3
    17.6    20.1    18.6    15.7    16.2    17.2    17.6    18.1    20.4    26.5
    27.7    24.0    13.6    10.1     6.9     4.2     2.8     1.5     -.7    -3.4
    -5.4    -5.3    -3.1    -2.1    -1.8    -1.7     -.9      .0     1.6     3.4
     2.6     -.1    -2.4    -2.6    -2.0    -1.7    -2.6    -5.2    -8.8   -11.5
   -10.2    -4.7     1.8     6.7     8.3
    10.9    10.0    11.6    11.8    10.4     8.1     7.3     7.7     8.4    10.8
    16.5    24.9    31.2    30.7    26.0    24.4    26.7    25.5    20.6    19.8
    26.5    29.3    26.6    23.7    21.9    22.8    22.7    22.7    24.8    28.1
    30.8    26.2    20.7    24.1    18.3     7.8     2.4     3.5     1.7     -.2
    -2.4    -3.8    -3.1    -3.3    -4.3    -3.1     -.5     2.8     5.1     5.1
     2.9     -.2    -1.4      .0     1.6     2.2     1.1    -1.9    -6.5    -9.6
    -8.0    -2.0     4.8     8.8    10.0
    15.9    16.8    18.0    18.0    15.0    11.4     8.8     5.8     7.9    10.6
    15.6    20.4    23.2    23.6    23.3    22.8    25.4    28.0    26.6    26.5
    29.7    32.0    33.2    30.6    27.2    27.2    26.4    25.5    25.6    25.9
    25.3    24.6    26.7    34.1    28.9    13.7     7.6     9.1     8.5     7.3
     5.3     2.7     -.5    -3.2    -5.6    -4.9     -.1     3.5     4.7     5.0
     2.3      .4      .9     4.0     7.9    10.4    10.3     6.9     1.0    -2.9
    -1.2     4.4     9.9    12.2    12.5
    20.4    21.7    22.8    22.4    17.3    14.9    13.3    10.5     8.7    12.7
    16.6    19.7    21.4    22.2    22.2    21.5    22.7    23.9    24.5    22.8
    22.7    26.8    33.9    35.4    31.0    27.2    24.9    24.7    25.3    25.6
    24.1    23.4    25.9    31.2    31.0    25.4    20.8    19.6    18.7    16.2
    13.8     9.8     6.0     1.0    -3.8    -5.3    -2.7     -.6      .5      .4
      .1     1.0     3.9     8.6    13.0    16.0    17.5    14.9    10.3     6.5
     6.9    10.0    13.2    14.0    13.9
    25.0    27.3    29.0    29.1    25.3    23.7    25.2    19.4    15.0    17.5
    19.5    20.7    21.5    22.1    22.3    21.9    22.9    25.0    24.5    20.9
    18.9    21.9    29.6    33.0    27.8    21.7    18.9    20.2    23.4    24.2
    24.3    23.4    23.4    27.2    30.2    30.5    30.2    29.5    28.4    25.8
    20.7    15.0     9.3     3.6    -1.2    -3.2    -4.5    -3.6    -2.8    -3.9
    -3.0     -.8     3.8     9.6    15.4    18.1    19.6    18.5    15.5    12.5
    11.7    12.8    13.6    13.8    13.6
    28.0    31.0    33.4    37.8    36.3    34.1    32.8    27.2    19.7    19.8
    20.8    21.5    21.8    22.3    22.5    23.0    24.2    25.5    24.0    20.4
    15.4    14.9    17.0    17.5    15.9    13.2    12.4    15.4    19.6    22.4
    23.2    22.8    22.0    23.4    26.0    29.0    31.7    32.7    32.1    31.7
    25.8    20.1    14.5     7.2      .9     -.7      .9     1.1     -.4    -2.8
    -2.8    -2.0     1.7     6.6    13.9    16.1    19.3    18.5    17.1    15.0
    13.9    13.7    13.7    13.6    13.6
    27.9    28.0    29.4    32.3    34.8    36.8    34.5    24.3    19.7    19.1
    20.6    21.3    21.2    21.0    21.1    21.8    22.8    23.2    20.4    15.8
    11.4    10.2     9.8     8.4     7.3     7.5     8.0    10.3    15.4    19.2
    20.4    18.8    18.2    18.8    20.7    24.4    28.9    31.1    31.1    30.9
    31.8    33.2    30.5    24.6    11.4    11.0    10.5    11.1     9.9     3.7
     1.6     -.5     -.2     3.1     5.1     9.9    14.1    16.0    16.2    15.0
    14.1    13.7    13.5    13.4    13.3
    26.9    25.6    24.5    24.2    25.5    27.4    25.7    21.4    17.4    18.7
    19.8    19.9    18.7    17.1    16.1    15.8    15.8    14.6    11.0     6.1
     3.9     3.9     5.0     4.0     2.9     3.7     4.6     7.3    10.1    14.3
    15.4    14.7    15.1    16.3    16.6    20.1    25.0    25.9    22.4    25.8
    28.9    32.6    35.6    33.3    31.3    31.9    23.9    17.9    17.9    12.2
     6.7     2.4     1.5     3.4     4.2     5.8     7.1    11.7    13.1    13.1
    12.9    12.9    13.0    13.0    13.0
    28.8    26.4    23.6    21.7    19.9    20.9    19.5    16.7    15.1    16.1
    17.4    16.6    14.3    11.8    10.3     9.5     8.5     6.7     4.2     1.4
     1.1     1.9     3.2     1.9      .3     1.2     3.2     5.1     5.9     7.8
     9.8    10.7    12.2    14.4    15.4    18.9    26.1    25.3    22.0    23.0
    24.4    26.4    30.9    34.4    36.1    40.0    36.8    29.5    25.6    19.2
    13.2     9.5     8.3     8.4     8.0     7.6     7.7     9.3    10.4    10.9
    11.2    11.7    12.1    12.4    12.4
    27.7    26.8    23.2    21.1    19.5    16.6    12.6     8.5     7.3     9.2
    11.1    11.4    10.1     8.9     8.2     7.7     6.6     4.9     2.9     1.7
      .8     2.3     2.6     1.7      .2      .5     1.3     1.1     -.4     2.3
     5.7     6.7     9.6    12.6    14.1    17.0    22.7    24.0    23.5    25.2
    25.5    25.8    28.5    32.4    35.5    37.9    38.0    34.2    33.2    26.4
    22.3    18.9    18.0    14.9    12.4    11.0    10.5    10.3    10.5    10.6
    10.7    10.9    11.1    11.3    11.3
    24.4    23.3    19.7    17.9    15.4    11.2     6.2     2.8     2.5     5.0
     7.6     8.5     8.4     8.0     7.9     7.8     7.1     5.7     3.9     2.6
     2.3     2.5     3.1     4.0     4.2     3.4     1.0    -3.9    -2.3     1.6
     5.1     4.8     7.0    10.3    12.0    14.3    17.4    21.0    22.6    25.6
    28.7    31.4    31.7    31.5    34.0    35.5    34.7    36.3    36.2    36.4
    28.3    24.3    19.9    16.7    13.7    12.5    11.7    11.4    11.3    11.0
    10.5    10.0     9.7     9.7     9.8
    16.1    13.4    10.7     9.3     7.2     3.2      .9      .4     1.5     4.8
     8.3     8.9     8.3     8.0     8.0     7.9     7.9     7.2     5.3     3.5
     3.0     3.2     4.2     7.1     7.7     7.0     3.0    -3.2     1.2     6.6
     9.6     7.9     7.7     8.9    10.4    11.1    12.9    17.3    19.0    20.7
    25.0    28.0    30.1    30.4    33.9    35.1    35.5    34.5    32.8    29.3
    24.4    18.6    16.4    14.1    12.8    12.2    12.1    12.0    11.8    11.0
     9.7     8.4     7.9     8.0     8.3
     7.8     5.4     2.9     1.7     1.1      .7      .5     1.4     3.5     6.1
     8.9     9.6     8.8     8.4     8.1     8.0     8.0     7.8     6.8     5.5
     5.2     5.4     6.2     7.8     8.3     8.4     7.1     6.0     8.9    14.6
    15.0    12.4    10.5     9.3     8.3     7.8     9.4    12.3    14.5    17.8
    20.4    22.6    25.3    27.1    31.3    34.0    32.4    30.3    24.7    17.0
    11.0    14.5    13.6    12.4    12.2    12.2    12.3    12.4    11.7    10.1
     8.1     6.6     6.4     6.6     6.9
     2.6      .9     -.7    -1.3     -.5     1.1     2.2     4.8     6.6     8.1
     9.4     9.5     8.9     8.8     8.7     8.5     8.4     8.2     7.7     7.5
     7.4     7.5     7.6     7.8     8.0     9.5    11.5    12.4    12.8    14.1
    13.4    10.2     7.9     7.7     7.3     7.3    10.0    11.7    12.7    15.2
    18.4    20.6    22.4    22.8    26.6    28.8    27.6    23.8    15.8     9.8
     8.0    11.5    13.1    12.5    12.3    12.4    12.6    12.6    11.6     9.4
     7.0     5.7     5.5     5.8     6.0
     -.3    -1.7    -2.3    -1.7      .5     4.2     7.5     9.9    10.5    10.3
     9.9     9.3     8.9     8.8     8.8     8.8     8.7     8.5     8.0     7.8
     7.7     7.7     7.7     7.8     8.3    10.4    12.8    13.3    12.9    12.2
     9.7     5.1     4.9     9.7    11.6    12.7    16.8    17.5    15.7    15.8
    18.8    19.6    19.2    20.2    23.4    25.1    22.5    18.1    13.5    10.4
     9.5    11.5    12.9    13.0    12.7    12.9    13.2    13.0    11.7     9.2
     6.7     5.4     5.2     5.4     5.5
    -1.4    -2.2    -2.1     -.5     2.9     7.3    10.3    11.2    11.3    11.1
    10.2     9.2     8.9     8.8     8.8     8.9     8.8     8.4     7.8     7.6
     7.6     7.7     7.7     7.7     8.3    10.6    12.9    13.3    12.5    11.0
     8.2     3.4     6.0    14.8    15.9    17.5    19.6    20.4    19.3    18.8
    21.8    20.6    16.6    16.5    19.5    21.0    18.9    14.7    13.5    13.3
    14.0    14.6    14.7    13.9    13.6    13.5    13.5    13.1    11.5     8.8
     6.4     5.3     5.1     5.1     5.2
     -.9    -1.4     -.9     1.2     4.9     9.3    10.8    11.2    11.2    11.1
    10.4     9.5     9.0     8.9     8.9     8.8     8.5     7.4     6.2     5.9
     6.3     7.1     7.5     7.7     8.2    10.1    12.2    12.6    11.7    10.6
     8.7     8.7    15.4    19.0    19.0    18.8    19.8    20.5    22.6    23.9
    22.4    18.9    15.6    15.6    16.1    15.2    12.0    10.9    13.2    15.2
    16.3    16.7    15.7    14.5    13.9    13.7    13.5    12.6    10.6     7.9
     5.9     5.1     5.0     5.1     5.1
     -.1      .0      .4     2.2     5.6     9.7    10.8    10.9    11.0    10.9
    10.5     9.8     9.1     8.9     8.8     8.4     6.9     4.7     3.5     3.2
     3.4     4.4     6.0     6.8     6.7     6.2     6.7     7.7     9.2    10.2
    11.3    13.9    20.7    22.1    19.5    18.2    19.1    20.2    21.6    22.0
    20.0    16.2    15.4    15.8    14.8    10.6     8.4     8.5    12.3    15.8
    17.3    17.1    16.0    14.7    13.9    13.6    13.2    11.9     9.5     6.9
     5.4     5.0     4.9     5.0     5.0
      .3      .3      .7     2.4     5.8     9.7    10.7    10.8    10.8    10.8
    10.5     9.9     9.3     8.9     8.4     6.9     4.7     3.2     2.8     2.8
     2.8     2.9     3.0     2.3      .9     1.1     2.2     4.7     7.2     9.4
    11.7    15.6    19.7    20.0    16.8    16.7    17.7    17.2    17.3    17.6
    17.3    14.1    12.8    14.3    12.7     9.8     6.9     7.6    11.9    15.6
    17.1    16.6    15.4    14.2    13.6    13.4    12.8    11.2     8.6     6.3
     5.2     4.9     5.0     5.0     5.0
      .3      .3      .7     2.4     5.8     9.7    10.7    10.8    10.8    10.8
    10.6    10.1     9.3     8.5     6.9     4.5     3.1     2.8     2.7     2.7
     2.8     2.7     2.1     -.2    -1.5      .4     1.2     2.7     4.9     7.1
     9.2    12.3    15.9    16.7    15.8    13.5    13.9    12.9    12.5    13.3
    14.3    10.4     8.5    11.3    11.2     9.2     7.5     8.0    11.0    14.3
    15.4    14.0    11.7    10.3    10.5    11.4    11.7    10.3     8.0     6.1
     5.2     5.0     5.0     5.0     5.0
      .3      .3      .7     2.4     5.8     9.7    10.7    10.8    10.8    10.8
    10.6    10.1     9.1     7.3     5.1     3.3     2.8     2.7     2.7     2.7
     2.8     2.6     1.3    -2.1    -2.5    -1.0      .5     1.0     1.5     1.6
     1.7     3.6     7.3    10.8    11.9    10.5     7.4     4.5     5.0     7.0
     8.1     8.1     7.5     7.6     7.1     5.3     3.7     4.4     7.3    10.3
    10.0     6.0     1.3    -1.0      .2     3.5     6.2     6.9     6.3     5.5
     5.1     5.0     5.0     5.0     5.0
      .3      .3      .7     2.4     5.6     8.8    10.4    10.8    10.8    10.8
    10.5     9.8     8.5     6.5     4.6     3.3     2.8     2.6     2.6     2.5
     2.1     1.2     -.6    -2.5    -3.1    -2.1     -.7    -1.3    -3.0    -5.4
    -7.3    -7.1    -4.0      .6     3.5     2.6     -.3    -2.5    -1.2     1.4
     4.3     5.3     4.9     3.6     1.1    -2.1    -4.2    -3.8    -1.4      .5
     -.9    -5.3    -9.6   -11.6   -10.8    -8.3    -5.2    -2.3      .4     2.7
     4.2     4.8     5.0     5.0     5.0
      .3      .3      .7     2.4     5.5     8.7    10.4    10.8    10.8    10.7
    10.5     9.6     8.1     6.0     4.1     3.0     2.5     2.3     2.0     1.5
      .6    -1.1    -3.2    -4.5    -4.7    -4.0    -3.2    -4.4    -7.0    -9.6
   -11.4   -11.7   -10.2    -7.3    -4.4    -3.3    -4.2    -5.4    -4.4    -1.8
     2.3     3.6     3.0      .5    -3.0    -6.1    -7.6    -7.8    -7.6    -7.8
    -9.5   -12.1   -14.0   -14.7   -14.6   -13.9   -12.6   -10.5    -7.0    -2.5
     1.5     3.7     4.6     4.9     5.0
      .3      .3      .9     2.6     5.5     8.5    10.2    10.7    10.8    10.7
    10.4     9.5     7.9     5.8     3.9     2.7     2.1     1.6     1.1      .3
     -.9    -2.6    -4.5    -6.2    -6.2    -4.8    -4.8    -6.1    -8.5   -10.9
   -12.0   -12.3   -11.4    -9.5    -6.9    -5.4    -5.7    -5.9    -4.9    -2.2
      .5     1.8     1.2    -1.3    -4.6    -7.1    -8.2    -8.6    -8.9    -9.7
   -11.2   -13.1   -14.4   -14.5   -15.1   -14.9   -14.5   -13.4   -10.8    -6.4
    -1.8     1.7     3.7     4.7     5.0
    -7.0    -7.0    -7.0    -7.2    -7.5    -8.1    -9.2   -10.4   -11.3   -12.0
   -12.5   -13.0   -13.5   -13.7   -13.8   -13.7   -13.5   -12.9   -11.8   -10.6
    -9.4    -8.5    -8.0    -7.8    -7.8    -7.8    -7.8    -7.7    -7.4    -6.5
    -4.8    -3.2    -2.3    -2.0    -2.0    -2.0    -2.0    -1.8    -1.6    -1.2
    -1.0    -1.1    -2.0    -4.0    -6.5    -8.5    -9.5    -9.8    -9.9    -9.8
    -9.8    -9.5    -8.6    -6.7    -4.5    -2.8    -2.1    -1.8    -1.8    -1.8
    -1.8    -1.8    -1.8    -1.8    -1.7
    -7.0    -7.0    -7.0    -7.0    -7.3    -7.9    -8.9   -10.2   -11.1   -11.7
   -12.3   -12.8   -13.1   -13.5   -13.6   -13.5   -12.9   -11.8   -10.4    -9.3
    -8.5    -8.1    -7.8    -7.8    -7.8    -7.8    -7.8    -7.8    -7.5    -6.5
    -4.8    -3.1    -2.3    -2.0    -2.0    -2.0    -2.0    -1.8    -1.6    -1.2
    -1.0    -1.0    -1.9    -3.8    -6.5    -8.6    -9.6    -9.8    -9.9    -9.9
    -9.8    -9.5    -8.6    -6.6    -4.3    -2.7    -2.0    -1.8    -1.8    -1.8
    -1.8    -1.8    -1.7    -1.6    -1.4
    -7.2    -7.1    -7.0    -6.9    -6.9    -7.4    -8.4    -9.7   -10.8   -11.6
   -12.2   -12.5   -12.5   -12.6   -12.6   -12.0   -10.4    -8.4    -6.9    -6.6
    -7.1    -7.6    -7.8    -7.8    -7.8    -7.8    -7.8    -7.7    -7.3    -6.3
    -4.6    -3.0    -2.2    -2.0    -2.0    -2.0    -2.0    -1.8    -1.6    -1.2
     -.9    -1.0    -1.8    -3.7    -6.2    -8.4    -9.5    -9.9   -10.0   -10.0
    -9.8    -9.3    -8.1    -6.1    -4.0    -2.5    -2.0    -1.8    -1.8    -1.8
    -1.8    -1.7    -1.5    -1.1     -.7
    -7.5    -7.5    -7.3    -6.9    -6.7    -7.0    -7.9    -9.2   -10.5   -11.6
   -12.6   -12.6   -11.8   -11.1   -10.3    -8.9    -7.0    -5.3    -4.5    -5.0
    -6.1    -7.2    -7.7    -7.8    -7.8    -7.8    -7.7    -7.5    -6.8    -5.7
    -4.2    -2.9    -2.2    -2.0    -2.0    -2.0    -2.0    -1.8    -1.5    -1.2
     -.9    -1.0    -1.7    -3.4    -5.7    -7.8    -9.2   -10.0   -10.5   -10.5
    -9.6    -8.4    -6.8    -4.9    -3.3    -2.2    -1.9    -1.9    -1.9    -1.9
    -1.8    -1.4     -.7      .2      .9
    -7.6    -7.7    -7.4    -6.9    -6.7    -7.1    -7.7    -8.5    -9.2   -10.5
   -10.7   -10.4    -8.9    -7.7    -6.6    -5.6    -4.5    -3.8    -3.7    -4.2
    -5.4    -6.6    -7.4    -7.7    -7.8    -7.7    -7.3    -6.6    -5.5    -4.4
    -3.4    -2.7    -2.2    -2.1    -2.0    -2.0    -2.0    -1.8    -1.5    -1.1
     -.9     -.9    -1.5    -3.0    -5.0    -6.8    -8.2    -9.8   -10.3    -9.9
    -8.1    -6.0    -4.2    -2.9    -1.9    -1.5    -1.6    -2.1    -2.1    -2.0
    -1.3     -.4     1.1     2.4     3.2
    -7.5    -7.5    -6.8    -6.1    -5.9    -6.5    -7.5    -7.6    -6.5    -5.4
    -4.6    -3.2    -2.0    -1.2    -1.4    -2.2    -3.0    -3.4    -3.5    -3.8
    -4.4    -5.5    -6.6    -7.2    -7.4    -6.9    -5.9    -4.7    -3.6    -2.9
    -2.6    -2.5    -2.3    -2.2    -2.1    -2.0    -1.9    -1.7    -1.3     -.9
     -.8     -.9    -1.6    -3.1    -4.6    -5.7    -6.8    -8.3    -9.2    -8.0
    -5.1    -2.7    -1.4     -.5      .4      .7     -.1    -1.3    -1.6    -1.1
      .6     2.5     4.3     5.5     5.9
    -6.7    -6.5    -5.5    -4.4    -4.0    -5.3    -6.5    -6.5    -4.2    -1.3
     1.3     2.5     2.8     2.9     1.8     -.4    -2.6    -3.6    -3.8    -3.5
    -3.7    -4.2    -5.0    -5.7    -5.8    -5.1    -4.0    -3.0    -2.5    -2.5
    -2.8    -2.9    -2.7    -2.5    -2.3    -2.2    -2.0    -1.6    -1.1     -.8
     -.7    -1.0    -2.1    -3.8    -5.1    -5.5    -5.8    -6.3    -6.5    -4.8
    -2.4     -.8      .3     1.7     4.2     5.2     4.2     2.5     1.4     3.1
     5.6     7.7     8.5     8.7     8.5
    -5.5    -5.2    -4.3    -2.5    -2.1    -3.1    -5.0    -5.2    -3.1     -.1
     2.5     3.7     4.3     4.4     3.0      .6    -2.1    -3.3    -3.6    -3.2
    -3.2    -3.3    -3.5    -3.7    -3.5    -2.9    -2.4    -2.3    -2.7    -3.3
    -4.1    -4.3    -3.6    -2.7    -2.4    -2.3    -2.2    -1.6     -.9     -.5
     -.4    -1.1    -2.8    -5.1    -7.1    -6.5    -5.7    -4.7    -3.6    -1.9
     -.5      .3     1.4     4.4     8.3    11.1    11.1     9.3     8.9    10.6
    12.5    13.2    12.3    11.2    10.6
    -4.1    -3.3    -2.5    -1.2     -.5    -1.0    -2.6    -3.5    -3.1    -2.0
     -.3     1.9     3.7     4.3     3.4     1.7     -.5    -2.0    -2.2    -1.9
    -2.2    -2.7    -3.0    -2.8    -2.1    -1.0     -.9    -2.0    -3.8    -5.5
    -7.3    -7.5    -5.1    -3.3    -2.8    -2.7    -2.6    -1.5      .0      .8
      .5     -.2    -1.9    -3.4    -5.6    -6.2    -5.7    -3.2     -.7      .7
     1.2     1.2     2.9     6.1     9.4    11.3    11.3    10.9    10.0    12.4
    14.0    14.8    13.6    12.5    11.8
    -2.9    -2.0     -.7      .1      .9     1.1     -.1    -1.3    -2.6    -2.9
    -2.6    -1.3      .2     2.5     3.4     3.3     2.1     1.7     1.8     1.5
      .0    -1.8    -3.0    -2.6    -1.1     1.1     1.4     -.9    -4.5    -8.6
   -11.4   -10.3    -5.2    -2.6    -3.0    -3.8    -3.5    -1.3     1.8     4.0
     3.9     2.6     1.5     1.6     -.2    -2.4    -2.7    -1.7      .5     1.7
     2.1     2.4     3.8     5.8     7.1     7.4     6.5     5.4     5.6     7.9
    10.8    12.7    12.9    12.6    12.3
    -4.1    -4.3     -.6     2.1     3.2     3.1     3.2     2.5     1.0    -1.1
    -3.2    -5.0    -6.1    -2.6      .9     2.5     2.5     3.0     3.4     3.0
      .9    -1.3    -2.7    -2.2     -.4     2.8     3.1     -.3    -5.7   -11.9
   -15.9   -14.0    -3.7    -1.1    -4.0    -3.9    -3.4    -1.6     1.6     5.6
     6.3     5.8     4.9     5.5     4.2     1.9    -1.5    -1.9     -.3     1.2
     2.3     3.0     3.9     4.2     3.4     1.4      .4      .0     1.5     3.8
     6.0     8.7    11.0    12.3    12.7
    -7.4    -6.4      .7     8.5     7.9     7.1     7.9     8.9     9.3     6.7
     1.1    -5.8    -8.2    -6.9    -2.8    -1.7      .1      .9     1.9     2.1
      .5    -1.1    -1.8    -2.0      .8     2.8     3.2     -.5    -7.3   -16.5
   -19.3   -17.2    -9.1    -7.7    -5.4    -3.1    -3.0    -3.8    -2.2     1.6
     5.3     6.7     6.3     6.6     6.2     4.2     -.7    -2.7    -2.6     -.8
     1.3     3.3     4.7     4.6     3.0     -.1    -1.9    -1.3     -.1      .9
     2.6     6.1    10.1    12.9    13.0
    -7.6    -4.9     5.6    14.4    16.3    10.0     9.5    10.8    12.3    10.8
     6.1    -1.7    -7.1    -8.5    -8.5    -8.3    -6.0    -2.9     -.4      .4
     -.3     -.5     -.9     -.8     -.2     2.4     2.4    -1.0    -8.0   -15.5
   -20.5   -18.5   -16.3   -23.5   -18.0    -6.5    -3.0    -9.5   -12.3    -8.4
      .4     4.6     6.2     8.2     9.8     6.8      .8    -3.2    -4.7    -3.0
     -.2     3.1     5.5     6.5     6.1     3.8     1.5      .7      .9     1.4
     3.6     8.0    12.5    14.2    14.8
    -7.8    -4.1     3.1    12.4    11.5    10.2     9.3     9.2    11.6    11.2
     7.6     3.8      .5    -3.9    -9.2   -14.0   -11.9    -7.0    -3.2    -1.4
     -.7      .8     3.5     2.8     1.4     2.4     1.7    -1.5    -6.7   -11.4
   -12.7   -13.0   -19.1   -33.0   -29.4   -12.3    -7.6   -13.0   -15.8   -12.6
    -5.4     -.9     3.6     8.4    11.6    10.2     3.1    -1.0    -1.7    -1.7
     1.5     4.4     6.6     8.4     9.3     8.4     5.4     4.0     3.4     4.5
     7.9    12.6    16.8    18.0    17.7
    -6.8    -4.6     -.3     4.0     7.5     9.2    10.2    10.0     8.8     8.3
     6.4     4.7     2.8     -.5    -7.2   -14.3   -14.3   -10.1    -3.7    -1.9
    -1.1     1.2     5.9     6.9     4.2     1.8     -.8    -4.7    -9.3   -13.5
   -12.1   -10.5   -15.2   -25.7   -28.7   -23.6   -18.6   -17.2   -15.4   -12.9
   -10.1    -6.6    -4.0     2.4     8.9     9.2     4.4     4.8     5.8     4.4
     5.2     8.5     9.8    11.1     8.9     6.5     4.2     4.5     5.3     7.9
    12.0    16.2    19.2    19.7    19.5
    -2.7    -3.0      .1     4.6     8.9    12.3    15.8    12.4     7.8     6.1
     4.7     4.2     3.4     1.2    -3.6    -9.2    -9.0    -3.9     -.2     -.2
     -.8      .8     5.3     7.2     3.9     -.3    -4.5    -8.3   -11.6   -14.3
   -13.8   -11.3   -10.7   -18.5   -25.1   -27.0   -26.4   -24.1   -18.1   -13.4
   -12.7   -10.3    -7.1     -.3     5.5     5.4      .9     3.8     6.7     5.5
     8.7    15.2    16.3    11.7     6.3     4.1     2.9     3.8     5.2     8.1
    12.3    16.5    18.7    19.4    19.3
     1.8     2.8     6.0     9.7    12.6    16.0    18.5    13.9     5.7     4.1
     3.9     3.7     3.4     2.3     -.1    -2.0    -1.4     1.3     2.1     1.3
    -1.0    -1.0      .4      .7     -.9    -3.4    -6.5    -9.5   -11.2   -12.9
   -14.0   -12.9   -11.4   -15.1   -21.7   -26.5   -28.7   -28.6   -24.5   -16.9
   -15.0   -12.4   -10.1    -1.5     3.6     1.9    -2.9    -1.6     -.2     2.5
    17.2    27.0    23.6    14.6     7.5     4.4     4.3     4.2     4.9     6.5
    10.0    14.3    17.4    18.8    19.1
     6.1     7.8    11.1    14.1    15.4    16.4    18.0     8.3     3.1     2.0
     3.4     3.7     3.1     2.2     1.4     1.1     1.7     2.9     2.8     2.0
      .4      .1      .2     -.3    -1.9    -3.8    -6.5    -8.8    -9.5   -11.0
   -11.7   -11.4   -11.6   -14.8   -20.6   -25.9   -28.8   -29.9   -27.3   -22.1
   -19.0   -19.9   -17.6   -13.1    -3.4    -4.8    -6.3    -4.3    -4.3     -.2
    17.3    27.7    26.7    13.0     4.5     2.9     3.5     4.1     4.3     5.1
     7.7    12.0    15.8    18.0    18.7
     7.0     7.6     8.4    13.4    15.5    14.6    11.1     5.3      .1     1.5
     2.9     3.5     3.0     2.2     1.7     1.5     1.8     2.1     1.9     1.4
     1.1     1.1     1.1      .6     -.7    -2.7    -5.2    -6.1    -6.8    -8.6
    -9.8   -10.0    -9.9   -12.0   -18.3   -23.3   -24.7   -23.2   -19.0   -17.4
   -16.9   -18.6   -20.6   -19.6   -18.6   -18.7   -12.5    -6.5    -7.6    -4.1
    10.9    24.7    23.9    11.3     4.1     2.2     2.0     3.3     3.6     4.2
     6.3    10.2    14.3    17.1    18.0
     9.3     7.4     6.8     9.1    12.7    11.9     8.2     2.5     -.5      .2
     1.9     2.4     2.1     1.5     1.1     1.1     1.2     1.4     1.4     1.3
     1.3     1.4     1.5     1.4     1.0    -1.2    -2.9    -3.1    -3.7    -5.2
    -7.2    -8.1    -7.8    -8.1   -13.3   -18.9   -24.0   -21.1   -16.2   -14.5
   -14.2   -14.1   -16.2   -19.1   -23.8   -25.9   -20.4   -12.4   -10.5    -9.3
     -.7    12.0    12.7     7.1     3.4     2.0     1.8     2.5     2.8     3.2
     4.7     8.0    12.1    15.2    16.4
    10.5     8.8     5.2     4.1     5.7     4.7      .6    -4.0    -5.6    -3.4
     -.7      .7     1.0      .9      .8      .8      .9     1.1     1.2     1.3
     1.4     1.7     1.4     1.1      .8     -.8    -1.9     -.9     -.6    -1.5
    -3.7    -6.0    -5.8    -4.9    -7.8   -13.2   -18.1   -17.2   -14.5   -13.1
   -12.1   -10.8   -11.0   -13.4   -18.6   -19.3   -18.1   -12.4    -8.8   -10.2
    -3.6     2.8     4.9     4.3     2.9     2.1     1.2     2.1     2.2     2.4
     3.2     5.5     9.0    12.3    13.7
    12.5     9.9     6.0     3.3     1.3    -1.9    -6.1    -9.2    -8.9    -5.6
    -1.8      .2      .7      .7      .7      .7      .8      .9     1.1     1.3
     1.5     1.6      .7    -1.4    -2.7    -3.0    -1.8      .4      .9      .3
     -.9    -1.9    -3.9    -5.1    -6.2    -9.0   -11.2   -12.0   -12.1   -11.9
   -11.0    -9.7    -8.2    -7.8    -6.8    -6.7    -8.5    -6.2    -3.1    -1.4
     -.5     1.7     2.1     2.1     2.6     2.2     1.6     1.6     1.8     1.8
     2.1     3.3     5.9     8.7    10.3
     9.7     7.5     4.7     1.6    -2.3    -8.0   -10.8   -11.3    -9.7    -4.9
      .3     1.6      .7      .6      .7      .7      .7      .8      .9     1.1
     1.2     1.0     -.4    -4.6    -5.8    -5.6    -3.2      .7      .5     -.2
     -.6     -.5    -2.9    -6.0    -5.2    -5.3    -6.0    -8.9    -9.1    -8.7
    -9.4    -8.8    -9.1    -9.3    -7.3    -5.8    -5.9    -2.8     -.8      .0
      .4      .3     -.2     -.4      .8     1.8     1.5     1.6     1.5     1.4
     1.3     1.8     3.4     5.5     7.0
     4.8     3.1      .7    -1.5    -4.5    -8.6   -10.8   -10.1    -7.0    -3.0
     1.2     1.8     -.5     -.4      .3      .5      .6      .6      .8     1.0
      .9      .4    -1.4    -4.6    -5.6    -5.5    -3.1     -.5     -.9    -2.2
    -3.1    -2.1    -4.0    -3.5    -1.1    -1.2    -1.4    -2.7    -1.6    -1.3
    -7.3    -5.7    -4.3    -8.6   -10.5   -11.7    -7.8    -3.9    -1.3     -.6
     -.8      .4     -.8    -1.8    -1.0     -.1      .6     1.2     1.4     1.2
      .9     1.0     1.9     3.2     4.3
      .8     -.4    -1.8    -3.1    -4.9    -7.7    -9.2    -7.2    -4.6    -1.6
     1.3     1.0    -1.2    -1.6    -1.3     -.8     -.4      .0     1.0     1.7
     1.9     1.9     1.6      .8     -.6    -1.2     -.2      .6      .0    -2.5
    -2.8    -1.8    -2.2    -1.6     -.2     -.1      .3     1.6     3.0      .8
    -3.0      .1     2.1    -3.1    -8.2   -11.1   -10.7    -4.2     -.8      .1
      .5      .7      .1    -1.4    -1.1      .0     1.6     2.6     2.7     2.0
     1.1      .8     1.1     1.8     2.5
    -1.3    -2.5    -3.1    -3.1    -3.3    -3.7    -4.2    -3.1    -2.0     -.5
     1.4      .0    -1.4    -1.8    -1.7    -1.5    -1.2     -.4     1.1     1.9
     2.1     2.1     2.1     2.0     1.7     1.2      .8     1.0     1.1     1.6
     1.3     3.1     1.8      .1     -.5    -2.9     -.2      .6     2.1     1.1
     1.8     4.0     3.5     1.2    -2.5    -4.6    -5.9    -2.2     -.5     1.0
     1.9     1.5     1.1      .9     1.7     3.1     4.4     5.0     4.4     2.9
     1.5      .7      .8     1.1     1.5
    -2.2    -2.8    -2.9    -2.4    -2.1    -2.0    -2.1    -1.9    -1.7    -1.4
     -.9    -1.3    -1.8    -1.8    -1.7    -1.6    -1.4     -.5     1.1     1.9
     2.0     2.1     2.1     2.1     2.0     1.5      .9      .9     1.4     3.8
     5.1     6.4     4.6     1.6      .1    -4.2    -4.7    -3.7    -1.3     3.0
     5.7     5.6     4.6     3.9     1.4      .5      .1     -.6      .4     1.8
     3.1     3.6     3.7     3.9     5.0     5.9     6.4     6.1     4.9     3.0
     1.4      .7      .6      .7      .9
    -1.8    -2.1    -2.1    -1.7    -1.6    -1.8    -1.9    -1.8    -1.8    -1.8
    -1.8    -1.7    -1.6    -1.6    -1.6    -1.5    -1.3     -.3     1.0     1.6
     1.8     2.0     2.1     2.1     2.0     1.5      .8      .3      .4     1.6
     3.3     3.4     -.8    -1.7     -.5    -3.6    -6.1    -6.0    -2.4     2.4
     5.2     4.8     3.5     2.9     1.0     -.1    -2.0    -1.7      .5     3.2
     4.7     5.6     5.3     5.6     6.4     6.7     6.7     5.9     4.4     2.5
     1.1      .5      .4      .6      .7
    -1.2    -1.2    -1.2    -1.2    -1.5    -1.8    -1.9    -1.9    -1.9    -1.9
    -1.8    -1.7    -1.6    -1.6    -1.5    -1.3     -.7      .4     1.1     1.3
     1.4     1.5     1.8     2.0     2.0     1.8     1.1     -.7    -1.4    -1.6
    -1.1    -1.5    -4.7    -4.8    -3.5    -2.6    -2.9    -4.0    -2.1     1.4
     3.5     1.8    -1.0    -2.2    -2.4    -3.0    -3.6    -2.7      .7     4.2
     5.7     5.8     5.9     6.0     6.4     6.6     6.3     5.3     3.6     1.8
      .7      .4      .4      .5      .5
    -1.0    -1.0    -1.0    -1.2    -1.5    -1.8    -1.9    -1.9    -1.9    -1.9
    -1.9    -1.8    -1.6    -1.6    -1.3     -.7      .4     1.1     1.2     1.3
     1.3     1.3     1.4     1.8     2.0     2.0     1.9      .4    -1.2    -2.2
    -2.6    -3.5    -4.7    -4.3    -3.3    -2.0    -1.0    -2.7    -1.4      .4
     1.4     -.7    -3.8    -5.7    -4.5    -4.3    -4.4    -3.1      .6     4.0
     5.4     5.6     5.6     5.8     6.2     6.3     5.9     4.7     2.9     1.4
      .6      .4      .4      .5      .5
    -1.0    -1.0    -1.0    -1.2    -1.5    -1.8    -1.9    -1.9    -1.9    -1.9
    -1.9    -1.8    -1.6    -1.4     -.6      .5     1.1     1.2     1.3     1.3
     1.2     1.3     1.5     2.3     2.5     1.0     1.2     1.0      .0    -1.4
    -2.3    -3.2    -3.9    -3.6    -2.7    -1.9    -1.0     -.8     -.5     -.3
     -.3    -1.6    -4.4    -4.8    -4.3    -3.5    -3.1    -1.9      .6     3.3
     4.6     4.6     4.6     4.9     5.4     5.7     5.5     4.3     2.6     1.2
      .6      .4      .4      .4      .5
    -1.0    -1.0    -1.0    -1.2    -1.5    -1.8    -1.9    -1.9    -1.9    -1.9
    -1.9    -1.8    -1.5     -.8      .2     1.0     1.2     1.3     1.3     1.3
     1.3     1.3     1.9     3.2     3.0     1.7      .8     1.2      .4     -.9
    -2.2    -3.1    -3.4    -3.1    -2.2    -1.1      .1      .8     1.2      .8
      .5      .2     -.8    -1.5    -1.4    -1.2     -.9     -.2     1.3     2.9
     3.5     3.0     2.6     2.6     3.2     4.0     4.2     3.6     2.2     1.1
      .6      .4      .4      .4      .4
    -1.0    -1.0    -1.0    -1.2    -1.4    -1.7    -1.9    -1.9    -1.9    -1.9
    -1.8    -1.6    -1.2     -.4      .4     1.0     1.2     1.3     1.3     1.4
     1.5     1.9     2.7     3.4     3.6     2.5      .9      .4     -.7    -2.0
    -3.2    -3.8    -3.8    -3.0    -1.8     -.3      .9     1.7     1.8     1.7
     1.4     1.2      .9      .7      .9     1.2     1.4     1.6     2.1     2.4
     2.2     1.4      .8      .6      .9     1.4     1.8     1.7     1.1      .6
      .4      .3      .4      .4      .4
    -1.0    -1.0    -1.0    -1.2    -1.4    -1.7    -1.9    -1.9    -1.9    -1.9
    -1.8    -1.6    -1.0     -.2      .6     1.2     1.4     1.5     1.6     1.8
     2.2     3.0     3.9     4.5     4.6     3.7     1.9      .1    -1.7    -3.3
    -4.2    -4.4    -4.1    -3.4    -2.1     -.8      .0      .7     1.1     1.3
     1.3     1.1     1.2     1.4     1.8     2.0     2.1     2.2     2.1     1.8
     1.3      .6      .2      .1      .1      .2      .4     -.1     -.9    -1.5
    -1.4    -1.0     -.3      .3      .4
    -1.0    -1.0    -1.0    -1.2    -1.4    -1.7    -1.9    -1.9    -1.9    -1.9
    -1.8    -1.5     -.9      .0      .7     1.3     1.6     1.8     2.0     2.4
     2.9     3.7     4.6     5.5     5.3     3.9     2.3      .1    -2.0    -3.7
    -4.4    -4.5    -4.2    -3.5    -2.3    -1.2    -1.0     -.6     -.3      .4
      .6      .9     1.2     1.5     1.9     2.1     2.2     2.2     2.1     1.8
     1.3      .6      .2      .1     -.1      .0     -.6    -2.0    -4.5    -5.9
    -5.8    -4.3    -1.9     -.3      .4
