diamond 4 10年11月27日20时500百帕温度场
10 11 27 20   0   500
  2.000 -2.000  32.0 160.0  80.0  12.0
  65  35  4  -56   12  1  0
   -38.1   -38.2   -38.4   -38.7   -38.8   -38.5   -37.5   -36.5   -35.9   -35.9
   -36.4   -37.2   -38.0   -38.6   -38.8   -38.8   -38.8   -38.8   -38.6   -38.4
   -38.1   -37.9   -37.8   -37.7   -37.7   -37.7   -37.7   -37.8   -38.0   -38.4
   -39.1   -39.7   -40.1   -40.3   -40.3   -40.3   -40.4   -40.5   -40.7   -40.9
   -41.1   -41.2   -41.2   -41.0   -40.7   -40.5   -40.4   -40.3   -40.3   -40.3
   -40.3   -40.3   -40.4   -40.6   -40.7   -40.8   -40.9   -40.9   -40.9   -40.9
   -40.9   -40.9   -40.9   -40.9   -40.8
   -38.0   -38.1   -38.4   -38.8   -39.1   -38.7   -37.6   -36.3   -35.5   -35.3
   -35.7   -36.5   -37.4   -38.2   -38.5   -38.7   -38.8   -38.7   -38.6   -38.3
   -38.0   -37.8   -37.7   -37.7   -37.7   -37.7   -37.7   -37.8   -38.0   -38.5
   -39.2   -39.8   -40.2   -40.3   -40.3   -40.3   -40.3   -40.5   -40.7   -40.9
   -41.1   -41.2   -41.2   -41.0   -40.8   -40.5   -40.4   -40.3   -40.3   -40.3
   -40.3   -40.3   -40.4   -40.6   -40.7   -40.8   -40.9   -40.9   -40.9   -40.9
   -40.9   -40.9   -40.8   -40.8   -40.7
   -37.7   -37.9   -38.3   -38.9   -39.4   -39.2   -38.1   -36.5   -35.1   -34.4
   -34.3   -34.8   -35.8   -36.8   -37.6   -38.2   -38.5   -38.5   -38.4   -38.2
   -38.0   -37.8   -37.7   -37.7   -37.7   -37.7   -37.7   -37.9   -38.2   -38.9
   -39.5   -40.0   -40.2   -40.3   -40.3   -40.3   -40.3   -40.4   -40.7   -40.9
   -41.2   -41.2   -41.2   -41.1   -40.9   -40.7   -40.5   -40.3   -40.3   -40.3
   -40.3   -40.4   -40.5   -40.7   -40.8   -40.9   -40.9   -40.9   -40.9   -40.9
   -40.9   -40.8   -40.7   -40.5   -40.4
   -37.3   -37.3   -37.8   -38.8   -39.7   -40.0   -39.1   -37.4   -35.6   -34.2
   -33.6   -33.8   -34.5   -35.4   -36.4   -37.3   -38.0   -38.3   -38.4   -38.2
   -38.0   -37.8   -37.7   -37.7   -37.7   -37.7   -37.9   -38.3   -39.0   -39.9
   -40.4   -40.6   -40.5   -40.4   -40.3   -40.3   -40.3   -40.4   -40.7   -41.0
   -41.2   -41.3   -41.3   -41.3   -41.2   -40.9   -40.6   -40.4   -40.2   -40.2
   -40.3   -40.5   -40.7   -40.8   -40.9   -40.9   -40.9   -40.9   -40.9   -40.9
   -40.9   -40.7   -40.4   -40.1   -39.8
   -37.2   -37.1   -37.6   -38.7   -40.0   -40.9   -40.6   -39.2   -37.1   -35.4
   -34.6   -34.6   -35.1   -35.6   -36.3   -37.2   -37.9   -38.3   -38.4   -38.3
   -38.1   -37.9   -37.7   -37.7   -37.8   -38.0   -38.6   -39.6   -40.8   -41.8
   -42.1   -41.7   -41.2   -40.8   -40.5   -40.3   -40.3   -40.5   -40.8   -41.0
   -41.2   -41.3   -41.4   -41.5   -41.5   -41.3   -40.9   -40.5   -40.3   -40.3
   -40.5   -40.8   -41.0   -41.1   -41.1   -41.0   -41.0   -41.0   -40.9   -40.9
   -40.7   -40.3   -39.8   -39.3   -39.1
   -38.1   -37.6   -37.9   -38.7   -39.8   -41.1   -41.6   -41.0   -39.5   -38.2
   -37.6   -37.4   -37.2   -36.9   -36.9   -37.5   -38.1   -38.5   -38.5   -38.4
   -38.2   -37.9   -37.5   -37.5   -38.0   -39.0   -40.3   -41.8   -43.0   -43.8
   -43.8   -43.2   -42.5   -41.9   -41.4   -41.0   -40.8   -40.8   -41.0   -41.1
   -41.2   -41.3   -41.5   -41.7   -41.8   -41.7   -41.3   -40.9   -40.6   -40.6
   -40.9   -41.2   -41.3   -41.4   -41.3   -41.2   -41.1   -41.0   -40.8   -40.5
   -40.0   -39.4   -38.8   -38.3   -38.0
   -40.0   -39.8   -39.2   -38.8   -39.3   -40.4   -41.4   -41.5   -40.8   -40.2
   -39.9   -39.2   -37.9   -36.9   -36.7   -37.3   -38.1   -38.6   -38.6   -38.4
   -37.9   -37.2   -36.6   -36.8   -38.1   -40.1   -42.1   -43.7   -44.5   -44.8
   -44.6   -44.3   -44.1   -43.9   -43.4   -42.7   -42.1   -41.7   -41.5   -41.4
   -41.4   -41.5   -41.8   -42.2   -42.4   -42.3   -41.9   -41.5   -41.3   -41.3
   -41.3   -41.4   -41.5   -41.6   -41.7   -41.6   -41.4   -41.0   -40.3   -39.5
   -38.6   -38.0   -37.5   -37.1   -36.9
   -40.3   -40.5   -39.4   -38.2   -38.0   -38.9   -39.8   -40.1   -39.6   -39.3
   -39.2   -38.5   -37.1   -36.1   -36.0   -36.7   -37.7   -38.2   -38.2   -37.7
   -36.8   -35.5   -34.5   -34.8   -36.8   -39.6   -42.2   -44.0   -44.8   -45.0
   -44.6   -44.4   -44.7   -45.2   -45.1   -44.5   -43.7   -43.0   -42.5   -42.2
   -42.0   -42.1   -42.5   -43.3   -43.8   -43.6   -43.1   -42.6   -42.6   -42.4
   -42.2   -41.9   -41.8   -41.8   -42.1   -42.2   -41.9   -40.9   -39.5   -38.0
   -37.0   -36.5   -36.2   -35.9   -35.6
   -37.5   -37.3   -36.4   -35.4   -35.4   -36.4   -37.1   -36.9   -36.2   -35.9
   -36.1   -36.1   -35.6   -35.2   -35.2   -35.8   -36.4   -36.7   -36.4   -35.7
   -34.6   -33.4   -32.4   -32.4   -33.8   -36.3   -39.2   -42.0   -44.1   -44.5
   -43.6   -42.9   -43.8   -45.0   -45.3   -45.0   -44.5   -44.2   -44.1   -43.9
   -43.5   -43.2   -43.6   -44.5   -45.0   -44.8   -44.3   -44.1   -44.4   -44.4
   -43.8   -43.0   -42.5   -42.2   -42.1   -42.0   -41.6   -40.5   -38.9   -37.3
   -36.3   -35.7   -35.3   -34.7   -34.2
   -33.6   -33.3   -33.1   -32.9   -33.6   -34.5   -34.8   -34.3   -33.7   -33.5
   -33.6   -33.9   -34.1   -34.3   -34.5   -34.6   -34.2   -33.5   -32.8   -32.3
   -31.9   -31.5   -31.2   -31.2   -31.7   -33.0   -35.4   -39.0   -42.0   -42.5
   -41.0   -40.6   -42.7   -44.6   -44.8   -44.4   -44.3   -45.0   -46.1   -46.7
   -46.3   -45.5   -45.1   -45.4   -45.7   -45.5   -45.1   -45.0   -45.3   -45.5
   -45.1   -44.5   -43.9   -43.0   -41.9   -41.1   -40.3   -39.4   -38.3   -37.2
   -36.4   -35.6   -34.5   -33.5   -32.8
   -31.8   -31.6   -32.3   -33.2   -34.0   -34.4   -33.6   -32.6   -32.0   -31.9
   -32.1   -32.2   -32.5   -33.0   -33.4   -33.3   -32.5   -31.3   -30.5   -30.3
   -30.6   -30.8   -30.8   -30.9   -30.8   -31.1   -32.5   -35.4   -38.2   -38.0
   -36.5   -37.6   -41.9   -44.4   -44.3   -43.9   -44.3   -45.4   -47.0   -48.4
   -48.6   -47.7   -46.8   -46.3   -46.0   -45.5   -45.0   -44.8   -45.1   -45.3
   -45.4   -45.3   -45.0   -43.8   -41.9   -40.0   -38.9   -38.2   -37.9   -37.4
   -36.7   -35.5   -33.8   -32.2   -31.4
   -32.3   -32.7   -33.7   -34.9   -35.3   -34.5   -32.6   -30.8   -30.0   -30.0
   -30.4   -30.8   -31.2   -31.6   -31.8   -31.5   -30.8   -30.0   -29.6   -29.8
   -30.3   -30.5   -30.5   -30.5   -30.4   -30.3   -30.9   -32.3   -33.2   -32.5
   -32.0   -34.6   -39.4   -42.0   -42.9   -43.7   -44.5   -45.4   -46.8   -48.3
   -49.2   -48.9   -47.8   -46.8   -45.8   -45.0   -44.3   -44.0   -43.9   -44.0
   -44.4   -45.0   -45.2   -44.0   -41.8   -39.5   -38.1   -37.7   -37.7   -37.5
   -36.7   -35.0   -32.8   -30.8   -30.0
   -33.5   -34.0   -34.6   -35.4   -35.2   -33.8   -31.7   -30.0   -28.9   -28.6
   -28.8   -29.1   -29.3   -29.3   -29.3   -29.2   -29.1   -29.0   -29.1   -29.5
   -29.9   -29.6   -29.1   -29.3   -29.7   -29.8   -29.9   -30.2   -30.2   -29.5
   -29.9   -32.6   -35.8   -37.0   -39.0   -42.1   -44.2   -44.8   -45.3   -46.5
   -47.9   -48.1   -47.2   -45.8   -44.5   -43.6   -43.0   -42.5   -42.3   -42.5
   -43.1   -44.0   -44.1   -42.7   -40.4   -38.2   -37.1   -36.9   -37.1   -36.8
   -35.6   -33.5   -31.1   -29.3   -28.7
   -33.1   -33.0   -32.7   -32.7   -32.6   -31.6   -30.5   -29.5   -28.6   -27.7
   -27.2   -27.0   -26.5   -26.2   -26.6   -27.2   -27.7   -27.9   -28.1   -28.3
   -28.2   -27.0   -25.5   -25.8   -27.3   -28.3   -28.7   -28.6   -28.4   -28.5
   -29.7   -31.8   -32.8   -32.7   -35.0   -39.5   -42.7   -43.9   -44.5   -45.4
   -46.3   -46.6   -45.9   -44.4   -43.0   -42.0   -41.5   -41.1   -41.0   -41.3
   -41.9   -42.3   -41.8   -39.8   -37.2   -35.3   -34.6   -34.8   -35.1   -34.8
   -33.3   -31.1   -29.2   -28.0   -27.7
   -30.3   -29.3   -28.3   -28.5   -29.5   -29.3   -28.3   -28.0   -27.4   -26.3
   -25.4   -24.9   -24.2   -23.9   -24.5   -25.6   -26.1   -26.0   -25.6   -25.4
   -25.2   -23.9   -21.8   -21.7   -23.7   -25.4   -26.2   -25.9   -25.4   -25.5
   -27.4   -30.0   -31.4   -31.5   -32.9   -36.0   -39.1   -41.7   -43.9   -45.1
   -45.2   -45.2   -45.0   -43.9   -42.6   -41.4   -40.6   -40.2   -40.4   -40.9
   -40.9   -40.1   -38.4   -36.3   -34.2   -32.9   -32.3   -32.4   -32.6   -32.2
   -30.9   -29.1   -27.8   -27.3   -27.2
   -26.2   -24.7   -24.1   -25.3   -26.7   -26.2   -24.6   -24.1   -23.8   -22.8
   -22.3   -22.5   -22.4   -22.2   -22.8   -23.8   -24.0   -23.5   -23.0   -22.9
   -22.9   -22.0   -20.1   -19.4   -20.6   -22.1   -23.0   -23.1   -23.0   -23.7
   -25.6   -28.4   -30.6   -31.1   -31.3   -32.3   -34.2   -37.2   -40.9   -43.5
   -43.9   -44.1   -44.2   -43.6   -42.7   -41.5   -40.3   -40.2   -41.1   -41.7
   -40.5   -38.2   -35.9   -34.0   -32.4   -31.3   -30.5   -30.4   -30.4   -30.2
   -29.3   -28.1   -27.4   -27.1   -27.0
   -23.2   -22.3   -22.7   -24.1   -24.7   -23.4   -21.2   -20.6   -20.5   -19.9
   -19.8   -20.3   -20.7   -21.0   -21.6   -22.2   -22.2   -21.8   -21.5   -21.5
   -21.9   -21.8   -21.2   -20.9   -21.2   -21.7   -22.1   -22.4   -23.0   -24.0
   -25.2   -26.8   -28.7   -29.4   -29.3   -29.4   -30.4   -32.6   -36.1   -39.6
   -41.2   -41.8   -42.2   -42.4   -42.5   -41.8   -40.6   -40.7   -41.8   -41.7
   -38.9   -35.9   -33.9   -32.6   -31.4   -30.2   -29.4   -29.1   -29.3   -29.3
   -28.8   -28.0   -27.4   -27.1   -26.9
   -20.8   -20.6   -20.9   -21.5   -21.8   -20.9   -19.5   -19.2   -19.3   -18.8
   -18.6   -19.0   -19.7   -20.3   -20.7   -21.0   -21.0   -20.7   -20.2   -19.9
   -20.1   -20.4   -20.8   -21.4   -22.0   -22.3   -22.6   -23.0   -23.9   -25.3
   -26.0   -26.2   -26.4   -26.3   -26.2   -26.4   -27.3   -28.8   -31.2   -33.8
   -35.5   -36.5   -37.4   -38.7   -40.4   -40.9   -40.4   -40.5   -41.0   -40.1
   -37.2   -34.4   -33.1   -32.7   -32.1   -31.0   -29.9   -29.2   -29.1   -29.2
   -28.9   -28.3   -27.6   -27.0   -26.7
   -18.5   -18.8   -19.1   -19.1   -19.1   -19.2   -18.9   -19.0   -18.9   -18.6
   -18.3   -18.4   -18.7   -18.9   -19.2   -19.4   -19.4   -19.2   -18.5   -18.0
   -18.3   -19.4   -20.6   -21.9   -22.8   -23.0   -23.1   -23.5   -24.2   -25.1
   -25.4   -24.9   -24.6   -24.4   -24.4   -24.7   -25.6   -27.6   -29.9   -31.6
   -32.6   -33.3   -33.8   -34.6   -36.3   -37.7   -38.3   -39.1   -39.1   -37.7
   -35.3   -33.3   -32.1   -31.6   -31.3   -30.9   -30.4   -29.7   -29.3   -29.2
   -29.0   -28.3   -27.4   -26.6   -26.0
   -16.5   -16.9   -17.9   -18.0   -17.8   -17.8   -18.0   -18.2   -18.3   -18.2
   -18.0   -17.9   -17.7   -17.5   -17.5   -17.7   -17.8   -17.7   -17.4   -17.3
   -18.3   -20.2   -21.9   -23.1   -23.8   -23.5   -23.2   -23.2   -23.3   -23.5
   -23.7   -23.7   -23.9   -24.6   -24.8   -24.5   -24.8   -26.5   -28.8   -30.3
   -31.3   -31.8   -31.7   -31.6   -32.3   -33.1   -34.0   -36.0   -37.1   -35.7
   -33.8   -32.0   -30.7   -30.2   -29.8   -29.4   -29.3   -29.2   -29.1   -29.0
   -28.6   -27.8   -26.4   -25.2   -24.5
   -14.9   -15.6   -17.1   -17.9   -17.7   -17.4   -17.1   -17.0   -17.0   -17.1
   -17.1   -17.1   -16.9   -16.8   -16.7   -16.8   -17.0   -17.2   -17.4   -18.1
   -19.8   -22.3   -23.7   -23.9   -23.6   -23.0   -22.5   -22.1   -21.8   -21.7
   -21.9   -22.3   -23.4   -24.9   -25.5   -25.2   -24.8   -25.6   -27.1   -28.2
   -28.8   -29.1   -29.1   -29.0   -29.3   -29.3   -29.2   -31.3   -33.0   -32.2
   -30.5   -29.1   -28.3   -28.3   -28.5   -28.3   -28.2   -28.2   -28.2   -28.0
   -27.3   -25.9   -24.0   -22.5   -21.8
   -14.1   -14.4   -15.6   -16.7   -16.9   -16.7   -16.4   -16.2   -16.2   -16.3
   -16.4   -16.5   -16.5   -16.5   -16.5   -16.6   -16.8   -17.3   -18.2   -19.8
   -22.1   -24.2   -24.2   -22.5   -21.1   -20.7   -20.8   -20.6   -20.1   -20.0
   -20.2   -20.8   -21.9   -23.3   -24.2   -24.4   -24.2   -24.2   -25.0   -25.5
   -25.4   -25.3   -25.5   -26.0   -26.3   -26.0   -25.4   -26.0   -26.8   -26.2
   -25.7   -25.2   -25.0   -25.5   -26.1   -26.4   -26.4   -26.5   -26.4   -25.7
   -24.1   -21.9   -19.9   -18.6   -18.3
   -13.7   -13.8   -14.3   -14.9   -15.5   -15.8   -15.9   -15.9   -15.9   -16.0
   -16.2   -16.3   -16.4   -16.5   -16.5   -16.5   -16.6   -17.1   -18.5   -20.4
   -22.8   -24.4   -23.1   -19.4   -17.9   -17.7   -18.4   -18.6   -17.4   -16.7
   -16.6   -17.1   -17.9   -18.9   -20.1   -21.4   -21.9   -22.0   -22.3   -22.5
   -22.8   -23.2   -23.7   -24.1   -23.8   -23.3   -22.7   -22.7   -22.8   -22.7
   -22.6   -22.5   -22.5   -22.6   -23.0   -23.3   -23.5   -23.6   -23.2   -21.6
   -18.9   -16.2   -14.8   -14.4   -14.6
   -13.3   -13.3   -13.4   -13.8   -14.5   -15.2   -15.7   -15.9   -15.9   -16.0
   -16.1   -16.1   -16.1   -16.2   -16.4   -16.4   -16.5   -16.7   -17.3   -18.1
   -18.7   -19.3   -18.5   -17.1   -16.7   -16.1   -15.0   -13.3   -12.0   -11.4
   -11.5   -12.0   -12.4   -13.1   -14.5   -16.2   -17.7   -18.2   -18.2   -18.4
   -19.6   -20.9   -21.7   -22.1   -22.0   -21.7   -21.2   -20.8   -21.1   -21.6
   -21.7   -21.3   -21.0   -20.8   -20.8   -20.6   -20.2   -19.8   -18.6   -16.2
   -13.1   -10.8   -10.3   -10.8   -11.4
   -13.2   -13.1   -13.2   -13.4   -14.1   -15.0   -15.6   -15.8   -15.9   -16.0
   -16.1   -16.1   -15.9   -15.9   -16.0   -16.1   -16.2   -16.0   -15.2   -14.4
   -14.1   -14.2   -14.1   -14.1   -14.2   -12.2    -8.9    -6.9    -6.9    -6.9
    -7.7    -8.5    -8.8    -9.2   -10.1   -11.6   -13.8   -14.9   -15.2   -15.4
   -16.3   -17.3   -18.4   -19.2   -19.6   -19.8   -19.7   -19.6   -20.3   -21.2
   -21.4   -20.7   -19.9   -19.1   -18.3   -17.1   -15.9   -14.7   -13.2   -11.1
    -8.8    -7.5    -7.7    -8.4    -9.0
   -13.1   -13.0   -13.1   -13.3   -13.9   -14.7   -15.5   -15.7   -15.7   -15.9
   -16.0   -16.0   -15.9   -15.9   -15.9   -15.9   -15.8   -15.3   -14.2   -13.5
   -13.3   -13.4   -13.4   -13.3   -12.5    -9.8    -6.8    -5.4    -4.8    -4.4
    -5.2    -6.7    -7.2    -7.3    -7.3    -8.7   -11.5   -13.1   -13.3   -13.8
   -14.5   -15.0   -15.7   -16.5   -16.8   -16.9   -16.9   -16.9   -17.7   -18.9
   -19.5   -18.8   -17.7   -16.2   -14.4   -12.6   -11.2   -10.2    -9.2    -8.0
    -6.8    -6.3    -6.5    -7.1    -7.5
   -13.0   -13.0   -13.1   -13.4   -14.0   -14.9   -15.5   -15.6   -15.7   -15.7
   -15.8   -15.9   -15.9   -15.9   -15.9   -15.9   -15.6   -14.5   -13.0   -12.3
   -12.4   -13.0   -13.3   -13.2   -12.3    -9.4    -6.6    -5.5    -4.7    -3.8
    -4.2    -5.6    -6.1    -5.4    -4.7    -5.2    -8.0    -9.9   -11.0   -11.8
   -12.6   -12.6   -12.6   -13.2   -13.5   -13.4   -13.3   -13.5   -14.3   -15.0
   -15.2   -14.7   -13.7   -12.2   -10.5    -9.1    -8.3    -8.0    -7.6    -6.9
    -6.2    -5.9    -6.1    -6.4    -6.7
   -13.1   -13.1   -13.2   -13.6   -14.3   -15.3   -15.6   -15.7   -15.7   -15.7
   -15.8   -15.8   -15.9   -15.9   -15.9   -15.5   -14.0   -10.2    -6.3    -5.2
    -6.8   -10.0   -12.1   -12.9   -12.2    -9.3    -6.8    -6.4    -6.4    -5.8
    -5.4    -5.3    -4.8    -3.7    -2.6    -2.5    -4.2    -6.4    -7.9    -8.8
    -9.2    -8.6    -8.1    -8.9    -9.8   -10.1   -10.2   -10.6   -11.5   -12.3
   -12.4   -11.9   -11.0    -9.8    -8.6    -7.8    -7.5    -7.4    -7.1    -6.5
    -6.0    -5.8    -5.8    -6.0    -6.2
   -13.1   -13.1   -13.3   -13.7   -14.4   -15.4   -15.7   -15.7   -15.7   -15.7
   -15.7   -15.8   -15.9   -15.9   -15.5   -13.5    -7.8      .1     4.9     6.0
     5.0      .8    -5.4   -10.1   -10.9    -8.5    -6.9    -8.1    -8.6    -8.6
    -7.5    -6.0    -4.4    -2.8    -1.5     -.8    -1.5    -3.2    -4.7    -5.2
    -5.5    -5.2    -4.9    -5.5    -6.5    -7.4    -8.1    -8.8    -9.9   -10.8
   -11.1   -10.8   -10.0    -9.1    -8.3    -7.8    -7.6    -7.3    -6.8    -6.3
    -5.9    -5.7    -5.8    -5.8    -5.9
   -13.1   -13.1   -13.3   -13.7   -14.5   -15.4   -15.7   -15.7   -15.7   -15.7
   -15.7   -15.8   -15.8   -15.5   -13.4    -7.6      .6     6.3     8.3     8.6
     8.5     7.5     4.4    -1.7    -5.4    -5.8    -5.8    -7.2    -8.6    -9.1
    -8.1    -6.2    -4.0    -2.2    -1.0     -.1      .0    -1.2    -2.4    -3.1
    -3.4    -3.5    -3.3    -3.5    -4.7    -6.1    -7.2    -8.2    -9.4   -10.3
   -10.7   -10.6   -10.0    -9.1    -8.4    -7.9    -7.7    -7.3    -6.7    -6.1
    -5.8    -5.7    -5.7    -5.8    -5.8
   -13.1   -13.1   -13.3   -13.7   -14.5   -15.4   -15.7   -15.7   -15.7   -15.7
   -15.7   -15.7   -15.4   -13.4    -7.5     1.2     6.6     8.4     8.8     8.8
     8.9     8.6     6.4      .3    -4.3    -5.8    -5.9    -6.3    -7.4    -8.1
    -7.5    -5.7    -3.5    -1.7     -.7     -.2     -.3    -1.2    -2.3    -2.9
    -3.0    -3.1    -3.0    -3.1    -4.2    -5.7    -7.0    -8.2    -9.4   -10.4
   -10.8   -10.6    -9.7    -8.8    -8.1    -7.8    -7.6    -7.2    -6.6    -6.1
    -5.8    -5.7    -5.7    -5.7    -5.7
   -13.1   -13.1   -13.3   -13.7   -14.5   -15.3   -15.7   -15.7   -15.7   -15.7
   -15.7   -15.5   -13.9    -8.8     -.9     5.9     8.3     8.8     8.8     8.8
     8.8     8.2     5.2    -1.6    -5.1    -5.9    -6.1    -5.9    -6.3    -6.7
    -6.3    -5.1    -3.4    -1.9    -1.1     -.8    -1.0    -1.7    -2.6    -3.2
    -3.3    -3.2    -3.2    -3.5    -4.4    -5.6    -6.7    -7.8    -8.9    -9.9
   -10.1    -9.4    -8.2    -7.2    -6.8    -6.8    -6.9    -6.7    -6.3    -6.0
    -5.8    -5.7    -5.7    -5.7    -5.7
   -13.1   -13.1   -13.3   -13.7   -14.4   -15.1   -15.5   -15.7   -15.7   -15.7
   -15.3   -14.1   -10.8    -5.2     1.1     5.9     8.0     8.5     8.5     8.3
     7.4     5.5     2.2    -1.9    -4.4    -5.5    -5.9    -5.9    -5.7    -5.7
    -5.4    -4.8    -4.0    -3.1    -2.4    -2.0    -2.0    -2.0    -2.5    -3.0
    -3.3    -3.5    -3.6    -3.9    -4.5    -5.2    -5.9    -6.5    -7.3    -7.9
    -7.9    -7.1    -6.2    -5.5    -5.4    -5.6    -5.8    -5.8    -5.8    -5.7
    -5.7    -5.7    -5.7    -5.7    -5.7
   -13.1   -13.1   -13.3   -13.7   -14.4   -15.1   -15.5   -15.7   -15.7   -15.6
   -15.0   -13.2    -9.3    -3.5     2.3     6.2     7.8     8.0     7.6     6.9
     5.4     2.9      .0    -2.5    -4.0    -4.8    -5.3    -5.4    -5.3    -5.2
    -5.0    -4.9    -4.6    -4.2    -3.7    -3.5    -3.3    -3.0    -2.9    -3.0
    -3.4    -3.6    -3.8    -4.2    -4.7    -5.2    -5.5    -5.7    -6.0    -6.1
    -5.9    -5.5    -5.1    -4.8    -4.8    -4.9    -5.0    -5.1    -5.1    -5.3
    -5.4    -5.5    -5.6    -5.7    -5.7
   -13.1   -13.1   -13.3   -13.7   -14.4   -15.1   -15.5   -15.7   -15.7   -15.5
   -14.7   -12.6    -8.6    -3.0     2.4     5.9     7.2     7.3     6.7     5.6
     3.8     1.4    -1.0    -2.7    -3.7    -4.3    -4.8    -5.0    -5.1    -5.0
    -4.9    -4.9    -4.7    -4.5    -4.2    -4.1    -4.1    -3.9    -3.7    -3.6
    -3.7    -3.8    -4.0    -4.3    -4.8    -5.2    -5.5    -5.6    -5.6    -5.6
    -5.5    -5.2    -4.9    -4.8    -4.7    -4.7    -4.8    -4.8    -4.8    -4.9
    -5.1    -5.3    -5.5    -5.6    -5.7
