diamond 4 10年12月01日20时500百帕温度场
10 12 01 20   0   500
  2.000 -2.000  32.0 160.0  80.0  12.0
  65  35  4  -56   12  1  0
   -32.3   -32.4   -32.6   -32.9   -33.5   -34.2   -35.1   -36.0   -36.8   -37.5
   -38.2   -39.0   -39.7   -40.2   -40.4   -40.4   -40.3   -40.1   -39.8   -39.5
   -39.1   -38.4   -37.5   -37.3   -38.5   -40.2   -41.5   -42.0   -42.3   -42.6
   -43.1   -43.6   -43.9   -44.1   -44.1   -44.1   -44.1   -44.0   -43.9   -43.7
   -43.6   -43.6   -43.7   -43.9   -44.2   -44.5   -44.6   -44.7   -44.7   -44.7
   -44.7   -44.5   -44.0   -43.2   -42.2   -41.5   -41.1   -40.9   -40.9   -40.8
   -40.6   -40.1   -39.2   -38.4   -38.0
   -32.3   -32.4   -32.5   -32.9   -33.4   -34.1   -34.9   -35.7   -36.4   -37.0
   -37.6   -38.4   -39.2   -39.8   -40.1   -40.2   -40.0   -39.6   -39.2   -38.9
   -38.4   -37.5   -36.5   -36.4   -37.9   -40.0   -41.5   -42.0   -42.2   -42.6
   -43.1   -43.6   -44.0   -44.1   -44.1   -44.1   -44.1   -44.0   -43.9   -43.7
   -43.6   -43.6   -43.7   -43.9   -44.2   -44.5   -44.6   -44.7   -44.7   -44.7
   -44.7   -44.5   -44.0   -43.1   -42.1   -41.4   -41.0   -40.9   -40.9   -40.9
   -40.7   -40.1   -39.2   -38.3   -37.9
   -32.3   -32.4   -32.5   -32.8   -33.2   -33.8   -34.5   -35.2   -35.8   -36.3
   -36.7   -37.2   -37.8   -38.5   -39.0   -39.2   -39.0   -38.4   -37.9   -37.5
   -37.1   -36.2   -35.3   -35.4   -37.3   -39.8   -41.4   -42.0   -42.2   -42.5
   -43.1   -43.6   -43.9   -44.1   -44.1   -44.1   -44.1   -44.0   -43.9   -43.7
   -43.6   -43.6   -43.6   -43.8   -44.1   -44.4   -44.6   -44.7   -44.8   -44.8
   -44.6   -44.3   -43.7   -42.9   -42.0   -41.3   -41.0   -40.9   -40.9   -40.9
   -40.6   -40.1   -39.1   -38.3   -37.8
   -32.4   -32.4   -32.5   -32.7   -33.1   -33.6   -34.2   -34.8   -35.5   -35.9
   -36.2   -36.4   -36.6   -37.0   -37.4   -37.7   -37.6   -37.3   -37.0   -36.8
   -36.5   -35.7   -34.9   -35.1   -37.2   -39.8   -41.4   -42.0   -42.2   -42.5
   -43.0   -43.5   -43.8   -44.0   -44.1   -44.1   -44.1   -44.0   -43.9   -43.7
   -43.6   -43.5   -43.6   -43.7   -44.0   -44.2   -44.5   -44.8   -44.9   -44.8
   -44.5   -43.9   -43.1   -42.3   -41.6   -41.2   -41.0   -40.9   -40.9   -40.8
   -40.6   -39.9   -39.0   -38.2   -37.8
   -32.4   -32.4   -32.5   -32.7   -33.0   -33.4   -33.9   -34.4   -35.0   -35.4
   -35.7   -35.8   -35.8   -36.1   -36.4   -36.7   -36.8   -36.8   -36.7   -36.7
   -36.4   -35.6   -34.8   -35.1   -37.2   -39.8   -41.5   -42.1   -42.2   -42.4
   -42.7   -43.1   -43.5   -43.8   -44.0   -44.1   -44.1   -44.0   -43.8   -43.7
   -43.6   -43.5   -43.5   -43.6   -43.8   -44.0   -44.3   -44.7   -44.8   -44.5
   -43.7   -42.7   -42.0   -41.4   -41.1   -40.9   -40.9   -40.9   -40.9   -40.8
   -40.4   -39.6   -38.7   -38.0   -37.7
   -32.3   -32.3   -32.4   -32.5   -32.7   -33.1   -33.6   -33.9   -34.2   -34.4
   -34.5   -34.8   -35.3   -35.9   -36.4   -36.6   -36.7   -36.7   -36.7   -36.6
   -36.3   -35.5   -34.7   -35.0   -37.1   -39.8   -41.6   -42.3   -42.5   -42.5
   -42.5   -42.6   -42.8   -43.1   -43.4   -43.6   -43.8   -43.7   -43.7   -43.6
   -43.5   -43.5   -43.5   -43.5   -43.6   -43.8   -44.0   -44.3   -44.3   -43.5
   -42.3   -41.2   -40.7   -40.5   -40.6   -40.6   -40.8   -40.8   -40.8   -40.5
   -39.9   -39.1   -38.4   -37.9   -37.6
   -32.2   -32.2   -32.2   -32.1   -32.2   -32.7   -33.3   -33.7   -33.8   -33.7
   -33.8   -34.4   -35.6   -36.6   -36.9   -36.8   -36.7   -36.8   -36.8   -36.6
   -36.1   -35.2   -34.4   -34.7   -36.8   -39.6   -41.6   -42.6   -42.7   -42.4
   -41.9   -41.6   -41.6   -41.9   -42.2   -42.5   -42.8   -43.0   -43.3   -43.4
   -43.5   -43.5   -43.4   -43.3   -43.3   -43.5   -43.7   -43.7   -43.3   -42.4
   -41.1   -40.3   -40.0   -40.1   -40.2   -40.3   -40.4   -40.5   -40.2   -39.7
   -39.0   -38.4   -37.9   -37.6   -37.5
   -32.6   -32.5   -32.5   -32.3   -32.1   -32.4   -33.2   -33.9   -34.2   -34.3
   -34.3   -35.1   -36.4   -37.0   -36.6   -36.2   -36.3   -36.5   -36.6   -36.3
   -35.6   -34.6   -33.7   -34.0   -35.8   -38.4   -40.5   -41.8   -42.1   -41.7
   -40.9   -40.3   -40.4   -40.7   -41.0   -41.1   -41.2   -41.7   -42.5   -43.1
   -43.4   -43.4   -43.2   -42.9   -42.7   -42.9   -43.1   -43.1   -42.7   -41.8
   -40.8   -40.2   -40.1   -40.1   -40.1   -40.0   -40.0   -39.8   -39.2   -38.5
   -37.9   -37.5   -37.4   -37.4   -37.4
   -33.7   -34.1   -34.6   -34.5   -33.9   -33.6   -34.0   -34.8   -35.6   -36.0
   -36.1   -36.2   -36.5   -36.1   -35.1   -34.5   -34.8   -35.5   -35.7   -35.4
   -34.5   -33.5   -32.8   -32.8   -33.7   -35.4   -37.4   -39.3   -40.2   -39.9
   -39.0   -38.5   -38.9   -39.5   -39.7   -39.4   -39.3   -40.0   -41.1   -42.3
   -43.0   -43.2   -43.1   -42.7   -42.4   -42.4   -42.6   -42.9   -42.9   -42.5
   -41.8   -41.2   -40.9   -40.6   -40.4   -40.3   -40.1   -39.7   -38.9   -38.0
   -37.4   -37.2   -37.2   -37.2   -37.2
   -35.3   -35.9   -36.8   -37.0   -36.4   -35.7   -35.3   -35.6   -36.2   -36.6
   -36.3   -35.5   -34.6   -33.6   -32.6   -32.3   -32.8   -33.5   -33.8   -33.6
   -33.0   -32.4   -32.1   -31.9   -32.0   -32.5   -33.8   -35.7   -37.4   -37.7
   -37.0   -36.6   -37.3   -38.1   -38.1   -37.6   -37.4   -38.2   -39.5   -40.9
   -42.0   -42.6   -42.8   -42.7   -42.4   -42.2   -42.2   -42.4   -42.8   -43.0
   -42.8   -42.5   -42.3   -42.0   -41.6   -41.3   -41.0   -40.3   -39.1   -38.1
   -37.5   -37.3   -37.2   -37.1   -37.0
   -36.8   -37.2   -38.0   -38.4   -38.3   -37.2   -35.6   -34.4   -34.2   -34.5
   -34.0   -32.5   -31.1   -30.6   -30.6   -31.0   -31.7   -32.2   -32.2   -31.8
   -31.4   -31.1   -30.9   -30.6   -30.3   -30.3   -31.0   -32.7   -34.6   -35.3
   -35.1   -35.3   -36.4   -37.1   -36.9   -36.6   -36.7   -37.5   -38.7   -40.0
   -41.1   -41.8   -42.2   -42.4   -42.2   -41.9   -41.6   -41.7   -42.2   -42.7
   -43.1   -43.4   -43.7   -43.6   -43.1   -42.7   -42.2   -41.1   -39.6   -38.4
   -37.8   -37.5   -37.3   -37.1   -36.9
   -37.4   -37.9   -38.5   -39.0   -38.7   -36.9   -33.9   -31.0   -29.6   -29.6
   -29.7   -29.2   -28.6   -28.7   -29.4   -30.5   -31.6   -32.1   -31.7   -30.8
   -30.0   -29.2   -28.3   -27.7   -27.4   -27.5   -28.1   -29.7   -31.5   -32.7
   -33.3   -34.3   -35.8   -36.7   -36.8   -36.7   -37.0   -37.8   -38.6   -39.5
   -40.2   -40.9   -41.4   -41.6   -41.3   -40.9   -40.8   -40.9   -41.3   -41.8
   -42.5   -43.3   -44.1   -44.1   -43.6   -43.1   -42.6   -41.5   -39.9   -38.7
   -38.0   -37.7   -37.4   -37.0   -36.9
   -36.3   -36.1   -36.7   -37.8   -37.9   -36.3   -33.1   -29.8   -27.5   -26.9
   -27.2   -27.5   -27.5   -27.7   -28.3   -29.2   -30.3   -31.1   -30.9   -30.0
   -29.0   -27.5   -25.6   -24.4   -24.0   -24.1   -24.8   -26.3   -28.4   -30.1
   -31.4   -33.0   -34.8   -36.1   -36.7   -37.0   -37.6   -38.5   -39.4   -39.7
   -39.7   -39.6   -39.5   -38.9   -38.3   -38.2   -38.8   -39.7   -40.3   -40.9
   -41.6   -42.6   -43.4   -43.2   -42.5   -42.1   -42.0   -41.2   -40.0   -38.8
   -38.2   -37.8   -37.4   -37.1   -36.9
   -33.5   -33.0   -33.3   -34.5   -35.5   -34.9   -33.0   -30.5   -28.2   -26.9
   -27.0   -27.7   -27.8   -27.6   -27.5   -27.8   -28.6   -29.1   -28.9   -28.0
   -27.0   -25.5   -23.5   -22.1   -21.7   -21.6   -22.1   -23.4   -25.3   -27.1
   -28.7   -30.6   -32.7   -34.7   -36.0   -36.9   -37.9   -39.1   -39.8   -39.3
   -38.0   -37.1   -36.4   -35.3   -34.4   -34.6   -35.8   -37.0   -37.8   -38.5
   -39.3   -40.5   -41.5   -41.2   -40.7   -40.8   -41.4   -41.1   -39.9   -38.7
   -38.0   -37.6   -37.3   -37.1   -37.0
   -30.1   -29.6   -29.5   -30.7   -32.7   -33.1   -31.7   -30.2   -28.4   -26.9
   -26.6   -27.2   -27.5   -27.3   -26.9   -26.5   -26.2   -25.7   -24.9   -24.2
   -23.5   -22.7   -21.5   -20.7   -20.7   -20.9   -21.5   -22.5   -23.6   -24.6
   -26.0   -28.0   -30.3   -32.7   -34.6   -35.9   -37.0   -38.1   -38.6   -37.7
   -35.7   -34.5   -33.9   -32.6   -31.2   -30.9   -31.8   -32.9   -33.7   -34.2
   -34.8   -36.3   -37.8   -38.8   -40.1   -41.4   -42.0   -41.0   -39.3   -38.0
   -37.4   -37.2   -37.1   -37.1   -37.0
   -26.0   -25.4   -25.2   -26.2   -28.0   -28.5   -27.5   -26.6   -25.3   -23.9
   -23.9   -25.2   -26.4   -26.8   -26.3   -25.1   -23.7   -22.3   -21.4   -21.0
   -21.0   -20.7   -20.2   -20.0   -20.3   -20.9   -21.6   -22.4   -23.1   -23.5
   -24.4   -26.3   -28.6   -31.0   -33.0   -34.4   -35.3   -36.1   -36.6   -36.0
   -34.4   -33.3   -32.4   -30.7   -28.9   -28.2   -28.4   -29.0   -29.6   -29.7
   -30.0   -31.4   -33.8   -36.4   -38.5   -39.3   -38.7   -37.2   -35.8   -35.2
   -35.5   -36.2   -36.7   -37.0   -37.0
   -21.9   -21.3   -21.1   -21.4   -22.2   -22.5   -22.2   -21.8   -21.1   -20.4
   -20.8   -22.6   -24.6   -25.6   -25.3   -23.8   -21.9   -20.4   -19.7   -19.8
   -20.1   -20.3   -20.4   -20.5   -20.9   -21.2   -21.6   -22.1   -22.5   -22.6
   -23.1   -24.4   -26.5   -29.2   -31.8   -33.5   -34.2   -34.9   -35.5   -35.7
   -34.9   -33.5   -31.6   -29.3   -27.8   -27.1   -26.7   -26.8   -27.0   -27.0
   -27.0   -27.9   -29.7   -31.3   -32.2   -32.1   -31.6   -31.1   -31.0   -31.6
   -33.0   -34.6   -35.9   -36.6   -36.8
   -18.1   -17.7   -17.6   -17.7   -17.9   -18.0   -18.1   -18.5   -18.6   -18.6
   -19.0   -20.3   -22.2   -23.7   -23.9   -22.8   -21.0   -19.8   -19.3   -19.5
   -19.9   -20.2   -20.5   -20.9   -21.3   -21.4   -21.5   -21.7   -21.8   -21.7
   -21.6   -22.0   -23.4   -26.4   -30.5   -32.9   -33.6   -34.1   -35.0   -35.7
   -35.4   -33.3   -30.5   -28.1   -26.7   -25.8   -25.1   -24.8   -24.8   -24.5
   -24.4   -25.2   -26.5   -27.6   -28.0   -27.9   -27.7   -27.9   -28.4   -29.4
   -31.0   -33.1   -34.8   -36.0   -36.3
   -15.2   -15.1   -15.4   -15.7   -15.8   -15.6   -15.8   -16.7   -17.4   -17.9
   -18.3   -19.1   -20.3   -21.7   -22.2   -21.6   -20.6   -19.8   -19.5   -19.6
   -19.8   -20.1   -20.4   -20.8   -21.1   -21.2   -21.1   -21.1   -21.1   -20.8
   -20.5   -20.1   -20.3   -23.2   -28.6   -31.7   -32.3   -33.1   -34.3   -34.7
   -33.8   -31.2   -28.1   -25.5   -24.1   -23.5   -23.0   -22.8   -22.6   -22.2
   -22.2   -23.1   -24.3   -25.5   -26.1   -26.2   -26.1   -26.2   -26.6   -27.4
   -29.0   -31.2   -33.2   -34.6   -34.9
   -13.3   -13.5   -14.1   -14.5   -14.7   -14.6   -14.8   -15.5   -16.3   -16.9
   -17.2   -17.6   -18.3   -19.2   -19.9   -20.1   -19.9   -19.7   -19.6   -19.6
   -19.8   -20.1   -20.4   -20.4   -20.5   -20.5   -20.5   -20.6   -20.7   -20.6
   -20.4   -20.3   -20.4   -22.6   -26.7   -29.0   -29.7   -31.1   -32.1   -31.8
   -30.5   -27.9   -25.2   -23.4   -22.5   -22.2   -21.9   -21.7   -21.5   -21.1
   -21.0   -21.5   -22.2   -22.9   -23.4   -23.5   -23.5   -23.8   -24.2   -24.9
   -26.2   -28.2   -30.3   -31.8   -32.3
   -12.4   -12.7   -13.4   -13.9   -13.9   -13.8   -13.7   -13.9   -14.2   -14.5
   -14.8   -15.0   -15.3   -16.0   -16.9   -17.9   -18.7   -19.3   -19.5   -19.7
   -19.9   -20.2   -20.3   -19.9   -19.6   -19.6   -19.9   -20.2   -20.5   -20.8
   -21.1   -21.3   -21.6   -22.8   -24.5   -25.4   -26.2   -27.9   -28.7   -28.1
   -27.1   -25.1   -23.4   -22.5   -22.4   -22.3   -21.8   -21.5   -21.4   -21.4
   -21.1   -20.9   -20.9   -21.2   -21.4   -21.0   -20.9   -21.4   -22.1   -22.5
   -23.2   -24.4   -26.0   -27.5   -28.2
   -12.1   -12.4   -13.0   -13.3   -13.4   -13.2   -12.9   -12.9   -13.1   -13.4
   -13.6   -13.7   -13.6   -13.7   -14.3   -15.5   -17.1   -18.6   -19.4   -19.7
   -19.9   -20.1   -19.9   -19.1   -18.5   -18.5   -19.2   -20.0   -20.3   -20.7
   -21.1   -21.8   -22.4   -22.9   -23.1   -23.0   -23.3   -24.3   -24.8   -24.5
   -24.3   -23.7   -22.7   -22.5   -23.0   -22.9   -21.9   -21.4   -22.0   -22.6
   -22.2   -21.1   -20.6   -20.8   -21.0   -20.8   -20.4   -20.6   -20.8   -20.7
   -20.1   -20.0   -20.9   -22.2   -23.2
   -12.1   -12.3   -12.6   -12.7   -12.7   -12.5   -12.3   -12.4   -12.7   -13.1
   -13.4   -13.3   -12.8   -12.4   -12.3   -13.1   -15.5   -18.2   -19.2   -19.4
   -19.6   -19.7   -19.4   -18.0   -17.0   -17.0   -18.1   -19.2   -19.2   -19.2
   -19.6   -20.5   -21.4   -21.8   -21.8   -21.7   -21.7   -21.9   -22.0   -22.0
   -22.4   -22.3   -21.8   -21.6   -22.1   -21.8   -20.8   -20.3   -20.9   -21.7
   -21.4   -20.5   -20.2   -20.5   -20.8   -20.6   -20.4   -20.2   -19.6   -18.3
   -16.4   -15.1   -15.6   -17.0   -18.2
   -12.2   -12.3   -12.3   -12.3   -12.3   -12.3   -12.2   -12.4   -12.7   -13.0
   -13.3   -13.0   -12.2   -11.9   -11.8   -12.2   -13.8   -16.8   -18.7   -19.3
   -19.5   -19.4   -18.9   -17.7   -16.6   -16.0   -15.7   -15.5   -15.9   -16.5
   -17.2   -18.4   -19.4   -20.0   -20.2   -20.3   -20.3   -20.4   -20.6   -20.8
   -21.1   -20.9   -20.2   -19.7   -19.8   -19.8   -19.0   -18.4   -18.6   -19.1
   -19.0   -18.8   -18.9   -18.8   -18.1   -17.4   -17.1   -17.0   -16.2   -14.4
   -12.1   -10.7   -11.3   -12.7   -14.0
   -12.1   -12.1   -12.1   -12.1   -12.2   -12.3   -12.4   -12.6   -12.8   -13.0
   -12.9   -12.2   -11.9   -11.8   -11.8   -11.9   -12.8   -15.4   -17.9   -18.7
   -18.7   -18.0   -16.5   -15.5   -14.7   -13.3   -11.3   -10.6   -12.6   -14.4
   -15.9   -17.0   -17.8   -18.4   -18.7   -19.0   -19.4   -19.8   -19.9   -19.8
   -19.7   -19.3   -18.6   -18.0   -17.8   -17.5   -16.7   -15.9   -15.7   -16.1
   -16.5   -16.8   -16.7   -15.9   -14.4   -13.2   -12.9   -12.5   -11.6   -10.2
    -8.7    -8.0    -8.7    -9.9   -10.9
   -12.1   -12.0   -12.0   -12.1   -12.3   -12.6   -13.0   -13.2   -13.2   -13.1
   -12.4   -11.8   -11.6   -11.7   -11.7   -11.8   -12.2   -13.6   -15.3   -15.6
   -14.8   -13.5   -12.7   -12.5   -12.1   -10.8    -9.3    -9.2   -10.8   -12.7
   -14.3   -15.6   -16.5   -17.3   -17.7   -17.8   -18.5   -19.1   -18.8   -18.1
   -17.6   -17.2   -16.7   -16.3   -15.5   -14.1   -12.6   -11.9   -11.9   -12.6
   -13.6   -14.1   -13.9   -12.8   -11.2    -9.9    -9.2    -8.7    -8.2    -7.6
    -7.1    -6.9    -7.4    -8.3    -8.9
   -12.1   -12.0   -12.1   -12.2   -12.5   -12.9   -13.2   -13.4   -13.3   -12.8
   -11.3   -10.4   -10.4   -11.0   -11.4   -11.5   -11.6   -12.1   -12.9   -12.9
   -12.5   -12.2   -12.0   -11.9   -11.6   -10.4    -9.1    -8.9   -10.0   -11.3
   -12.7   -13.7   -14.4   -15.7   -16.7   -16.5   -16.7   -16.9   -16.1   -14.8
   -14.2   -13.9   -13.5   -13.2   -12.4   -10.1    -8.4    -8.2    -8.6    -9.2
    -9.9   -10.2   -10.2    -9.5    -8.4    -7.5    -7.1    -7.0    -6.9    -6.8
    -6.6    -6.6    -6.9    -7.4    -7.8
   -12.1   -12.1   -12.1   -12.3   -12.6   -13.1   -13.3   -13.3   -13.0   -12.0
    -9.6    -8.7    -8.6    -8.9    -9.6   -10.0   -10.5   -11.1   -11.9   -12.2
   -12.1   -12.0   -11.9   -11.9   -11.5   -10.2    -8.9    -8.7    -9.4   -10.5
   -11.3   -11.2   -10.4   -11.1   -12.2   -12.1   -12.3   -12.5   -11.2    -9.9
    -9.8   -10.1   -10.1   -10.1    -9.9    -8.5    -7.1    -6.7    -6.9    -7.4
    -7.7    -7.8    -7.7    -7.4    -7.0    -6.7    -6.6    -6.6    -6.6    -6.6
    -6.5    -6.5    -6.7    -6.9    -7.1
   -12.1   -12.1   -12.2   -12.3   -12.6   -13.0   -13.0   -12.8   -11.8   -10.2
    -8.7    -8.3    -8.2    -8.3    -8.5    -8.8    -9.1    -9.6   -10.8   -11.6
   -11.7   -11.7   -11.6   -11.3   -10.5    -8.9    -8.0    -8.0    -8.4    -9.3
    -9.6    -8.5    -6.7    -6.1    -6.4    -6.5    -7.1    -7.6    -6.8    -6.0
    -6.3    -6.9    -6.9    -6.9    -7.2    -6.7    -6.1    -5.9    -6.2    -6.7
    -6.9    -6.9    -6.8    -6.8    -6.7    -6.7    -6.6    -6.7    -6.6    -6.6
    -6.5    -6.5    -6.6    -6.7    -6.8
   -12.1   -12.1   -12.1   -12.2   -12.3   -12.4   -12.1   -11.5   -10.3    -9.0
    -8.4    -8.2    -8.2    -8.3    -8.3    -8.4    -8.6    -8.8    -9.3    -9.6
    -9.6    -9.2    -8.7    -7.4    -5.6    -4.1    -3.1    -3.4    -5.3    -6.7
    -7.2    -6.4    -4.7    -3.6    -3.0    -3.0    -3.9    -4.7    -4.7    -4.5
    -4.8    -5.1    -4.8    -4.6    -5.0    -5.3    -5.4    -5.6    -6.0    -6.5
    -6.7    -6.8    -6.8    -6.8    -6.8    -6.7    -6.7    -6.7    -6.6    -6.6
    -6.5    -6.5    -6.5    -6.6    -6.6
   -12.1   -12.1   -12.1   -12.0   -11.8   -11.5   -11.0   -10.4    -9.4    -8.6
    -8.3    -8.3    -8.3    -8.3    -8.3    -8.3    -8.2    -7.6    -7.0    -6.5
    -6.2    -5.9    -5.7    -5.5    -4.7    -2.8    -1.6    -1.5    -2.9    -4.2
    -5.0    -4.9    -3.9    -2.8    -1.8    -1.8    -2.8    -3.9    -4.2    -4.2
    -4.3    -4.5    -4.3    -4.1    -4.6    -5.1    -5.5    -5.7    -6.2    -6.6
    -6.8    -6.9    -6.9    -6.8    -6.8    -6.8    -6.8    -6.7    -6.6    -6.6
    -6.5    -6.5    -6.5    -6.5    -6.6
   -12.1   -12.1   -12.0   -11.8   -11.3   -10.7   -10.1    -9.6    -8.9    -8.5
    -8.3    -8.3    -8.3    -8.3    -8.3    -8.1    -7.6    -6.5    -5.7    -5.3
    -5.2    -5.3    -5.7    -5.9    -5.1    -3.6    -2.3    -1.4    -2.1    -2.8
    -3.3    -3.5    -3.3    -2.8    -2.6    -3.0    -4.0    -4.9    -5.0    -4.8
    -4.8    -4.9    -4.9    -4.9    -5.2    -5.6    -5.9    -6.2    -6.6    -6.8
    -6.9    -6.8    -6.6    -6.4    -6.4    -6.5    -6.5    -6.6    -6.5    -6.5
    -6.5    -6.5    -6.5    -6.5    -6.5
   -12.1   -12.1   -12.0   -11.6   -11.0   -10.2    -9.6    -9.1    -8.7    -8.5
    -8.3    -8.3    -8.3    -8.3    -8.1    -7.8    -7.2    -6.4    -5.9    -5.7
    -5.6    -5.6    -5.8    -5.9    -5.6    -4.5    -3.1    -2.3    -2.2    -2.2
    -2.4    -2.7    -2.9    -3.2    -3.7    -4.5    -5.2    -5.8    -5.8    -5.6
    -5.6    -5.5    -5.4    -5.3    -5.5    -5.7    -5.9    -6.2    -6.5    -6.6
    -6.5    -6.3    -6.1    -5.9    -5.9    -6.0    -6.1    -6.2    -6.3    -6.4
    -6.4    -6.4    -6.5    -6.5    -6.5
   -12.1   -12.1   -11.9   -11.5   -10.7    -9.9    -9.2    -8.8    -8.6    -8.4
    -8.3    -8.3    -8.3    -8.2    -8.0    -7.7    -7.1    -6.7    -6.4    -6.2
    -6.2    -6.1    -6.2    -6.4    -6.2    -5.4    -4.2    -3.1    -2.5    -2.3
    -2.2    -2.2    -2.5    -2.9    -3.6    -4.3    -4.8    -5.2    -5.5    -5.6
    -5.6    -5.6    -5.4    -5.4    -5.4    -5.6    -5.8    -6.0    -6.1    -6.1
    -6.0    -5.8    -5.7    -5.7    -5.8    -5.8    -5.8    -5.8    -5.8    -5.9
    -6.0    -6.2    -6.3    -6.4    -6.5
   -12.1   -12.0   -11.9   -11.4   -10.6    -9.8    -9.1    -8.8    -8.5    -8.4
    -8.3    -8.3    -8.3    -8.2    -8.0    -7.6    -7.2    -6.8    -6.6    -6.5
    -6.4    -6.4    -6.5    -6.6    -6.4    -5.6    -4.5    -3.5    -2.8    -2.3
    -2.2    -2.1    -2.3    -2.8    -3.4    -3.9    -4.3    -4.5    -4.8    -5.1
    -5.3    -5.3    -5.3    -5.3    -5.4    -5.5    -5.7    -5.8    -5.9    -5.8
    -5.7    -5.6    -5.6    -5.7    -5.7    -5.7    -5.6    -5.5    -5.4    -5.3
    -5.5    -5.8    -6.1    -6.4    -6.5
