diamond 4 10年11月27日20时500百帕高度场
10 11 27 20   0   500
  2.000 -2.000  32.0 160.0  80.0  12.0
  65  35  4  400  612  1  0
   526.0   525.7   525.1   524.1   523.3   523.9   525.9   528.7   530.9   532.2
   532.9   532.7   532.2   531.8   531.3   530.8   530.4   529.7   528.3   526.5
   524.6   523.1   522.0   521.1   520.7   520.5   520.8   521.3   521.5   521.2
   520.4   519.7   519.3   519.2   519.4   519.5   519.1   518.2   516.8   515.2
   514.0   513.4   513.3   513.7   514.1   514.6   514.9   515.0   515.1   515.0
   514.9   514.6   513.8   512.3   510.5   509.1   508.3   507.9   507.7   507.8
   507.9   508.0   508.0   508.1   508.2
   526.3   525.9   525.1   523.9   522.8   523.2   525.4   528.5   531.2   533.0
   533.9   533.6   532.6   531.6   530.9   530.2   529.5   528.3   526.7   525.0
   523.5   522.4   521.5   520.7   520.1   519.9   520.2   520.9   521.3   521.1
   520.3   519.6   519.3   519.5   519.8   520.0   519.6   518.5   517.0   515.3
   514.1   513.4   513.3   513.6   514.1   514.6   514.9   515.1   515.2   515.2
   515.0   514.7   513.8   512.2   510.4   508.9   507.9   507.3   507.1   507.2
   507.6   507.9   508.1   508.3   508.5
   527.3   526.7   525.6   523.7   522.0   522.0   524.3   527.9   531.4   534.3
   536.1   535.9   534.1   532.2   530.5   528.8   526.7   524.5   522.7   521.8
   521.7   521.7   521.5   521.0   520.4   520.1   520.1   520.5   520.9   520.7
   520.1   519.6   519.6   520.0   520.5   520.6   520.3   519.2   517.7   516.2
   515.0   514.2   513.7   513.5   513.9   514.5   515.1   515.6   515.7   515.5
   515.1   514.5   513.5   512.0   510.2   508.5   507.0   505.7   505.1   505.5
   506.5   507.6   508.3   508.9   509.3
   528.8   528.8   527.2   524.5   521.9   521.3   523.0   526.5   530.5   534.0
   535.6   535.3   533.7   531.7   529.3   526.2   522.8   520.1   519.0   519.4
   520.5   521.6   522.2   522.2   521.8   521.2   520.9   520.7   520.5   520.0
   519.4   519.1   519.3   519.8   520.1   520.1   519.8   519.3   518.6   518.0
   517.4   516.4   514.9   513.8   513.7   514.3   515.3   515.9   515.8   515.2
   514.5   513.7   512.7   511.4   509.7   508.1   506.7   505.6   505.0   505.2
   506.1   507.4   508.8   510.0   510.6
   529.5   529.7   528.1   525.3   522.5   521.4   522.4   524.8   528.5   531.6
   532.1   530.7   529.0   527.2   524.8   521.5   518.0   515.8   515.7   517.2
   519.4   521.5   523.0   523.5   523.2   522.4   521.5   520.5   519.5   518.6
   518.1   518.1   518.4   518.9   519.1   519.1   518.8   518.3   517.7   517.4
   517.2   516.6   515.3   514.0   513.5   514.1   515.2   515.9   515.6   514.6
   513.3   512.3   511.4   510.4   509.3   508.1   507.2   506.8   506.6   506.6
   507.2   508.5   510.3   511.8   512.6
   527.7   528.2   526.5   523.7   521.1   519.7   519.9   520.8   522.7   524.6
   524.3   522.8   521.1   519.7   518.5   517.1   515.5   514.3   514.3   515.7
   518.0   520.7   522.9   524.0   523.9   522.8   521.1   519.4   518.1   517.3
   516.9   516.6   516.7   517.1   517.5   517.8   517.6   516.8   515.7   515.0
   515.0   514.9   514.3   513.5   513.2   513.6   514.4   514.9   514.6   513.4
   511.9   510.9   510.3   509.6   508.7   508.1   508.1   508.5   508.8   509.1
   510.0   511.5   513.1   514.4   515.1
   523.9   523.0   522.0   520.7   519.1   517.8   517.1   517.1   518.0   519.1
   519.1   518.1   516.8   515.9   515.8   516.2   516.4   516.1   515.8   516.3
   517.7   519.8   521.8   522.8   522.5   521.2   519.4   518.1   517.2   516.6
   515.6   514.5   513.7   513.6   514.2   515.1   515.4   514.7   513.2   512.2
   512.1   512.3   512.4   512.1   511.9   512.1   512.3   512.4   512.3   511.6
   510.6   510.0   509.6   508.5   507.2   506.7   507.5   509.1   510.8   512.5
   514.2   515.7   516.7   517.5   518.1
   521.7   521.2   520.8   520.1   518.9   517.3   515.5   514.9   516.1   517.7
   518.2   517.9   517.3   517.0   517.4   518.2   518.9   518.9   518.6   518.6
   519.3   520.5   521.3   521.3   520.4   518.9   517.5   516.7   516.3   515.4
   514.2   512.7   511.8   511.6   511.7   512.0   512.3   512.0   511.4   510.9
   510.8   511.0   511.5   511.4   510.9   510.4   510.0   509.7   509.6   509.4
   509.3   509.3   509.0   507.9   506.7   506.5   507.8   510.1   513.0   515.6
   517.5   518.8   519.6   520.5   521.2
   521.6   521.3   521.3   521.4   520.7   519.3   517.7   517.3   518.5   519.6
   519.7   519.3   519.2   519.5   519.8   520.1   520.6   520.9   520.7   520.7
   521.3   522.3   522.8   522.6   521.6   519.7   517.6   516.1   515.1   514.2
   513.3   512.4   511.6   511.1   510.9   510.9   511.0   511.0   510.9   511.2
   511.6   512.0   512.3   512.0   511.5   510.7   509.8   508.9   508.6   508.6
   508.8   509.2   509.3   508.7   508.0   508.2   509.5   512.0   515.0   517.5
   519.0   520.4   521.9   523.5   524.5
   522.3   522.0   522.1   522.5   522.2   521.6   521.3   521.6   522.2   522.5
   522.1   521.5   521.2   521.6   522.1   522.3   522.3   521.9   521.4   521.5
   522.6   524.2   525.1   525.0   524.3   523.0   521.0   518.9   517.2   516.2
   515.3   514.0   512.6   511.5   511.2   511.2   511.1   510.7   510.4   510.5
   511.2   511.9   512.2   512.1   511.9   511.6   510.9   510.2   509.9   510.0
   510.4   511.1   511.9   512.0   511.7   511.9   513.1   515.1   517.6   519.4
   520.4   521.7   524.0   526.4   527.9
   522.5   522.1   521.7   522.0   522.2   522.8   524.2   525.5   526.0   526.0
   525.7   525.3   524.4   524.1   524.6   525.0   524.8   523.9   523.3   523.4
   524.0   525.5   527.0   527.5   527.2   526.6   525.6   524.0   522.0   520.8
   519.4   517.2   514.8   513.3   512.6   512.3   511.7   510.6   509.5   508.9
   509.3   510.3   511.2   511.7   512.0   511.8   511.2   510.8   511.0   511.6
   512.2   513.2   514.5   515.2   515.5   516.0   516.6   517.2   518.0   519.1
   520.2   522.3   525.8   529.4   531.4
   522.9   521.9   521.3   521.6   522.8   524.6   527.6   530.6   532.3   532.7
   532.4   532.0   531.3   530.2   529.6   529.4   528.7   527.4   526.2   525.4
   524.6   525.6   527.8   529.3   530.1   530.5   530.5   529.6   528.2   527.5
   526.1   522.6   518.2   515.7   514.8   514.1   512.8   510.7   508.7   507.5
   507.6   508.5   509.8   511.1   512.0   512.0   511.2   510.8   511.2   512.0
   512.8   513.7   514.8   515.8   516.5   517.0   517.1   516.8   516.8   517.4
   518.9   522.4   527.6   532.3   534.6
   524.3   523.6   523.2   523.7   525.4   527.5   530.4   533.3   535.6   537.2
   538.0   538.4   538.3   538.0   537.5   536.8   535.3   533.3   531.2   529.4
   528.0   529.3   532.3   534.0   534.7   535.4   535.7   535.0   533.8   533.1
   531.9   528.5   523.7   520.1   518.0   516.5   514.8   512.0   509.3   507.4
   506.6   507.1   508.6   510.7   512.3   512.8   512.1   511.8   511.9   512.2
   512.6   513.3   514.4   515.9   517.2   517.9   517.9   517.6   517.3   517.9
   520.4   525.0   530.5   535.1   537.3
   527.5   527.5   527.6   528.2   530.4   532.4   533.6   535.3   537.7   540.1
   541.7   542.3   542.7   543.3   543.7   543.3   542.1   540.4   538.7   537.1
   536.3   538.1   541.0   542.0   541.6   542.0   542.4   542.1   541.2   540.1
   538.6   536.1   532.1   527.5   523.0   519.5   516.6   513.7   511.2   509.1
   507.6   507.1   508.1   510.1   512.2   513.3   513.3   513.1   513.0   513.0
   513.3   514.2   515.7   517.8   520.0   521.2   521.2   521.1   521.4   522.9
   526.3   530.9   534.7   537.7   539.4
   531.4   531.8   532.4   533.8   536.7   537.8   536.9   537.4   539.9   543.5
   546.1   547.2   547.9   548.5   549.0   549.2   548.6   547.8   547.7   548.4
   549.2   550.4   551.8   551.9   550.7   549.9   549.7   549.4   548.2   546.3
   544.2   542.0   539.0   534.4   529.2   524.4   520.3   516.4   513.1   511.2
   510.3   509.6   509.1   509.7   511.0   512.2   512.4   512.4   512.6   513.2
   514.4   516.4   518.8   521.3   523.2   524.1   524.5   525.0   525.9   528.1
   531.8   535.7   538.2   539.9   540.9
   536.5   536.9   537.9   539.2   541.6   543.0   542.9   543.5   545.7   549.3
   551.6   552.4   553.3   554.0   554.3   554.6   554.5   554.2   554.7   555.8
   556.9   557.9   559.3   560.4   560.0   559.2   558.4   557.0   554.8   552.2
   549.7   547.7   545.3   541.3   536.3   531.6   527.4   522.9   518.3   514.9
   513.6   512.1   510.8   510.4   510.9   511.5   511.4   511.1   511.5   512.7
   514.9   518.2   521.6   524.7   526.8   527.9   528.5   529.1   530.0   531.8
   534.8   538.0   539.8   540.9   541.6
   543.2   543.6   544.2   544.5   545.9   548.2   550.5   552.5   554.3   556.0
   556.7   557.1   558.0   558.6   558.8   559.3   559.9   560.1   560.5   561.3
   562.2   562.5   562.8   563.6   563.9   563.8   563.1   561.7   559.4   556.9
   554.8   553.0   550.8   547.5   543.4   539.0   534.8   531.0   526.5   522.3
   519.3   516.4   513.7   512.1   511.6   511.7   511.4   510.8   511.2   512.7
   515.3   519.2   523.5   527.4   530.0   531.1   531.6   532.1   532.7   533.6
   535.5   537.9   539.7   540.9   541.6
   551.5   552.5   553.1   553.1   553.7   555.1   557.1   558.8   559.9   560.7
   561.1   561.2   560.9   560.5   561.0   562.5   564.3   565.4   566.0   566.5
   566.7   566.0   565.0   565.2   565.9   566.1   565.8   564.6   562.6   560.5
   558.8   557.7   556.6   554.8   552.0   547.8   543.1   539.3   535.9   532.5
   529.3   525.4   521.2   517.5   514.5   512.9   512.1   511.4   511.5   512.7
   515.1   519.4   524.5   529.4   532.5   533.8   534.4   534.8   534.8   534.8
   535.6   537.4   539.3   540.9   541.8
   558.4   559.6   560.0   560.5   561.2   561.2   561.6   562.6   563.5   564.0
   564.3   564.5   564.3   564.0   564.4   565.9   567.7   569.0   569.8   570.0
   569.5   568.1   566.3   566.1   566.8   567.3   567.2   566.3   565.0   563.9
   562.8   561.8   560.7   559.6   557.9   554.7   550.2   546.1   542.8   539.9
   537.0   533.5   529.6   525.7   521.7   518.1   515.5   513.6   513.0   513.8
   515.9   520.4   526.2   531.7   534.8   535.8   536.3   536.8   536.9   536.5
   536.8   538.1   540.1   541.9   543.2
   563.7   564.1   564.7   565.7   566.6   566.4   566.1   566.6   566.8   566.1
   565.5   565.8   566.8   567.8   568.7   569.6   570.3   570.8   571.1   570.8
   570.0   568.5   566.9   566.9   567.7   568.0   568.1   567.7   567.1   566.7
   565.9   565.0   564.0   563.1   561.8   559.5   555.8   551.6   548.0   545.3
   543.0   540.3   537.2   533.8   530.2   526.8   523.3   519.5   516.8   517.2
   519.9   525.7   532.3   536.9   538.7   539.1   539.1   539.3   539.3   539.1
   539.5   540.8   543.1   545.3   546.8
   568.7   569.3   569.7   570.1   570.6   570.8   571.5   572.4   572.4   571.1
   569.8   569.6   570.2   570.8   571.1   571.3   571.4   571.4   571.2   570.5
   569.3   567.7   566.8   567.3   568.0   568.3   568.4   568.4   568.2   568.2
   568.0   567.4   566.7   565.8   564.6   563.2   560.9   557.1   553.5   550.7
   548.5   546.3   543.8   541.1   538.6   536.2   533.9   529.4   525.7   526.3
   530.2   536.1   540.9   542.7   542.9   542.6   542.4   542.3   542.4   542.8
   544.0   546.2   549.3   551.8   553.0
   573.6   574.2   574.4   574.2   574.1   574.6   575.7   576.4   575.8   574.2
   572.6   572.2   572.5   572.6   572.7   572.7   572.5   572.1   571.1   569.7
   568.4   567.5   567.6   568.3   568.6   568.4   568.2   568.0   568.3   568.9
   569.0   568.9   568.7   568.1   566.8   565.7   564.4   562.0   559.7   557.7
   555.8   554.0   551.7   549.1   546.8   545.2   543.6   541.7   541.5   543.5
   545.0   546.1   547.3   548.1   548.4   547.9   547.0   546.5   547.0   548.5
   551.7   555.6   559.0   560.9   561.2
   577.3   578.1   578.4   578.0   577.8   578.2   579.1   578.7   577.1   575.0
   573.2   573.1   574.1   574.4   574.4   574.4   574.1   573.2   571.4   569.4
   567.9   567.8   568.7   569.8   569.7   569.1   568.4   567.8   568.8   569.4
   569.6   569.8   570.2   569.9   568.8   567.7   566.7   565.2   564.2   563.3
   561.8   560.5   559.1   557.1   555.0   553.1   551.7   550.8   551.6   553.5
   554.5   554.6   554.3   554.4   555.1   555.3   554.7   554.1   554.7   557.7
   562.9   568.0   570.3   570.5   569.7
   579.6   580.2   580.5   580.3   579.8   579.6   579.6   578.9   577.4   575.5
   574.6   574.8   574.7   575.1   575.5   575.6   575.1   574.1   572.8   571.5
   570.7   570.0   570.1   570.5   570.6   570.4   570.3   570.3   571.0   571.5
   571.4   571.2   571.1   571.1   570.9   570.2   569.3   568.2   567.4   566.8
   565.6   564.4   563.9   563.2   561.7   559.8   558.4   558.1   558.8   560.1
   560.8   560.8   560.1   559.8   560.4   561.1   561.5   561.9   563.9   568.6
   574.8   579.3   579.9   578.4   577.0
   580.7   581.0   581.0   580.8   580.4   580.0   579.7   578.9   577.6   576.7
   576.4   576.5   575.9   575.7   575.6   575.8   575.6   575.1   574.6   574.4
   574.1   573.2   572.7   572.6   572.2   572.3   572.8   572.7   573.5   574.3
   574.2   573.4   573.2   573.1   572.8   572.0   570.9   570.3   570.1   569.9
   569.0   568.0   567.8   567.7   566.9   565.3   563.9   563.7   564.1   564.6
   564.6   564.5   564.0   564.2   565.1   566.6   568.5   570.5   573.5   578.2
   583.1   585.8   585.3   583.6   582.2
   581.0   581.0   580.9   580.8   580.6   580.3   579.5   578.9   578.3   577.9
   577.9   577.7   577.4   577.1   577.0   576.9   576.6   576.1   575.5   575.1
   574.7   574.2   574.0   574.1   574.3   574.8   574.9   574.7   575.2   575.8
   575.4   574.4   574.4   574.7   574.3   573.1   571.6   571.3   571.9   572.3
   571.8   571.2   571.3   571.6   571.4   570.5   569.7   569.4   569.2   569.0
   568.5   568.0   567.9   568.9   571.4   574.3   576.8   578.5   580.6   583.6
   586.5   587.8   587.5   586.5   585.7
   581.1   581.0   580.9   580.8   580.8   580.9   580.6   580.3   580.0   579.6
   579.1   578.6   578.5   578.4   578.2   577.9   577.2   576.9   576.6   576.3
   576.0   575.5   575.4   575.5   575.8   576.3   576.8   576.8   576.8   577.0
   576.3   575.1   575.4   576.5   576.7   575.8   574.3   573.7   573.9   574.3
   574.5   574.9   575.1   575.1   575.1   575.1   575.0   574.3   573.2   573.5
   574.4   574.8   574.7   575.7   577.7   579.6   580.8   581.9   583.6   586.0
   587.9   588.6   588.6   588.2   587.7
   581.1   581.1   581.0   580.7   580.3   580.0   581.0   581.3   581.3   581.1
   580.3   579.0   578.7   578.7   578.5   577.7   578.4   580.7   582.7   582.7
   580.4   577.6   576.4   576.4   576.7   577.3   577.8   577.9   577.8   577.6
   577.4   577.6   578.9   579.9   579.8   579.1   577.9   576.8   576.7   577.3
   578.0   578.8   578.8   578.1   578.1   579.1   580.0   579.4   577.7   577.6
   578.7   579.4   579.6   580.2   581.1   581.9   582.6   583.7   585.5   587.6
   589.0   589.4   589.4   589.2   588.9
   581.1   581.0   580.9   580.6   580.0   579.4   579.6   580.5   581.1   580.9
   579.3   578.1   577.5   577.3   577.5   578.9   583.2   589.2   592.9   593.6
   592.6   588.9   582.4   578.2   578.0   580.3   581.3   579.3   578.3   578.0
   578.5   580.0   581.8   582.6   582.3   582.0   581.3   580.3   580.2   580.8
   581.3   581.6   581.4   580.8   580.8   581.6   582.2   581.8   581.0   581.0
   581.3   581.5   581.7   582.1   582.6   583.1   583.9   585.0   587.0   588.9
   589.9   590.1   590.0   589.8   589.6
   581.0   581.0   580.9   580.5   579.9   579.3   579.1   579.2   579.3   579.2
   578.7   578.1   577.5   577.5   579.0   583.4   589.7   594.3   596.4   596.1
   595.6   594.8   592.6   587.1   584.2   583.8   583.2   581.6   579.8   579.0
   579.6   581.4   583.4   584.2   584.1   584.1   583.9   583.4   583.6   583.9
   583.8   583.5   583.2   582.9   582.8   583.1   583.3   583.0   582.7   582.6
   582.5   582.2   582.0   582.1   582.4   583.0   583.7   584.9   587.0   589.1
   590.3   590.5   590.4   590.1   590.0
   581.0   581.0   580.9   580.5   579.9   579.3   579.0   579.0   579.0   579.0
   578.7   578.2   577.9   579.1   583.5   590.1   594.3   595.8   596.5   596.3
   596.0   595.8   594.4   588.8   584.9   584.0   583.3   582.6   581.5   580.6
   580.6   581.9   583.7   584.9   585.3   585.5   585.6   585.5   585.6   585.7
   585.6   585.2   584.7   584.3   584.0   584.0   584.0   583.6   583.0   582.4
   581.9   581.6   581.7   581.9   582.2   582.4   583.0   584.5   586.9   589.0
   590.2   590.5   590.4   590.2   590.1
   581.0   581.0   580.9   580.5   579.9   579.3   579.0   579.0   579.0   579.0
   578.8   578.5   579.2   582.7   588.6   593.7   595.7   596.3   597.2   596.9
   596.2   595.8   593.5   586.6   584.2   584.0   584.0   583.6   583.0   582.5
   582.5   583.2   584.2   585.1   585.8   586.1   586.4   586.3   586.1   586.0
   586.4   586.5   586.2   585.7   585.4   585.4   585.3   584.6   583.4   582.3
   582.0   582.5   583.5   584.2   584.2   583.9   584.1   585.2   587.1   588.9
   589.8   590.1   590.2   590.2   590.1
   581.0   581.0   580.9   580.5   580.0   579.4   579.1   579.0   579.0   578.9
   579.0   579.6   581.6   585.5   590.2   593.8   595.5   596.2   596.6   596.3
   595.4   593.4   589.9   585.9   584.1   584.0   584.1   584.2   584.4   584.7
   585.2   585.5   585.5   585.4   585.6   586.1   586.5   586.7   586.6   586.7
   587.1   587.3   587.3   587.3   587.7   588.3   588.6   588.0   586.5   585.1
   584.8   585.6   586.6   587.2   587.2   586.8   586.4   586.8   587.9   589.0
   589.7   590.0   590.0   590.1   590.1
   581.0   581.0   580.9   580.5   580.0   579.5   579.1   579.0   579.0   579.0
   579.2   580.3   582.9   586.9   591.1   593.9   595.1   595.3   595.1   594.5
   593.0   590.1   586.5   584.2   583.7   584.0   584.2   584.5   584.9   585.5
   585.8   585.8   585.6   585.6   585.9   586.5   587.0   587.1   587.1   587.1
   587.5   587.7   587.8   588.1   588.7   589.4   589.8   589.6   588.8   587.9
   587.6   588.2   588.9   589.3   589.3   588.8   588.2   588.0   588.4   589.0
   589.5   589.7   589.9   590.0   590.0
   581.0   581.0   580.8   580.5   580.0   579.5   579.2   579.0   579.0   579.1
   579.4   580.7   583.4   587.3   591.1   593.6   594.5   594.4   593.8   592.8
   590.9   588.0   585.1   583.6   583.6   583.9   584.2   584.5   584.9   585.3
   585.4   585.4   585.3   585.5   586.0   586.6   587.0   587.2   587.1   587.2
   587.5   587.7   588.0   588.3   588.8   589.3   589.6   589.5   589.1   588.4
   588.1   588.5   588.9   589.3   589.3   589.0   588.4   588.1   588.3   588.7
   589.1   589.5   589.7   589.9   590.0
