diamond 4 10年11月30日08时500百帕高度场
10 11 30 08   0   500
  2.000 -2.000  32.0 160.0  80.0  12.0
  65  35  4  400  612  1  0
   529.9   529.5   528.4   526.4   524.1   522.5   522.0   522.1   522.1   521.8
   521.2   519.8   518.0   516.4   516.3   516.1   515.7   514.7   513.9   513.2
   512.7   512.4   512.7   513.3   513.9   514.2   513.9   513.0   512.2   511.9
   511.8   511.7   511.7   511.7   511.6   510.9   510.3   510.2   510.7   511.2
   511.1   510.7   510.1   509.5   509.1   508.9   508.8   508.5   507.7   506.5
   505.4   504.8   504.9   505.0   504.7   504.5   504.7   505.3   506.0   506.6
   507.4   508.7   510.5   512.0   512.6
   530.3   529.8   528.6   526.4   523.9   522.3   522.1   522.7   523.3   523.5
   523.3   522.3   520.2   518.8   518.2   517.6   516.3   515.0   513.9   513.2
   512.7   512.5   513.1   514.1   515.1   515.4   514.8   513.6   512.5   511.9
   511.7   511.6   511.7   512.0   512.2   512.0   511.7   511.6   511.7   511.5
   510.9   510.2   509.6   509.2   508.9   508.9   508.9   508.8   508.1   506.8
   505.4   504.6   504.5   504.5   504.0   503.8   504.1   504.7   505.4   506.1
   507.0   508.5   510.4   511.9   512.5
   531.1   530.6   529.1   526.5   523.7   522.1   522.3   523.6   525.3   526.9
   527.7   526.8   524.4   521.8   519.9   517.9   516.0   514.5   513.7   513.2
   512.7   512.7   513.4   514.7   515.7   515.7   514.8   513.6   512.6   511.9
   511.4   511.2   511.4   512.0   512.9   513.5   513.7   513.7   512.9   511.3
   509.7   508.7   508.4   508.3   508.4   508.6   509.1   509.3   509.0   508.0
   506.3   504.6   503.6   503.0   502.4   502.3   502.6   503.0   503.3   504.2
   505.9   508.0   510.1   511.6   512.0
   532.3   532.2   530.5   527.4   524.1   522.3   522.4   523.7   525.6   527.3
   528.1   527.5   525.6   523.3   520.7   517.8   515.2   513.6   513.1   513.0
   512.6   512.1   512.0   512.7   513.1   512.8   512.2   511.9   511.8   511.6
   511.2   510.8   510.7   510.9   511.4   511.8   512.3   512.5   511.3   508.9
   507.0   506.4   506.9   507.3   507.6   508.0   508.8   509.4   509.4   508.6
   506.9   504.6   502.7   501.6   501.2   501.8   502.7   503.3   503.5   504.1
   505.6   507.8   509.9   511.3   511.6
   532.4   532.1   530.6   527.7   524.9   523.3   523.1   523.4   524.1   524.8
   524.8   523.8   522.6   521.0   518.8   516.0   513.2   511.5   511.4   512.0
   512.3   511.5   510.4   509.9   509.6   509.4   509.4   510.1   510.9   511.3
   511.2   510.7   510.2   509.9   509.9   510.1   510.3   510.2   509.1   507.3
   506.1   505.8   506.1   506.4   506.4   506.7   507.8   509.0   509.3   508.7
   507.2   505.3   503.5   502.4   502.3   503.2   504.3   505.1   505.4   505.8
   506.9   508.7   510.7   511.9   512.2
   531.2   530.7   529.0   526.2   523.4   521.9   521.5   521.1   521.0   521.0
   520.3   519.2   517.8   516.4   515.0   513.6   512.1   511.2   511.1   511.7
   512.2   511.8   510.4   509.1   508.2   508.1   508.8   509.9   510.8   511.1
   511.1   510.6   509.9   509.1   508.8   508.8   508.9   508.9   508.3   507.6
   507.0   506.7   506.4   506.1   505.7   505.6   506.5   507.7   508.5   508.1
   506.9   506.0   505.7   506.2   507.1   507.8   507.9   507.7   507.8   508.6
   510.1   512.0   513.5   514.1   514.2
   529.5   528.8   527.0   524.1   521.6   520.1   519.2   518.5   518.4   518.6
   518.4   517.2   515.4   513.8   513.2   513.3   513.0   512.6   512.4   512.5
   512.5   512.0   511.1   510.3   510.0   510.2   510.7   511.1   511.3   511.5
   511.4   510.9   509.9   509.0   508.6   508.4   508.4   508.4   508.4   508.4
   508.3   508.1   507.8   507.1   506.3   505.3   505.1   505.8   506.9   507.2
   506.9   507.0   507.8   509.9   512.5   513.7   513.1   511.7   511.6   513.4
   516.0   517.8   517.8   517.3   516.7
   527.5   526.8   524.9   522.4   520.2   518.8   517.4   516.7   517.5   518.6
   518.7   517.6   516.2   515.5   515.6   515.7   515.2   514.6   514.2   513.8
   513.0   511.5   510.1   509.4   509.4   510.0   510.9   511.6   511.9   512.1
   512.1   511.5   510.2   509.2   509.2   509.5   509.6   509.5   509.5   509.9
   510.1   510.0   509.9   509.6   508.6   506.7   505.0   504.6   505.6   506.4
   507.0   507.8   509.3   512.0   515.2   517.3   517.6   517.2   517.8   520.3
   522.8   523.2   521.3   519.4   518.6
   526.5   525.1   523.3   521.0   519.9   519.1   517.9   517.8   519.5   521.3
   521.4   520.0   518.8   518.7   519.0   518.9   517.9   516.9   516.3   515.3
   513.4   511.1   509.5   508.6   508.2   508.4   509.8   511.5   512.5   512.9
   513.0   512.3   510.9   509.7   509.9   510.7   511.0   510.6   510.4   511.4
   512.2   512.1   511.7   511.1   510.3   509.0   507.5   506.5   506.6   507.0
   507.7   508.7   510.3   512.9   515.5   516.9   517.7   518.2   519.0   520.4
   521.7   522.1   521.0   519.8   519.5
   526.6   526.5   524.1   520.7   519.2   518.9   518.6   518.7   519.5   520.1
   520.2   519.6   519.2   519.7   520.6   521.0   520.6   520.0   519.0   517.1
   514.1   511.0   509.2   508.1   507.0   506.3   507.4   510.0   512.4   513.8
   514.4   514.2   513.0   511.8   511.8   512.5   511.8   509.6   508.4   510.1
   512.4   513.3   513.1   512.7   512.0   511.2   510.3   509.9   510.0   510.2
   510.5   510.5   511.1   512.8   514.6   515.7   516.3   516.7   517.3   518.0
   518.4   518.8   519.3   519.7   519.9
   526.3   525.3   523.9   521.4   519.7   519.4   520.2   521.3   521.2   519.7
   518.9   517.8   517.3   518.6   520.6   521.8   522.0   521.7   520.3   517.7
   513.9   510.5   508.7   507.9   506.9   506.3   507.1   509.6   512.7   515.1
   516.5   517.1   516.7   515.4   514.2   513.0   511.1   508.2   506.7   507.9
   509.9   511.0   511.5   512.0   512.1   511.8   511.0   511.0   511.8   512.7
   512.6   511.4   510.7   511.2   512.5   513.5   513.9   513.8   513.8   514.5
   515.3   516.3   518.0   519.5   520.2
   526.6   526.6   526.2   525.1   524.0   523.8   526.2   528.7   528.5   526.1
   523.7   521.2   519.9   520.7   521.9   522.5   522.4   521.9   520.5   517.4
   512.6   509.1   507.6   507.2   507.2   507.9   509.3   511.4   514.6   517.6
   519.7   521.0   521.3   520.8   519.0   516.2   512.7   509.0   506.9   506.6
   507.1   507.4   507.3   507.6   508.5   509.6   509.8   509.8   510.3   511.3
   511.3   510.3   509.6   509.7   510.1   510.7   510.9   510.7   510.4   510.8
   512.0   514.2   517.1   519.4   520.6
   527.9   528.7   529.6   530.2   530.1   530.2   532.2   534.2   534.8   533.9
   532.1   529.0   526.9   526.4   526.0   525.2   523.7   522.1   519.9   516.2
   511.5   509.1   508.9   509.0   509.7   511.7   513.6   515.4   517.9   520.9
   523.3   524.9   526.0   526.3   525.3   522.7   518.6   513.1   508.9   506.9
   506.0   504.9   503.7   502.7   502.9   504.5   506.5   507.5   507.9   508.4
   508.6   508.5   508.6   508.9   509.2   509.2   509.1   509.5   510.0   510.9
   512.8   515.5   517.8   519.8   521.3
   529.1   530.7   532.6   534.1   535.3   536.8   539.2   540.9   542.3   543.2
   542.7   540.7   538.6   536.4   533.2   530.0   527.1   524.3   520.7   516.5
   512.8   512.2   513.1   513.5   513.8   515.6   518.0   520.6   523.8   527.2
   529.3   530.1   530.7   531.3   530.8   529.2   525.9   520.8   515.9   511.4
   507.3   504.8   503.4   501.9   501.3   502.6   505.1   506.4   506.9   507.4
   507.6   508.0   508.8   510.0   510.5   509.8   508.6   509.0   510.6   513.1
   516.0   518.4   519.4   520.8   522.4
   531.0   532.6   535.0   537.3   539.4   542.3   545.5   547.3   548.3   549.3
   549.9   549.3   547.7   544.6   540.2   535.8   532.9   530.7   527.5   523.7
   520.7   519.6   520.0   520.4   520.6   521.9   524.8   528.6   532.0   535.0
   536.3   536.6   537.0   537.4   536.8   535.3   532.9   529.1   524.7   519.6
   514.0   510.7   509.7   508.0   506.2   506.2   507.9   508.4   508.0   508.2
   508.6   509.3   510.6   511.7   511.3   509.5   507.6   508.2   510.9   514.6
   518.3   520.7   521.2   522.2   523.5
   533.8   535.9   538.7   541.5   544.3   547.8   551.3   553.8   555.3   556.1
   556.4   555.8   554.4   552.0   547.8   543.1   540.6   539.7   537.2   533.0
   529.4   527.8   528.1   529.3   531.0   533.6   537.3   540.8   542.5   543.4
   543.4   543.0   543.5   544.4   544.0   542.5   540.1   536.9   533.1   528.3
   522.6   518.7   517.3   516.2   515.1   514.7   514.8   513.9   512.8   512.3
   512.1   511.9   512.3   512.4   511.5   510.1   509.2   509.9   512.5   515.8
   518.9   521.1   522.1   523.1   524.1
   538.5   540.2   543.3   545.9   549.0   553.1   556.3   558.2   559.6   560.3
   560.2   559.6   558.9   557.2   553.9   549.9   548.2   548.2   546.6   542.4
   538.0   536.2   537.6   540.2   542.6   544.3   546.3   548.8   550.2   550.5
   549.8   548.9   549.0   550.0   550.3   548.9   546.3   543.2   540.3   536.7
   531.9   527.6   524.8   523.0   521.8   521.2   520.7   519.5   518.4   517.4
   516.4   515.5   515.3   515.5   515.3   515.1   514.3   514.1   515.0   517.0
   519.1   521.0   522.3   523.4   524.3
   546.0   548.3   551.7   554.1   556.7   560.5   563.0   563.5   563.7   564.0
   563.7   562.9   561.6   559.5   556.5   553.6   552.4   553.4   554.2   552.4
   549.2   548.3   550.4   552.8   554.3   554.9   555.6   556.9   557.9   557.7
   556.5   555.4   555.1   555.7   556.0   554.9   552.2   549.3   546.7   544.1
   540.6   536.6   533.3   530.6   528.6   527.6   526.9   525.6   524.1   522.8
   521.5   520.5   519.9   519.2   518.7   518.3   517.7   517.1   517.4   518.4
   519.9   521.4   522.9   524.0   525.0
   557.4   560.2   562.9   564.2   565.4   567.5   568.6   568.0   567.4   567.2
   566.9   566.4   565.3   563.8   562.1   560.6   560.1   561.2   562.9   563.3
   562.1   561.1   561.2   561.7   562.4   562.5   562.5   563.0   563.4   562.7
   561.6   560.8   560.9   561.5   561.4   560.2   557.8   555.2   552.8   550.1
   547.1   543.7   540.7   538.6   536.8   535.3   533.6   531.8   530.3   528.8
   527.4   526.3   525.9   525.5   524.9   524.2   523.3   522.8   522.7   523.0
   523.6   524.3   525.4   526.4   527.5
   567.0   569.2   570.0   571.0   571.3   570.8   569.7   568.7   568.5   568.6
   568.8   568.9   568.4   567.8   567.4   567.1   567.1   567.9   569.3   570.0
   569.5   568.4   567.9   567.8   567.7   567.0   566.2   566.0   566.2   565.9
   565.3   564.7   564.5   564.3   563.9   562.7   560.9   558.7   556.5   554.2
   552.1   549.8   547.6   545.7   543.8   542.0   540.1   538.1   536.4   535.4
   534.6   534.4   535.0   534.9   534.5   533.9   533.1   532.4   531.8   531.5
   531.1   530.9   531.4   532.1   533.0
   573.3   573.9   574.4   574.9   574.2   572.0   570.2   569.5   569.9   570.5
   571.0   571.2   570.9   570.3   570.0   569.9   570.0   570.4   571.1   572.0
   572.5   572.1   571.5   570.9   570.2   569.2   568.2   567.6   567.6   567.7
   567.5   567.2   566.8   566.2   565.4   564.4   563.2   561.6   559.6   557.7
   556.2   554.6   552.9   551.1   549.5   547.9   546.8   545.3   543.8   543.1
   543.8   545.3   546.0   544.4   542.4   541.6   541.1   540.3   539.8   539.8
   540.1   540.6   541.2   541.6   541.8
   577.4   577.6   577.8   577.5   575.8   573.8   573.0   573.6   574.3   574.6
   574.4   573.9   573.4   572.9   572.6   572.4   572.3   571.9   571.5   571.6
   572.7   573.2   573.2   572.8   572.1   571.0   569.8   569.0   568.9   569.1
   569.0   568.5   568.2   567.7   566.7   565.7   565.2   564.4   563.2   561.7
   560.2   558.9   557.3   555.6   554.1   552.9   552.1   551.6   551.0   551.2
   551.6   552.1   552.2   551.4   550.3   549.2   548.1   547.3   547.3   548.5
   550.9   553.4   554.4   553.9   553.0
   580.5   580.9   580.7   580.0   578.5   577.2   577.5   578.7   578.3   577.1
   576.4   575.9   575.8   575.7   575.4   575.2   575.0   574.1   572.4   571.5
   573.2   574.3   574.5   574.7   573.9   572.6   571.0   569.8   570.1   570.5
   570.2   569.5   569.1   568.9   568.2   567.6   567.4   566.9   566.2   565.3
   564.0   562.8   561.5   560.0   558.9   557.6   555.9   555.1   555.9   557.4
   558.3   558.4   557.6   557.5   558.5   559.2   558.5   557.2   557.0   559.3
   564.0   567.9   568.3   566.4   564.4
   581.8   582.0   582.0   581.7   581.3   581.3   581.4   581.6   580.2   579.1
   578.5   578.2   577.9   577.8   577.8   577.6   576.8   575.6   574.9   573.6
   573.5   574.8   575.1   575.2   574.9   573.9   572.6   571.0   571.4   572.0
   571.9   571.2   570.7   570.6   570.3   570.1   569.9   569.1   568.2   567.6
   566.8   566.0   565.2   564.6   564.3   563.6   562.0   560.4   561.1   562.9
   564.2   564.5   563.2   562.6   564.1   565.5   565.6   565.3   566.5   570.6
   576.3   580.0   579.3   576.4   574.0
   581.9   582.0   582.0   582.1   582.2   582.6   583.3   583.4   582.6   581.3
   580.5   580.0   579.3   578.7   578.3   578.0   576.6   576.8   577.1   575.6
   574.5   574.4   574.2   573.5   572.1   570.7   570.6   570.6   571.8   572.8
   573.0   572.7   572.6   572.2   571.6   571.4   571.2   570.7   570.2   569.9
   569.2   568.4   568.2   568.2   568.5   569.0   568.4   566.6   566.5   567.5
   568.3   568.7   568.0   567.8   568.9   570.5   571.7   573.1   575.6   579.8
   584.4   586.7   585.6   583.0   580.9
   581.8   581.9   581.9   582.1   582.6   583.3   583.8   583.5   583.0   582.2
   581.3   580.5   579.9   579.3   578.5   577.3   575.3   575.0   574.7   573.6
   574.5   574.7   574.4   573.4   570.0   567.2   569.9   571.2   572.0   572.8
   572.9   572.8   573.1   573.3   572.8   572.2   571.6   571.2   571.2   571.2
   570.4   569.8   570.3   571.0   571.5   572.2   572.3   571.2   570.7   571.2
   571.8   571.9   571.8   572.3   574.1   576.4   578.3   579.8   581.8   584.9
   587.7   589.0   588.3   586.8   585.4
   581.8   581.8   581.9   582.1   582.6   583.3   583.5   583.3   583.0   582.4
   581.4   580.6   579.6   578.2   576.6   575.9   575.2   574.6   574.4   574.5
   575.3   575.2   574.7   574.1   570.6   567.5   569.6   571.6   572.3   572.7
   572.4   571.7   572.5   574.0   574.3   573.7   572.8   572.2   572.3   572.4
   571.9   572.0   573.2   574.2   574.6   575.0   575.4   574.8   573.9   574.9
   576.6   577.5   577.4   578.0   579.3   580.7   581.7   582.7   584.5   587.0
   589.0   589.8   589.6   588.9   588.1
   581.9   581.9   582.0   582.1   582.5   583.0   583.3   583.2   583.0   582.4
   581.2   580.5   579.6   577.8   577.4   578.0   578.0   577.5   577.3   577.3
   577.4   577.2   577.6   577.1   573.5   569.8   571.1   573.4   573.9   573.8
   573.0   572.4   574.3   576.8   577.1   576.2   575.3   574.7   574.8   575.3
   575.5   576.0   577.3   578.2   578.5   579.1   579.9   579.5   578.3   579.0
   580.7   581.4   581.4   581.7   582.3   582.8   583.4   584.4   586.3   588.6
   590.0   590.5   590.4   590.1   589.7
   582.0   582.0   582.0   582.2   582.5   582.8   583.0   583.0   582.7   582.1
   581.3   581.2   580.8   580.3   580.5   581.0   580.9   580.4   580.0   579.1
   578.9   579.2   580.4   582.4   579.1   574.6   576.4   578.6   577.6   576.5
   575.8   576.6   579.3   581.3   581.2   580.5   579.5   578.6   578.7   579.5
   580.3   580.8   581.5   581.8   581.6   581.7   582.1   582.1   581.8   582.5
   582.9   583.0   583.0   583.2   583.6   584.1   584.7   585.8   587.8   589.8
   590.8   591.1   591.0   590.7   590.5
   582.0   582.0   582.1   582.3   582.5   582.8   582.8   582.8   582.5   582.3
   582.3   582.4   582.4   582.9   583.4   583.5   582.8   582.4   581.8   580.9
   580.7   581.5   585.2   587.1   586.1   583.8   580.8   580.2   579.4   578.5
   578.4   579.7   582.2   583.9   584.2   583.8   583.1   582.2   582.2   583.0
   583.8   584.3   584.6   584.4   583.6   583.3   583.5   583.5   583.5   583.9
   583.8   583.4   583.1   583.1   583.4   583.9   584.5   585.8   587.9   590.0
   591.1   591.3   591.3   591.1   590.9
   582.0   582.0   582.2   582.5   582.9   583.3   583.5   583.7   584.1   584.6
   584.7   584.5   584.3   584.3   584.8   584.1   582.6   582.4   582.2   581.8
   581.8   583.3   587.5   587.6   585.8   584.3   581.9   580.7   580.3   580.0
   580.4   582.1   584.3   585.4   585.6   585.5   585.2   584.8   584.8   585.2
   585.7   586.3   586.4   586.0   585.5   585.3   585.0   584.5   584.1   583.7
   583.3   582.8   582.6   582.7   582.8   583.1   583.8   585.4   587.8   589.9
   591.0   591.3   591.3   591.2   591.0
   582.1   582.2   582.5   583.1   583.7   584.3   584.5   584.7   585.1   585.2
   585.1   584.9   584.7   584.4   584.2   582.6   581.6   581.4   581.7   582.2
   582.6   583.2   584.4   583.7   580.3   581.9   583.8   582.6   581.5   580.9
   581.6   583.3   585.2   586.1   586.2   586.2   586.3   586.4   586.3   586.3
   586.7   587.0   586.8   586.3   586.0   585.9   585.9   585.5   584.7   583.8
   583.2   583.2   583.6   583.9   583.9   583.9   584.3   585.7   587.8   589.7
   590.8   591.1   591.2   591.1   591.1
   582.3   582.5   583.1   583.7   584.3   584.7   584.9   585.0   585.2   585.3
   585.2   585.1   584.9   584.6   584.2   583.5   582.8   582.6   582.6   582.7
   582.9   583.0   582.9   581.8   580.1   580.8   583.0   583.1   582.0   581.1
   581.3   582.7   584.5   586.0   586.6   586.8   586.9   587.0   586.9   586.8
   586.9   587.0   586.8   586.5   586.4   586.7   587.0   587.0   586.3   585.3
   584.8   585.0   585.5   585.9   585.8   585.6   585.6   586.4   588.0   589.6
   590.6   591.0   591.1   591.1   591.0
   582.6   583.0   583.6   584.3   584.7   584.9   585.0   585.0   585.1   585.2
   585.2   585.2   585.1   584.9   584.6   584.1   583.6   583.2   583.0   582.9
   582.9   583.0   583.1   582.4   580.6   579.8   581.1   581.8   581.3   580.5
   580.4   581.0   582.6   584.5   585.9   586.6   586.9   587.0   587.0   586.9
   586.9   586.9   586.9   586.8   587.2   587.9   588.6   588.7   588.1   587.2
   586.7   587.0   587.4   587.6   587.5   587.1   586.6   586.7   587.7   589.1
   590.3   591.0   591.1   591.1   591.0
   582.9   583.2   583.8   584.4   584.8   584.9   585.0   585.0   585.1   585.2
   585.2   585.2   585.1   585.0   584.7   584.2   583.7   583.3   583.1   583.0
   583.0   583.0   583.1   582.7   581.4   580.4   580.9   581.1   580.8   580.3
   580.1   580.5   581.7   583.5   585.1   586.0   586.4   586.6   586.7   586.7
   586.9   586.9   587.0   587.0   587.4   588.0   588.6   588.7   588.3   587.6
   587.2   587.3   587.4   587.5   587.4   587.1   586.6   586.6   587.5   588.9
   590.2   591.0   591.2   591.1   591.1
