diamond 4 10年11月28日08时500百帕高度场
10 11 28 08   0   500
  2.000 -2.000  32.0 160.0  80.0  12.0
  65  35  4  400  612  1  0
   529.9   529.5   528.4   526.4   524.3   523.3   524.0   525.7   527.4   528.8
   530.2   531.6   532.2   531.8   531.0   530.1   529.5   528.6   526.9   524.4
   521.7   519.5   518.0   517.1   516.5   516.3   516.6   517.2   517.4   517.2
   516.7   516.3   516.1   516.2   516.3   516.7   516.9   516.9   516.5   516.0
   515.5   515.0   514.3   513.5   512.8   512.3   512.0   511.8   511.5   511.0
   510.6   510.6   511.0   511.2   510.9   510.2   509.3   508.5   508.0   507.9
   507.9   508.0   508.0   508.1   508.1
   530.4   529.8   528.5   526.3   523.9   522.8   523.5   525.4   527.3   528.8
   530.2   531.5   532.2   532.1   531.4   530.4   529.1   527.6   525.5   523.0
   520.6   518.7   517.5   516.5   515.8   515.6   516.0   516.7   517.3   517.2
   516.7   516.3   516.1   516.0   516.0   516.1   516.2   516.1   515.8   515.6
   515.3   514.7   514.0   513.3   512.6   512.2   512.1   512.1   511.8   511.3
   510.6   510.3   510.5   510.6   510.3   509.7   508.8   507.9   507.5   507.5
   507.7   508.0   508.1   508.2   508.3
   531.8   530.9   529.3   526.4   523.5   522.0   522.8   525.0   527.2   528.8
   529.7   530.2   530.8   531.1   530.6   529.1   526.6   524.0   521.7   520.0
   518.8   518.0   517.4   516.8   516.2   515.8   515.9   516.5   517.1   517.1
   516.8   516.4   516.2   516.0   515.7   515.3   515.1   514.8   514.9   515.1
   515.1   514.5   513.6   512.8   512.3   512.2   512.5   513.0   512.9   512.3
   511.1   509.9   509.3   509.0   508.7   508.2   507.4   506.5   505.9   506.2
   506.9   507.7   508.2   508.5   508.8
   533.8   533.6   531.5   527.7   523.9   522.0   522.6   524.6   526.8   528.4
   528.6   528.4   528.2   527.9   527.0   524.9   522.2   519.7   518.4   518.1
   518.1   518.2   518.3   518.2   517.7   517.2   517.0   517.1   517.2   517.1
   516.7   516.3   516.2   516.2   516.0   515.7   515.4   515.2   515.4   516.2
   516.5   515.8   514.3   512.9   512.2   512.3   512.8   513.3   513.2   512.4
   511.0   509.3   508.0   507.4   507.1   507.0   506.6   506.2   505.8   506.0
   506.6   507.6   508.4   509.2   509.6
   534.7   534.6   532.4   528.6   525.0   523.4   523.8   525.0   526.5   527.5
   527.3   526.3   525.4   524.3   522.7   520.4   517.8   516.0   515.7   516.6
   517.7   518.6   519.4   519.7   519.3   518.8   518.3   518.1   517.8   517.3
   516.7   516.1   515.9   516.0   516.0   515.9   515.8   515.6   515.8   516.2
   516.4   515.9   514.6   513.1   512.3   512.3   512.8   513.0   512.6   511.6
   510.2   508.5   507.3   506.7   506.6   506.8   507.0   507.1   507.0   507.0
   507.4   508.2   509.3   510.3   510.9
   532.3   532.0   529.2   525.4   522.5   522.0   522.9   523.5   523.7   523.7
   523.1   522.1   520.8   519.5   518.3   517.3   516.1   515.3   515.3   516.1
   517.3   518.7   519.8   520.4   520.4   519.9   519.5   519.2   518.8   518.1
   517.0   515.6   514.8   514.9   515.4   515.8   515.8   515.4   514.9   514.7
   514.7   514.4   513.6   512.7   512.1   512.1   512.3   512.1   511.4   510.1
   508.7   507.5   507.1   507.0   507.3   507.7   508.1   508.4   508.6   508.7
   509.1   509.9   510.9   511.9   512.6
   527.5   526.1   523.4   519.9   517.5   517.4   518.2   518.6   519.1   519.7
   519.7   519.1   518.0   517.1   516.8   516.9   517.0   516.7   516.5   516.7
   517.3   518.2   518.9   519.3   519.3   519.2   519.0   518.9   518.3   517.4
   515.7   513.6   512.0   511.6   512.4   513.5   514.3   514.1   513.2   512.6
   512.4   512.2   512.0   511.5   511.2   511.1   510.8   510.3   509.4   508.4
   507.4   507.1   507.0   507.1   507.3   507.8   508.5   509.3   510.0   510.6
   511.3   512.1   512.9   513.9   514.8
   523.0   521.1   518.9   516.4   514.8   514.5   514.5   514.6   515.7   517.2
   518.1   518.4   518.3   518.2   518.1   518.2   518.6   518.7   518.4   518.2
   518.3   518.1   517.6   517.1   516.9   517.0   517.2   517.3   516.6   515.1
   513.3   511.2   509.6   508.9   509.2   509.9   510.8   511.2   511.2   511.0
   510.9   511.0   511.1   510.8   510.2   509.8   509.1   508.2   507.2   506.4
   506.3   506.6   506.8   506.9   507.2   508.0   509.2   510.4   511.5   512.3
   513.0   513.8   514.8   516.3   517.6
   522.1   520.2   518.9   517.7   516.7   516.6   517.1   517.6   517.8   517.9
   518.4   519.1   519.8   520.0   519.4   518.8   519.3   519.8   519.6   519.2
   519.2   519.1   518.4   517.7   517.2   516.7   516.0   515.2   513.7   512.0
   510.6   509.7   508.3   507.6   507.7   508.5   509.3   509.8   510.0   510.3
   510.7   511.2   511.4   511.1   510.4   509.6   508.7   507.5   506.3   505.6
   505.7   506.3   506.8   507.2   507.6   508.5   510.0   511.7   512.9   513.5
   513.9   514.9   516.8   519.3   521.1
   523.0   521.1   519.9   519.7   519.2   518.8   519.3   520.0   520.4   520.9
   521.6   522.4   522.9   523.0   522.5   521.8   521.6   521.0   519.8   519.2
   519.9   520.6   520.7   520.1   519.5   518.8   517.7   516.1   514.6   513.3
   512.5   511.4   509.5   507.9   508.1   509.2   509.9   509.7   509.4   509.5
   510.1   510.9   511.9   512.9   512.5   511.3   509.9   509.0   508.3   508.0
   507.8   508.3   508.9   509.4   509.9   510.8   512.2   514.1   515.6   515.8
   515.5   516.5   519.4   522.9   525.0
   524.0   521.6   520.1   520.5   520.7   520.6   521.3   522.4   523.1   524.0
   525.5   526.8   527.5   528.0   528.0   527.3   526.2   524.6   523.1   522.3
   522.3   522.7   522.9   522.3   521.5   520.8   520.0   519.1   518.4   518.2
   517.7   516.5   514.0   511.5   510.2   509.9   509.9   509.5   509.0   508.7
   509.0   510.0   511.6   513.7   514.4   513.3   510.8   509.8   510.0   510.6
   510.9   511.3   511.9   512.7   513.8   515.2   516.3   517.5   518.8   519.2
   519.2   520.3   523.3   526.9   529.0
   525.5   522.9   521.3   521.3   521.7   522.3   523.4   524.0   523.6   524.5
   527.6   530.5   532.0   532.8   533.1   532.6   531.6   530.6   529.7   528.6
   527.3   526.2   525.2   523.6   522.3   522.1   522.0   522.2   522.9   523.7
   523.6   522.6   520.8   517.7   514.6   512.1   510.7   510.1   509.4   508.7
   508.3   508.7   509.4   511.1   512.9   513.1   510.8   509.7   510.5   511.8
   512.9   513.6   514.2   515.0   516.6   518.2   519.2   519.9   520.9   521.7
   522.6   524.3   527.4   530.7   532.5
   527.8   526.0   524.3   523.2   523.0   523.6   524.8   525.7   526.5   528.5
   531.5   534.1   535.7   537.0   537.7   537.5   536.8   536.4   536.4   536.3
   535.2   533.6   531.6   529.0   527.4   527.5   527.3   527.1   527.6   528.2
   527.8   526.8   525.3   522.8   520.3   517.9   515.5   513.7   512.2   510.1
   507.7   507.0   507.7   509.6   511.7   512.5   511.3   511.3   512.1   513.0
   513.7   514.7   515.9   517.4   519.2   521.1   522.0   522.1   522.3   523.1
   524.8   527.4   530.5   533.3   534.8
   531.2   530.6   529.2   527.8   526.7   527.0   528.2   529.6   531.3   534.0
   537.0   538.8   539.8   540.7   542.0   542.6   542.4   542.4   543.0   544.0
   544.1   543.2   541.6   538.9   536.6   536.0   535.4   534.7   534.3   533.6
   532.0   529.9   528.5   527.4   526.4   524.6   521.5   518.1   515.2   512.0
   508.3   506.5   507.2   509.2   511.3   512.3   512.0   512.0   512.4   512.7
   513.4   514.9   517.3   520.0   522.6   524.9   526.2   525.8   525.0   525.2
   527.2   530.0   532.6   534.7   535.8
   533.9   533.9   533.7   532.8   531.6   531.4   532.4   534.2   536.6   540.2
   543.4   545.0   545.3   545.5   546.8   548.3   549.1   548.9   548.8   548.9
   548.5   548.2   548.6   547.7   545.7   544.4   543.6   543.3   543.2   542.5
   540.4   537.7   535.8   534.6   533.4   531.2   527.6   523.0   518.7   515.0
   511.5   509.4   508.6   508.6   509.1   509.8   509.9   510.1   510.3   510.4
   510.6   512.5   516.5   520.9   524.0   526.1   527.8   528.1   527.4   527.5
   529.4   531.8   533.7   535.2   536.1
   536.4   535.6   535.9   536.6   537.0   537.9   539.2   541.0   543.7   547.5
   550.0   551.0   551.3   551.6   552.5   553.8   554.7   554.6   554.2   554.2
   553.9   553.7   554.5   554.8   554.2   553.5   552.8   552.0   551.2   550.4
   549.0   546.9   544.7   542.5   540.2   537.5   533.9   529.6   524.7   519.8
   515.8   512.8   510.9   509.1   508.0   507.9   507.9   507.9   507.9   507.3
   506.3   507.5   512.3   518.5   522.9   525.5   527.4   527.9   527.4   527.9
   529.9   532.4   534.1   535.3   536.1
   542.1   540.9   541.1   542.3   543.9   545.6   547.6   549.8   552.4   555.1
   556.3   556.2   556.2   556.4   556.7   557.9   559.4   559.9   559.6   559.3
   559.0   558.6   558.6   559.1   559.6   559.6   559.1   558.3   557.3   556.3
   555.2   553.5   551.1   548.3   545.8   543.2   539.7   536.1   531.8   526.7
   521.8   517.1   513.2   510.1   508.3   507.7   507.6   507.8   508.0   507.0
   504.8   505.1   509.0   514.9   519.4   522.4   525.0   525.6   525.5   526.4
   528.8   531.7   533.8   535.3   536.2
   551.7   551.9   552.3   552.6   553.1   553.6   554.6   555.8   557.8   560.1
   561.3   561.1   559.8   558.6   558.7   560.5   563.0   564.2   564.2   563.6
   562.7   561.6   560.9   561.6   562.9   563.5   563.4   562.7   561.6   560.5
   559.6   558.8   557.1   554.6   552.2   549.6   545.9   542.4   538.9   534.9
   530.0   524.0   518.1   513.6   511.2   509.9   509.2   508.9   508.9   507.9
   505.5   505.3   508.8   514.8   518.9   521.6   523.8   524.7   525.0   525.9
   528.0   530.9   533.7   535.7   536.8
   560.8   561.7   561.8   561.9   561.8   561.0   560.6   560.2   560.1   560.6
   561.2   561.6   561.6   561.7   562.5   564.2   566.2   567.3   567.4   566.7
   565.4   564.0   562.6   563.0   564.5   565.3   565.4   564.9   564.0   563.4
   562.8   562.7   562.4   561.0   558.7   556.0   552.6   548.6   544.9   541.5
   537.6   532.4   526.8   522.1   519.1   516.9   515.0   513.5   512.8   512.1
   510.0   509.5   512.8   519.1   523.3   525.1   526.6   527.4   527.8   528.2
   529.6   532.0   534.9   537.3   538.8
   567.2   567.4   567.3   567.6   567.6   565.7   563.7   562.4   562.4   563.1
   563.8   564.6   565.6   566.5   567.4   568.2   569.0   569.5   569.5   568.9
   567.8   566.3   564.9   564.9   566.1   566.3   566.2   565.9   565.6   565.4
   565.0   564.7   564.6   563.6   561.6   559.7   557.4   554.3   551.1   548.3
   545.0   541.0   536.5   532.3   529.0   526.2   523.7   521.5   520.1   519.6
   519.4   521.2   525.4   530.0   532.5   533.6   534.1   533.9   533.4   533.3
   534.0   535.9   538.8   541.5   543.1
   571.6   571.8   571.4   571.2   570.4   568.3   566.5   566.3   567.5   568.7
   569.1   569.2   569.4   569.7   569.9   570.2   570.5   570.8   570.7   570.1
   569.0   567.6   566.6   566.7   567.3   567.3   566.9   566.6   566.6   566.9
   566.9   566.5   566.1   565.3   564.0   562.8   561.4   559.2   556.9   554.6
   551.7   548.3   544.7   541.4   538.8   536.1   533.1   530.4   529.2   529.4
   531.0   534.1   537.7   539.5   540.3   541.0   541.4   540.6   539.7   539.6
   540.6   543.0   546.3   549.0   550.2
   575.1   575.4   575.4   574.6   573.1   571.2   570.3   570.9   572.0   572.3
   571.8   571.3   571.3   571.4   571.6   571.7   571.7   571.4   570.7   569.7
   568.9   568.2   567.8   567.9   568.2   568.1   567.7   567.0   567.3   568.0
   568.6   568.5   568.0   567.2   566.1   565.1   564.3   563.1   561.8   559.9
   557.1   554.2   551.5   549.1   547.1   544.6   541.5   540.0   540.6   542.1
   542.7   543.3   544.7   546.3   547.5   547.7   547.4   546.6   546.2   547.2
   550.2   554.1   557.4   559.1   559.4
   578.3   579.1   579.6   578.9   577.2   575.2   574.4   575.0   575.2   574.6
   573.5   572.5   572.8   573.1   573.3   573.7   573.4   572.3   570.4   568.6
   568.2   568.5   569.0   569.9   570.3   570.2   569.4   567.6   568.3   569.2
   570.2   570.5   569.6   568.8   567.9   567.4   567.0   566.4   565.6   564.1
   561.6   559.3   557.5   555.8   553.8   551.1   548.2   547.4   549.2   551.7
   553.0   553.4   553.3   554.0   555.7   556.6   556.2   555.2   555.1   557.7
   562.8   567.8   569.9   569.8   568.8
   580.9   582.0   582.6   582.4   581.4   580.3   578.4   578.0   577.1   576.0
   575.0   574.4   574.3   574.4   574.7   574.9   574.5   573.4   572.4   570.5
   569.2   569.4   570.2   571.4   572.1   572.5   572.3   571.1   570.7   570.5
   570.9   571.2   570.8   570.2   570.0   569.7   569.4   568.7   568.1   567.3
   565.6   563.9   562.9   562.1   560.8   558.7   555.7   554.3   555.9   558.9
   560.7   561.7   561.2   560.9   561.9   563.0   563.2   563.2   564.8   569.3
   575.5   579.9   580.2   578.5   576.8
   582.3   582.8   583.2   583.2   582.7   581.7   580.9   580.8   579.8   577.9
   576.6   576.1   575.6   575.2   575.0   574.9   574.0   574.1   574.5   574.0
   573.2   572.1   571.5   571.9   572.5   573.7   574.7   574.2   573.8   573.6
   573.4   573.1   572.8   572.6   572.2   571.9   571.4   570.8   570.5   570.1
   569.0   567.8   567.4   567.0   566.2   565.0   563.3   562.2   563.2   564.9
   565.8   566.5   566.3   566.4   567.3   568.7   570.1   571.7   574.6   579.2
   584.1   586.8   586.1   584.2   582.6
   582.9   583.1   583.3   583.4   582.8   582.0   581.6   581.2   580.1   578.7
   577.9   577.3   576.9   576.8   576.5   575.1   572.4   571.4   571.0   571.4
   573.9   574.3   573.3   573.1   573.3   574.9   576.2   575.8   575.7   575.8
   575.5   574.8   574.4   574.3   574.0   573.7   573.3   573.1   573.2   572.9
   572.0   571.4   571.5   571.2   570.6   570.3   570.3   570.3   570.9   571.1
   570.8   570.7   570.7   571.4   573.2   575.5   577.4   579.0   581.3   584.6
   587.7   589.1   588.6   587.4   586.4
   583.1   583.2   583.3   583.1   582.4   581.5   581.3   580.9   579.9   578.9
   578.7   578.3   577.5   577.5   577.2   575.7   573.7   572.9   572.4   572.0
   572.5   573.0   574.2   574.4   574.6   576.0   577.5   577.5   577.5   577.5
   576.9   575.5   575.3   575.9   576.0   575.8   575.7   575.7   575.7   575.5
   575.0   575.1   575.4   575.2   574.6   574.6   575.4   575.6   575.6   576.6
   577.8   578.2   577.7   578.0   579.2   580.5   581.3   582.2   584.2   586.9
   589.1   590.0   589.8   589.2   588.6
   583.1   583.2   583.1   582.6   581.7   580.6   580.5   580.4   579.9   579.1
   578.7   578.3   578.5   579.1   578.9   578.0   576.3   575.2   574.5   573.6
   572.9   573.4   575.4   576.6   576.0   577.1   578.6   579.3   579.8   580.7
   580.1   578.1   577.9   579.3   579.8   579.5   578.9   578.2   578.1   578.2
   578.3   578.4   578.1   578.0   577.9   578.2   579.6   580.2   579.8   580.5
   581.9   582.5   582.4   582.4   582.8   583.1   583.5   584.4   586.2   588.5
   590.1   590.6   590.5   590.2   589.9
   583.1   583.0   582.9   582.4   581.5   580.4   580.2   580.2   580.1   580.2
   579.9   580.4   581.0   581.7   581.5   580.5   578.6   577.3   576.3   574.0
   573.6   574.7   577.6   582.5   580.0   579.3   579.8   579.8   580.7   581.9
   582.7   582.2   582.4   582.9   582.5   582.1   581.5   580.8   580.8   581.3
   581.5   580.3   578.0   578.5   580.2   581.2   582.0   582.5   582.6   583.1
   583.6   583.9   583.9   584.1   584.3   584.6   585.1   586.1   587.9   589.8
   590.8   591.0   591.0   590.8   590.6
   583.0   583.0   582.8   582.4   581.6   580.7   580.4   580.6   580.9   581.4
   581.4   582.0   583.0   583.8   583.6   582.4   579.8   578.5   577.4   575.5
   575.7   577.0   581.7   585.8   585.6   584.6   582.1   581.2   581.5   582.7
   583.9   584.5   584.8   584.9   584.3   583.8   584.0   583.9   583.9   584.2
   584.4   582.0   577.9   578.6   582.1   583.9   584.2   584.1   584.1   584.3
   584.3   584.1   583.9   583.8   584.0   584.4   584.9   586.0   588.0   590.0
   591.0   591.3   591.2   591.1   590.9
   583.0   583.0   582.9   582.7   582.3   581.8   581.8   582.2   582.8   583.2
   583.1   583.2   583.6   584.6   584.9   583.5   580.5   579.0   578.4   578.3
   578.9   580.5   584.0   585.7   585.7   584.6   583.2   582.1   582.2   583.2
   584.7   585.6   586.3   586.6   586.2   586.0   586.4   586.5   586.0   585.9
   586.2   585.1   582.4   583.1   585.7   586.9   586.6   585.7   584.9   584.5
   584.1   583.7   583.6   583.5   583.5   583.6   584.1   585.6   587.8   589.9
   591.0   591.3   591.3   591.2   591.0
   583.0   583.0   583.1   583.1   583.1   583.2   583.4   583.6   583.9   583.9
   583.8   583.7   583.7   583.9   584.2   582.7   581.0   580.5   581.2   581.9
   582.4   582.9   583.7   584.1   584.0   583.7   583.8   583.3   583.5   584.6
   585.9   586.8   587.1   587.1   587.1   587.0   587.4   587.4   587.0   587.1
   588.0   588.3   587.3   587.3   588.0   588.2   587.9   587.2   586.1   585.1
   584.6   584.8   585.3   585.6   585.4   585.0   585.1   586.2   588.1   589.8
   590.8   591.1   591.1   591.1   591.1
   583.1   583.2   583.3   583.5   583.6   583.7   583.8   584.0   584.2   584.3
   584.3   584.3   584.2   584.1   583.8   583.1   582.4   582.2   582.5   582.8
   582.9   583.0   583.2   583.3   583.2   583.4   584.0   584.8   586.1   587.9
   589.1   589.3   588.6   587.7   587.2   587.2   587.3   587.5   587.5   588.0
   588.9   589.3   589.0   588.8   588.8   589.0   589.0   588.6   587.8   587.0
   586.8   587.3   588.0   588.4   588.3   587.8   587.4   587.8   588.9   590.0
   590.7   590.9   591.0   591.0   591.0
   583.2   583.3   583.5   583.7   583.8   583.9   584.0   584.1   584.2   584.4
   584.5   584.6   584.5   584.3   584.0   583.5   583.1   582.9   583.0   583.1
   583.1   583.1   583.0   582.9   582.7   583.1   584.1   585.8   587.9   589.8
   590.8   590.9   590.1   588.8   587.8   587.3   587.3   587.6   587.8   588.3
   589.1   589.5   589.4   589.3   589.4   589.7   589.9   589.9   589.5   589.0
   589.1   589.6   590.2   590.4   590.4   589.9   589.2   589.0   589.4   590.0
   590.5   590.7   590.9   591.0   591.0
   583.3   583.4   583.6   583.8   583.9   584.0   584.0   584.0   584.2   584.3
   584.5   584.6   584.5   584.3   584.0   583.6   583.2   583.1   583.1   583.2
   583.2   583.2   583.1   583.0   582.9   583.3   584.4   586.2   588.3   590.1
   590.9   591.1   590.4   589.3   588.2   587.5   587.3   587.3   587.6   588.1
   588.9   589.3   589.4   589.4   589.6   589.8   590.1   590.1   589.8   589.6
   589.6   590.0   590.2   590.4   590.3   590.1   589.4   589.1   589.2   589.7
   590.1   590.5   590.7   590.9   591.0
