diamond 4 10年11月26日20时500百帕高度场
10 11 26 20   0   500
  2.000 -2.000  32.0 160.0  80.0  12.0
  65  35  4  400  612  1  0
   523.1   522.9   522.8   522.6   522.5   523.0   524.3   526.3   528.9   532.3
   536.8   541.9   546.1   548.2   548.7   548.2   546.8   543.9   539.7   534.6
   529.7   526.2   524.4   524.1   524.1   524.1   523.8   523.4   522.9   522.4
   521.8   521.4   521.2   521.4   521.8   522.0   521.2   519.4   516.6   513.5
   511.0   510.0   510.5   512.2   514.4   516.3   517.6   518.1   518.3   518.3
   518.2   517.6   516.5   514.8   512.8   511.2   510.4   510.1   510.0   510.0
   510.0   510.0   510.0   510.1   510.1
   523.3   523.1   522.9   522.5   522.2   522.5   523.4   525.0   527.1   530.0
   534.2   539.1   543.6   546.6   547.8   547.3   544.9   540.8   536.0   531.2
   527.3   524.9   524.2   524.5   524.9   524.9   524.4   523.7   523.0   522.3
   521.7   521.4   521.4   522.0   522.8   523.1   522.3   520.2   517.0   513.5
   511.0   509.9   510.3   512.0   514.3   516.4   517.8   518.7   519.1   519.2
   518.8   518.0   516.6   514.8   512.7   511.1   510.3   510.1   510.0   510.0
   510.0   510.0   510.1   510.2   510.3
   524.3   524.0   523.5   522.7   522.1   522.0   522.5   523.4   524.8   526.7
   529.4   532.3   535.4   538.7   541.0   540.5   536.7   531.2   526.5   523.9
   523.1   523.2   523.9   525.1   526.1   526.2   525.2   524.0   522.8   521.8
   521.2   521.3   522.1   523.4   524.8   525.5   524.6   522.1   518.4   514.5
   511.8   510.6   510.5   511.8   513.9   516.4   518.7   520.5   521.5   521.6
   520.6   518.9   516.7   514.5   512.4   511.0   510.3   510.1   510.1   510.0
   510.0   510.1   510.2   510.5   510.7
   525.4   525.8   525.1   523.8   522.6   522.1   522.3   523.0   524.0   525.2
   526.4   527.0   527.8   529.2   530.1   528.8   525.0   520.9   518.7   518.9
   520.3   521.4   522.1   522.6   523.6   524.0   523.6   522.6   521.3   520.1
   519.7   520.2   521.5   523.0   524.3   525.0   524.6   522.8   519.6   516.2
   513.9   512.5   511.5   511.6   513.1   515.5   518.2   520.4   521.3   521.1
   520.0   518.3   516.1   513.9   512.0   510.7   510.2   510.1   510.1   510.0
   510.0   510.1   510.5   511.0   511.4
   525.3   525.6   525.2   524.2   523.3   522.9   522.9   522.7   522.4   522.3
   522.4   522.1   521.9   521.8   521.2   519.4   516.3   513.9   513.6   515.6
   518.2   520.0   520.3   519.4   518.6   518.3   518.2   517.9   517.2   516.7
   516.9   518.0   519.3   520.4   521.0   521.3   520.9   519.5   516.9   514.5
   513.3   512.6   511.7   511.2   511.7   513.4   515.9   518.1   518.9   518.4
   517.3   515.9   514.3   512.7   511.3   510.4   510.1   510.1   510.0   509.9
   510.0   510.4   511.1   511.9   512.4
   523.9   524.0   523.7   523.3   522.8   522.4   522.3   521.8   521.0   520.3
   519.6   518.7   517.7   516.6   515.7   514.7   513.3   512.0   512.0   513.5
   516.2   518.8   520.7   521.5   521.1   519.7   517.7   515.5   514.0   513.6
   514.1   515.3   516.3   516.7   516.8   516.9   516.5   515.1   512.9   511.2
   510.9   510.9   510.7   510.5   510.8   511.7   513.3   514.8   515.6   515.1
   514.3   513.5   512.6   511.5   510.3   509.6   509.5   509.9   510.0   510.0
   510.2   510.8   511.9   513.1   513.8
   522.5   522.4   522.4   522.4   522.1   521.6   521.0   520.7   520.6   520.5
   520.1   518.9   516.8   514.9   514.3   514.6   514.6   514.0   513.5   513.8
   515.3   517.5   519.3   520.1   519.4   517.5   514.9   513.0   512.2   512.5
   512.9   513.4   513.6   513.6   513.5   513.5   513.0   511.4   509.3   508.0
   508.0   508.5   509.1   509.7   510.1   510.5   511.0   511.7   512.4   512.3
   511.7   511.3   510.8   509.8   508.5   507.7   508.0   508.9   509.8   510.2
   510.3   511.0   512.7   514.5   515.6
   521.9   522.0   522.2   522.2   522.0   521.3   520.3   520.0   520.7   521.4
   521.4   520.4   518.9   517.9   517.6   517.6   517.4   516.9   516.3   516.2
   516.5   517.0   517.2   516.8   515.8   514.2   512.6   511.8   512.0   512.6
   512.9   512.9   512.8   512.6   512.3   512.0   511.5   510.0   508.2   507.2
   507.1   507.6   508.9   510.0   510.3   509.9   509.5   509.7   510.4   510.5
   510.0   509.3   509.0   508.6   508.0   507.7   508.2   509.3   510.5   510.7
   510.5   511.3   513.8   516.4   517.9
   521.8   522.0   522.1   522.2   522.0   521.6   521.2   521.5   522.6   523.7
   524.0   523.4   522.7   522.5   522.3   521.9   521.3   520.6   520.0   519.6
   518.9   517.7   516.3   515.3   514.6   513.9   512.7   511.9   512.0   512.5
   512.8   512.6   512.6   512.5   512.1   511.7   511.0   509.8   508.6   508.4
   508.9   509.5   510.4   510.9   511.0   510.6   510.0   509.8   510.4   510.8
   510.4   509.5   509.2   509.5   509.8   510.3   511.1   512.1   512.9   512.8
   512.8   514.1   516.7   519.4   520.8
   521.5   521.4   521.5   521.9   521.9   522.0   522.5   523.5   524.7   525.9
   527.0   527.6   527.9   527.9   527.7   527.7   527.7   527.4   526.6   525.4
   523.7   521.4   519.2   517.3   516.0   515.2   514.1   513.1   512.5   512.7
   512.8   512.4   512.3   512.1   511.7   511.1   509.9   508.2   507.1   507.6
   508.9   509.9   510.8   511.6   511.8   511.6   510.9   510.4   510.6   511.0
   511.2   511.3   511.7   512.3   513.0   513.8   514.9   516.2   517.0   517.5
   518.3   519.7   521.6   523.3   524.3
   521.0   519.9   520.0   521.0   521.8   522.5   523.7   525.2   526.6   527.9
   529.6   531.4   533.1   533.9   534.0   534.0   533.9   533.7   532.8   531.5
   529.6   527.7   526.1   524.5   522.3   520.0   517.7   515.9   514.4   513.9
   513.9   513.6   513.2   512.4   511.3   510.0   508.4   506.4   505.5   506.3
   507.9   509.1   510.1   511.2   512.0   512.0   511.3   510.7   510.7   511.0
   511.5   512.3   513.2   514.4   515.7   517.1   518.7   520.3   521.3   522.1
   523.5   525.0   526.4   527.6   528.1
   522.9   522.8   522.8   522.8   523.0   523.9   525.7   527.5   528.5   529.3
   530.6   532.2   534.4   536.5   538.2   538.9   539.0   539.5   539.8   538.7
   536.1   534.0   533.1   532.0   529.9   527.4   525.0   522.2   519.3   517.6
   516.9   516.2   515.1   513.8   512.3   510.4   507.9   505.5   504.7   505.6
   507.1   508.4   509.1   510.0   510.9   511.6   511.4   511.0   511.0   511.3
   511.9   512.6   513.5   515.2   517.5   519.7   521.6   523.6   525.4   527.1
   528.7   530.2   531.3   532.0   532.4
   525.5   526.5   527.3   527.3   527.2   527.7   529.3   531.0   532.1   532.7
   533.4   534.1   535.6   538.2   541.1   542.9   543.4   544.3   545.3   545.0
   542.6   540.9   540.6   540.0   538.1   535.9   533.6   530.6   526.9   523.8
   521.8   520.1   518.1   516.2   514.5   512.6   510.0   507.1   505.8   506.4
   508.3   509.8   510.5   510.5   510.9   511.4   511.6   511.5   511.5   511.8
   512.2   512.8   513.8   515.8   518.6   521.2   523.1   524.7   526.7   529.3
   532.0   534.5   536.1   536.9   537.1
   528.2   529.7   531.5   532.5   533.2   534.0   534.6   535.2   535.9   536.8
   537.3   537.5   539.0   542.1   545.8   548.0   548.7   549.1   550.0   550.3
   549.3   548.2   547.6   546.6   545.1   543.3   541.6   539.4   536.6   533.8
   531.0   527.5   523.7   520.2   517.5   515.3   513.0   510.7   509.4   508.8
   509.0   510.7   512.5   512.9   512.5   512.7   512.7   512.7   512.8   513.1
   513.5   514.1   515.0   516.8   519.2   521.4   522.8   524.1   526.0   529.4
   534.1   538.6   541.2   542.0   541.8
   532.2   533.7   535.5   536.3   537.0   538.1   538.9   539.1   540.0   542.3
   543.9   544.8   545.9   547.6   550.5   553.4   554.8   555.4   555.6   555.6
   554.8   554.2   553.6   552.5   551.0   549.6   548.4   546.8   544.4   541.9
   538.9   535.1   530.6   525.8   521.5   518.5   516.2   514.1   512.4   510.8
   509.5   511.3   515.2   516.4   515.5   514.9   515.1   515.0   515.0   515.5
   516.2   516.6   516.9   517.4   518.7   520.4   522.0   523.6   526.0   530.3
   536.2   541.9   544.9   545.6   545.1
   537.3   538.7   540.1   540.3   541.4   544.7   547.7   547.8   547.4   549.7
   551.6   552.7   554.2   555.5   556.8   558.5   559.9   560.4   560.5   560.5
   559.9   559.4   559.2   558.5   557.5   556.6   555.6   553.8   551.1   548.2
   545.3   542.3   538.5   533.7   528.6   524.7   521.5   518.4   515.6   513.1
   511.6   513.0   516.1   517.1   516.7   517.1   517.9   518.4   518.7   519.5
   520.4   520.7   520.4   519.7   519.5   520.2   521.7   523.7   526.3   530.5
   536.3   542.0   545.3   546.4   546.4
   543.1   544.0   544.5   544.9   547.2   552.4   557.4   557.8   556.1   556.5
   557.5   558.3   559.6   560.4   560.8   562.1   563.8   564.5   564.8   564.8
   564.4   563.9   563.4   562.9   562.1   561.3   560.5   559.4   557.3   554.4
   551.4   548.7   545.8   542.0   537.6   533.0   528.6   524.4   520.6   517.8
   515.7   515.2   516.1   516.9   518.2   519.5   520.9   521.9   522.8   523.9
   524.8   525.5   525.9   525.7   525.0   524.8   525.7   527.1   528.4   530.5
   534.6   539.7   543.6   545.7   546.4
   549.4   550.4   551.5   552.6   554.8   558.3   561.5   561.7   560.6   561.1
   562.2   562.6   561.9   561.3   562.0   564.4   566.7   567.7   567.9   567.8
   567.3   566.6   565.9   565.5   565.1   564.5   563.9   563.3   562.0   559.6
   556.9   554.9   553.2   550.9   547.3   542.8   537.7   532.7   528.5   524.6
   520.2   515.7   513.8   515.6   519.4   522.4   524.3   525.9   527.2   528.4
   529.3   529.8   530.2   530.3   529.9   529.8   530.3   531.0   530.9   531.2
   533.7   537.9   542.2   545.1   546.4
   554.5   555.3   556.4   558.5   560.6   562.4   564.3   564.8   564.7   565.0
   565.6   566.0   565.7   565.4   566.0   567.4   568.5   568.6   568.2   567.8
   567.4   567.1   566.8   567.0   567.2   567.0   566.5   565.7   564.6   562.9
   560.9   559.6   558.9   557.5   554.8   551.6   547.9   544.3   540.1   535.0
   529.3   523.9   521.2   522.4   525.3   527.2   528.7   530.3   532.1   533.5
   534.2   534.2   534.7   535.1   535.5   535.5   535.7   535.4   534.7   534.4
   535.7   538.9   542.8   545.9   547.5
   559.2   559.4   560.2   562.0   563.8   565.3   566.7   567.5   567.4   567.1
   567.4   568.4   569.9   571.3   572.1   571.7   570.2   568.3   566.9   566.4
   566.5   566.7   566.9   567.7   568.6   568.8   568.5   567.7   566.7   565.4
   564.1   563.4   563.1   562.1   560.1   557.9   555.2   551.8   548.0   543.1
   538.5   534.8   532.7   532.7   533.2   533.2   533.8   535.2   536.7   538.0
   538.6   538.9   539.7   540.9   541.7   542.2   542.1   541.3   540.3   539.8
   540.4   542.6   546.0   549.0   550.7
   563.7   564.0   564.3   565.2   566.5   568.1   569.9   571.1   571.3   570.9
   570.9   571.9   573.5   574.9   575.2   574.2   572.0   569.1   567.0   566.2
   566.3   566.6   567.0   567.9   568.9   569.5   569.5   569.1   568.3   567.4
   566.7   566.4   566.2   565.3   563.8   562.4   560.6   557.8   554.3   550.3
   546.6   544.1   542.7   541.7   541.0   540.1   540.2   541.1   542.0   542.5
   542.6   542.3   543.2   544.5   545.9   546.7   546.9   546.1   545.3   545.1
   546.1   548.5   551.9   554.8   556.2
   567.9   568.2   568.4   568.9   570.0   571.8   573.5   574.3   574.2   573.6
   573.5   574.2   575.2   575.9   575.9   575.4   574.2   572.3   570.6   569.8
   569.3   569.0   568.7   568.0   568.2   568.8   569.4   569.7   569.7   569.5
   569.2   569.0   568.6   567.8   566.5   565.4   564.3   562.4   560.2   557.6
   554.7   552.8   551.2   549.4   547.7   546.5   545.9   546.6   547.2   547.3
   546.4   545.2   545.6   547.7   550.0   551.0   550.8   550.0   549.8   550.8
   553.6   557.4   560.8   562.9   563.4
   571.3   571.7   572.1   572.9   574.3   576.4   577.1   576.9   576.4   575.7
   575.6   576.1   576.3   576.2   576.0   575.8   575.8   576.0   576.7   577.9
   578.2   578.3   576.7   569.8   567.4   568.2   568.9   570.3   571.3   571.6
   571.5   571.1   570.6   570.0   568.9   568.0   567.1   565.8   564.7   563.4
   561.5   560.0   558.4   556.4   554.4   551.9   549.8   549.4   550.4   551.4
   551.7   551.3   551.5   552.8   555.1   556.6   556.6   555.9   556.1   558.8
   563.8   568.7   571.1   571.5   571.0
   574.6   575.1   575.8   576.5   577.3   578.6   578.8   578.5   578.2   577.7
   577.6   578.0   578.0   576.6   575.8   575.6   575.9   576.9   578.1   578.9
   579.0   578.7   577.9   573.0   568.6   568.4   570.4   573.2   574.3   574.7
   574.3   573.3   572.1   571.7   571.6   571.1   570.2   569.0   567.8   566.7
   565.5   564.2   562.9   561.5   559.7   557.2   554.1   552.4   553.2   555.1
   556.3   557.0   557.3   558.1   559.8   561.3   561.9   562.1   563.9   568.4
   574.6   579.0   579.8   578.7   577.4
   577.2   577.8   578.2   578.4   578.7   579.2   579.3   579.4   579.2   578.7
   579.1   579.7   579.5   578.9   578.1   577.4   577.8   578.2   578.5   578.0
   577.8   577.9   577.8   575.9   573.7   573.4   575.8   576.8   577.2   577.6
   577.2   576.1   575.0   574.3   573.9   573.3   572.5   571.7   570.8   569.7
   568.5   567.0   565.9   564.7   563.2   561.2   559.0   557.4   557.7   558.8
   559.4   560.3   561.0   562.1   563.8   565.8   567.8   569.6   572.5   577.2
   582.2   585.1   584.8   583.4   582.2
   579.0   579.4   579.5   579.5   579.4   579.4   579.5   579.5   579.5   579.5
   579.8   580.4   580.4   580.0   579.7   579.5   579.4   579.2   578.8   578.3
   577.6   577.1   576.9   576.9   576.9   577.5   578.1   578.3   578.5   578.9
   578.5   577.5   576.8   576.2   575.4   574.3   573.4   573.1   573.1   572.6
   571.7   570.6   569.7   568.4   566.8   565.4   564.4   563.9   563.8   563.5
   563.1   563.3   564.4   566.4   569.6   572.7   575.4   577.1   579.2   582.4
   585.5   587.1   586.9   586.1   585.3
   579.6   580.1   580.1   579.9   579.8   580.2   580.6   580.7   580.8   580.9
   580.9   580.5   580.6   580.5   580.4   580.2   580.0   579.6   579.1   578.8
   578.9   578.6   578.5   578.7   579.0   579.4   579.7   579.8   579.6   579.6
   579.3   578.4   578.1   577.9   577.3   576.1   575.1   574.6   574.6   574.6
   574.4   573.8   573.4   572.5   571.2   570.3   570.0   569.4   568.4   568.4
   569.0   569.5   570.5   572.7   575.5   577.7   579.1   580.3   582.2   584.8
   586.9   587.9   587.9   587.6   587.2
   579.3   579.5   579.5   579.3   579.4   580.1   581.2   581.5   581.8   581.9
   581.7   581.2   580.7   580.5   580.7   580.9   580.9   581.2   581.4   581.3
   581.0   579.9   579.7   580.1   580.3   580.2   579.8   579.8   579.6   579.5
   579.7   580.1   580.9   581.1   580.4   578.9   577.6   576.9   577.1   577.6
   577.6   576.8   576.1   575.8   575.5   575.4   575.7   575.1   573.3   572.9
   573.4   573.8   574.8   576.6   578.5   579.7   580.6   581.9   583.9   586.3
   587.9   588.5   588.6   588.5   588.3
   578.5   578.5   578.5   578.7   579.1   579.9   580.4   581.2   582.0   582.6
   582.8   582.5   582.0   581.6   581.6   581.8   582.4   583.7   584.8   585.0
   584.7   583.0   581.1   580.4   580.8   580.0   579.3   579.0   578.8   578.9
   579.6   581.0   582.4   582.9   582.4   581.5   580.6   579.9   580.2   580.7
   580.7   580.0   579.5   579.2   578.8   578.4   578.2   577.8   576.8   576.4
   576.1   576.0   576.8   578.3   579.7   580.7   581.6   583.0   585.3   587.5
   588.7   589.0   589.1   589.0   588.8
   578.1   578.1   578.2   578.6   579.2   580.1   580.5   580.9   581.7   583.1
   583.5   583.4   583.0   582.7   582.5   582.7   583.9   585.3   585.8   585.9
   585.9   585.5   585.0   584.8   585.4   582.3   579.7   579.2   579.2   579.4
   580.1   581.5   583.2   584.1   584.0   583.5   583.0   582.6   582.7   582.9
   582.9   582.8   582.7   582.2   581.2   580.3   579.7   579.3   578.6   578.1
   577.5   577.1   577.5   578.6   579.7   580.6   581.5   583.0   585.4   587.7
   589.0   589.3   589.4   589.3   589.1
   578.0   578.0   578.2   578.6   579.4   580.4   580.9   581.2   581.6   582.3
   583.0   583.4   583.5   583.2   582.8   583.8   585.2   585.9   586.0   586.0
   586.0   586.0   586.4   587.7   588.7   587.8   582.5   579.0   579.1   579.5
   580.3   581.8   583.5   584.7   585.1   584.9   584.6   584.3   584.0   583.8
   584.0   584.6   584.7   584.0   582.7   581.5   580.6   579.9   579.0   578.0
   577.3   577.2   578.0   579.2   580.0   580.4   581.2   582.9   585.4   587.7
   588.9   589.3   589.3   589.3   589.2
   578.0   578.0   578.2   578.7   579.6   580.7   581.2   581.5   581.8   582.0
   582.1   582.2   582.2   582.4   583.0   584.4   585.6   585.9   586.0   586.0
   586.0   586.1   586.6   587.9   588.5   588.0   586.4   582.4   581.1   581.0
   581.7   582.9   584.2   585.0   585.5   585.7   585.9   585.9   585.5   585.3
   585.9   586.7   586.5   585.7   584.7   583.8   583.1   582.0   580.2   578.6
   578.3   579.4   581.2   582.6   582.9   582.6   582.7   583.9   585.9   587.7
   588.7   589.1   589.2   589.2   589.1
   578.0   578.0   578.2   578.8   579.7   580.7   581.3   581.6   581.8   581.9
   582.0   582.0   582.1   582.5   583.3   584.4   585.3   585.7   585.8   585.7
   585.6   585.6   585.9   586.8   587.8   588.2   587.7   586.0   584.4   584.1
   584.7   585.4   585.8   585.6   585.5   585.8   586.3   586.7   586.6   586.6
   587.0   587.3   587.4   587.3   587.5   588.0   588.0   587.0   585.0   583.1
   582.8   583.9   585.5   586.5   586.6   586.1   585.7   586.1   587.1   588.1
   588.8   589.0   589.1   589.1   589.1
   578.0   578.0   578.2   578.8   579.8   580.8   581.5   581.8   581.9   582.0
   582.0   582.0   582.2   582.6   583.3   584.3   585.1   585.3   585.2   584.8
   584.2   583.3   582.9   583.7   585.7   587.4   587.7   586.8   585.4   584.6
   584.9   585.7   586.2   586.0   585.8   586.0   586.4   586.9   587.1   587.2
   587.4   587.4   587.6   588.1   588.8   589.5   589.8   589.5   588.4   587.2
   586.9   587.4   588.2   588.5   588.5   588.1   587.7   587.6   588.0   588.5
   588.8   588.9   589.0   589.0   589.0
   578.0   578.1   578.3   578.9   579.8   580.8   581.5   581.8   581.9   582.0
   582.0   582.0   582.2   582.6   583.3   584.1   584.7   584.8   584.5   583.9
   582.9   581.7   580.3   580.1   581.9   584.2   585.8   585.7   584.7   584.0
   584.1   585.0   585.7   585.8   585.7   585.8   586.0   586.4   586.7   587.0
   587.2   587.4   587.7   588.2   588.8   589.4   589.7   589.5   589.0   588.2
   587.9   588.2   588.4   588.6   588.6   588.5   588.1   588.0   588.2   588.5
   588.8   588.9   589.0   589.0   589.0
