diamond 4 10年11月30日20时500百帕高度场
10 11 30 20   0   500
  2.000 -2.000  32.0 160.0  80.0  12.0
  65  35  4  400  612  1  0
   530.9   530.6   529.6   527.9   525.9   524.5   524.1   524.4   524.5   524.2
   523.7   523.7   524.1   524.1   522.8   520.1   516.7   514.0   512.4   511.6
   511.3   511.1   511.0   511.1   511.1   511.0   511.0   510.9   510.6   510.0
   509.0   508.0   507.4   507.2   507.4   507.6   507.5   507.4   507.4   507.6
   507.8   507.9   508.0   508.0   508.0   508.0   508.0   508.0   508.1   508.1
   508.1   508.1   508.3   508.7   509.2   509.7   509.8   509.8   509.8   510.0
   510.7   512.2   514.5   516.5   517.3
   531.1   530.7   529.8   527.9   525.8   524.3   523.9   524.2   524.3   523.8
   523.0   523.0   523.6   524.0   522.9   520.1   516.6   513.8   512.3   511.6
   511.3   511.1   511.1   511.1   511.1   511.0   510.9   510.8   510.7   510.0
   509.0   507.9   507.4   507.4   507.7   507.9   507.8   507.6   507.5   507.6
   507.8   507.9   508.0   508.0   508.0   508.0   508.1   508.2   508.2   508.2
   508.2   508.1   508.3   508.7   509.2   509.6   509.6   509.4   509.2   509.4
   510.3   512.0   514.4   516.5   517.4
   531.7   531.2   530.1   528.0   525.6   524.1   523.7   523.9   523.9   523.5
   522.8   522.5   523.0   523.4   522.5   519.8   516.3   513.6   512.2   511.6
   511.3   511.1   511.1   511.3   511.2   510.9   510.7   510.6   510.5   510.0
   509.0   508.0   507.6   507.7   508.1   508.4   508.5   508.2   507.8   507.4
   507.2   507.4   507.7   507.9   508.0   508.1   508.3   508.5   508.7   508.7
   508.5   508.3   508.2   508.6   509.0   509.2   508.6   507.6   507.0   507.5
   509.2   511.6   514.2   516.2   517.0
   532.5   532.2   530.9   528.4   525.9   524.3   524.1   524.5   524.9   524.9
   524.1   523.4   523.2   522.9   521.6   518.8   515.4   513.0   511.9   511.6
   511.4   511.2   511.2   511.3   511.2   510.8   510.4   510.3   510.3   509.9
   509.0   508.1   507.5   507.4   507.6   508.0   508.2   508.0   507.3   506.3
   505.8   506.1   506.9   507.6   507.9   508.1   508.3   508.6   508.7   508.6
   508.3   508.0   507.9   508.2   508.6   508.5   507.4   505.8   504.8   505.3
   507.7   510.9   513.9   516.0   516.7
   532.6   532.3   530.8   528.4   526.2   525.2   525.7   526.2   526.6   526.7
   526.0   524.7   523.4   521.8   519.5   516.5   513.7   511.8   511.2   511.2
   511.3   511.3   511.3   511.3   511.0   510.5   510.1   509.8   509.7   509.5
   508.9   508.2   507.4   506.9   506.8   507.0   507.3   507.3   506.9   506.1
   505.7   505.9   506.5   507.3   507.7   507.9   508.1   508.3   508.2   508.0
   507.6   507.2   507.2   507.7   508.4   508.6   507.8   506.8   506.4   507.1
   509.0   511.7   514.5   516.4   517.1
   531.8   531.2   529.2   526.3   523.9   523.9   525.5   526.0   525.2   524.7
   524.2   523.0   520.8   518.0   515.5   513.6   512.1   511.3   510.9   511.0
   511.2   511.3   511.2   511.0   510.7   510.2   509.6   508.9   508.6   508.5
   508.5   508.3   507.6   506.8   506.3   506.2   506.4   506.7   506.9   506.8
   506.7   506.8   507.1   507.4   507.7   507.8   507.8   507.8   507.6   507.3
   506.9   506.7   507.0   508.0   509.6   511.1   511.6   511.8   512.2   512.8
   513.8   515.2   516.6   517.6   518.0
   530.1   529.2   526.7   523.3   521.4   521.7   522.5   522.0   521.0   520.5
   520.0   518.9   516.9   514.8   513.4   512.7   512.2   511.7   511.3   511.0
   511.0   511.0   510.5   510.0   509.8   509.8   509.5   509.0   508.8   509.0
   509.2   509.2   508.7   508.0   507.4   506.9   506.6   506.9   507.5   507.8
   508.1   508.4   508.7   508.5   508.3   508.1   507.8   507.6   507.3   507.0
   506.9   507.0   507.6   508.8   510.7   512.5   513.6   514.8   516.1   517.3
   518.1   518.5   518.5   518.6   518.8
   527.2   526.1   523.4   520.1   518.2   517.8   517.5   517.0   517.0   517.5
   517.5   516.9   516.0   515.1   514.6   514.0   513.0   512.3   511.7   511.4
   510.9   510.1   508.7   507.7   507.6   508.5   509.5   509.8   509.9   510.1
   510.3   510.2   509.6   509.1   509.0   508.9   508.8   508.9   509.4   510.1
   510.6   511.0   511.1   510.1   509.0   508.4   508.0   507.8   507.7   507.5
   507.4   507.4   507.9   509.2   510.9   512.3   513.2   514.0   515.4   517.5
   519.2   519.6   519.0   518.7   518.9
   523.9   522.6   520.5   518.2   516.8   516.0   515.7   515.7   516.9   518.1
   518.2   517.5   516.9   516.6   516.4   515.9   514.7   513.5   512.8   512.4
   511.7   510.5   509.1   507.8   507.2   507.9   509.2   510.2   510.6   510.7
   510.7   510.6   510.1   509.7   510.0   510.4   510.7   510.7   511.2   512.5
   513.5   513.6   512.7   511.0   509.5   508.8   508.4   508.4   509.0   509.3
   509.2   508.5   508.3   509.0   510.2   511.0   511.6   512.1   513.1   515.0
   516.8   517.6   517.7   518.0   518.5
   521.4   520.1   518.9   517.9   517.1   516.4   516.6   517.0   517.5   517.9
   517.9   517.6   517.1   516.6   516.5   516.7   516.6   516.4   516.0   515.3
   514.2   512.7   511.2   509.8   508.4   507.8   508.1   508.9   509.6   510.1
   510.7   511.1   511.1   511.0   511.5   512.0   511.7   510.3   509.6   511.4
   513.5   514.1   513.4   511.9   510.2   509.0   508.1   508.5   510.1   511.3
   511.3   509.9   508.6   508.5   509.3   510.1   510.4   510.3   510.1   511.2
   513.0   514.6   516.0   517.3   518.4
   520.0   518.8   518.2   518.4   518.6   518.8   519.8   520.6   520.5   519.7
   519.0   518.9   518.2   517.0   516.2   516.5   517.8   519.2   519.6   519.0
   517.5   515.7   514.0   512.4   510.8   509.6   508.7   508.5   509.0   509.9
   511.2   512.3   512.9   513.1   513.2   513.2   512.1   509.4   508.2   509.8
   512.3   513.2   513.6   513.4   512.1   509.9   506.9   506.7   509.3   512.0
   512.2   510.0   507.7   507.2   508.1   509.2   509.4   509.1   508.7   509.3
   511.0   512.8   514.8   517.1   518.6
   520.3   519.2   519.1   519.8   520.5   521.6   523.7   525.8   527.2   527.4
   526.5   525.6   525.0   523.9   522.3   521.4   521.7   522.7   523.2   522.9
   521.4   519.8   518.3   516.3   514.1   512.1   510.6   509.7   509.7   510.6
   512.0   513.6   514.9   515.4   515.4   514.9   513.4   510.8   509.4   510.1
   511.1   511.5   511.7   511.6   511.1   509.2   505.7   504.5   506.6   509.3
   509.9   508.2   506.6   506.2   506.6   507.4   507.7   508.0   508.6   509.8
   511.3   512.6   514.3   516.9   518.4
   521.0   520.5   520.3   521.1   521.5   522.2   523.9   526.1   528.6   530.4
   531.5   532.2   532.9   533.4   533.0   531.9   530.7   529.5   528.3   527.0
   525.6   525.0   524.3   522.0   518.7   515.4   513.2   512.3   512.6   513.6
   514.8   516.4   518.0   518.7   518.8   518.7   517.9   516.1   515.3   514.8
   513.5   511.5   510.0   508.9   507.8   506.3   504.8   505.6   507.1   508.3
   507.8   506.5   505.9   506.0   506.3   506.7   506.9   507.6   508.7   509.9
   510.8   511.3   512.4   514.8   516.5
   521.4   520.5   520.3   520.7   520.5   520.8   522.8   525.5   529.0   532.6
   535.7   538.0   540.0   541.5   542.0   541.3   540.1   538.6   536.4   533.5
   531.2   530.4   529.9   527.5   523.5   519.5   517.2   516.9   518.4   520.6
   521.6   522.1   522.7   523.0   523.1   523.3   523.6   524.0   524.1   522.5
   519.2   515.6   512.3   509.0   506.5   505.3   505.7   507.2   508.5   508.7
   507.9   506.8   506.8   507.7   508.6   509.1   509.2   509.5   509.9   510.1
   509.8   509.2   509.5   511.4   513.4
   522.4   521.2   521.2   521.5   520.9   522.2   525.4   528.7   532.5   537.4
   542.2   545.3   547.5   549.0   549.7   549.7   549.4   548.6   546.6   543.2
   539.6   537.0   535.2   532.7   528.7   524.7   522.7   522.9   524.5   526.6
   526.6   525.5   525.6   526.4   526.9   526.8   527.1   528.1   529.1   528.0
   525.0   521.8   518.1   513.6   509.1   506.0   505.1   506.0   507.7   509.3
   509.7   509.3   509.6   510.7   511.5   511.7   512.0   512.3   512.3   511.6
   510.0   508.3   507.9   509.1   510.8
   527.1   525.8   526.7   527.7   528.1   529.8   533.0   536.3   540.8   546.2
   550.0   552.0   554.0   555.5   556.1   556.2   556.3   555.9   554.4   551.6
   548.1   544.6   541.7   538.6   535.1   531.9   530.5   530.2   530.3   530.7
   530.0   528.6   528.4   529.2   529.6   528.8   527.6   528.5   531.4   533.3
   531.9   529.5   526.5   522.6   518.0   512.6   507.9   506.9   509.7   512.9
   514.0   513.4   513.1   513.4   513.7   514.0   514.6   515.3   515.4   514.6
   512.4   509.8   508.5   508.8   509.7
   536.9   536.3   537.4   539.4   541.0   543.1   545.7   548.7   552.1   555.0
   556.3   557.2   558.8   559.8   559.8   559.6   560.0   560.0   559.3   557.8
   555.7   553.0   550.1   546.7   542.9   539.3   537.3   536.9   536.6   536.3
   535.3   534.3   534.4   535.5   536.2   534.8   531.8   529.8   531.6   535.1
   536.3   535.4   533.6   531.1   527.5   522.2   516.2   514.3   516.7   518.9
   518.4   517.4   517.4   518.0   518.2   518.5   518.9   519.5   519.6   518.7
   516.3   513.1   510.7   509.7   509.8
   550.5   551.6   551.8   551.7   552.6   554.8   557.0   558.8   560.5   561.2
   561.4   561.3   561.1   560.7   560.5   561.0   562.3   563.4   563.5   563.0
   562.1   560.7   558.8   556.3   553.1   549.2   546.4   545.9   545.9   545.8
   546.4   547.5   548.8   549.7   548.9   546.0   541.2   537.6   538.2   542.0
   544.5   544.8   543.4   540.8   537.4   532.6   527.4   524.5   524.4   524.3
   522.7   521.4   521.6   522.6   523.1   523.6   524.1   524.5   524.1   522.8
   520.0   516.5   513.4   511.6   511.3
   561.3   562.9   562.5   561.2   561.2   562.7   563.8   564.2   564.4   564.1
   563.3   562.8   562.4   562.5   563.1   564.2   565.6   566.8   567.4   567.4
   566.8   565.8   564.6   563.3   562.0   559.8   557.6   556.6   555.9   555.1
   555.1   556.3   558.0   558.5   557.5   556.0   554.4   553.5   553.3   553.1
   552.3   551.9   550.8   548.9   546.0   542.2   537.9   534.2   531.9   530.3
   528.1   526.7   527.5   529.6   530.6   530.6   530.3   530.4   530.0   528.3
   525.3   521.4   517.8   515.5   515.1
   568.3   569.0   569.3   568.7   568.2   568.2   567.9   567.0   566.2   565.3
   564.7   564.7   565.2   565.8   566.6   567.5   568.6   569.7   570.4   570.5
   570.0   569.6   569.2   568.2   567.3   566.4   565.6   565.0   563.9   562.4
   561.3   561.4   562.6   562.9   562.1   561.5   561.0   560.4   559.4   557.5
   556.1   556.5   556.4   554.8   552.1   548.9   545.6   542.2   539.5   537.9
   536.3   535.6   537.0   539.1   540.0   540.0   539.4   538.8   537.7   536.2
   533.5   529.6   525.7   522.9   522.2
   573.7   574.3   575.0   574.9   574.1   573.6   573.6   573.4   572.5   571.0
   569.7   569.1   569.0   568.9   568.6   568.7   569.5   571.0   572.4   572.8
   572.7   572.6   572.3   571.3   570.3   569.8   570.0   569.7   568.7   567.5
   566.3   565.5   565.5   565.3   564.7   564.4   564.2   563.4   562.1   560.1
   558.7   559.3   559.8   558.9   556.9   554.4   551.9   549.3   547.2   546.3
   545.9   545.9   547.0   547.3   546.9   546.3   545.9   545.2   544.6   544.0
   542.9   540.6   537.4   534.4   533.0
   578.4   578.9   579.3   579.1   578.5   578.3   578.5   578.4   577.1   574.8
   573.1   572.3   572.1   571.6   570.8   570.4   571.0   572.9   575.2   576.5
   576.3   575.5   574.6   573.2   572.3   572.1   572.2   572.0   571.2   570.4
   569.3   568.4   567.9   567.4   566.4   565.8   565.6   565.0   564.4   563.3
   562.0   561.8   561.9   561.5   560.7   559.2   557.2   555.9   555.0   554.7
   553.7   552.4   552.4   553.0   553.3   552.7   551.6   550.8   550.7   551.6
   553.2   553.8   551.9   548.6   546.2
   581.7   582.1   582.2   582.1   581.9   582.2   581.9   581.3   580.1   577.7
   576.0   575.2   575.0   574.4   573.3   572.2   572.7   575.5   580.3   584.2
   585.4   584.1   581.7   575.9   572.9   572.8   572.7   573.1   572.7   571.9
   570.9   570.3   570.2   569.6   568.1   567.0   566.7   566.6   566.6   566.1
   565.0   564.0   563.4   563.1   562.9   561.9   560.5   559.8   559.9   560.3
   560.4   559.6   559.1   559.2   560.1   560.6   559.9   559.0   559.0   561.2
   565.2   567.9   566.4   562.6   559.4
   583.8   584.1   584.2   584.1   584.0   584.2   583.4   582.5   581.8   580.4
   578.8   578.1   577.6   576.2   575.0   574.2   574.3   577.0   582.2   586.2
   587.2   585.6   583.8   579.5   574.3   573.2   572.8   572.6   572.4   572.1
   571.5   571.3   571.2   570.8   569.9   569.2   569.0   568.8   568.7   568.5
   567.7   566.5   565.7   565.4   565.4   565.1   564.2   563.6   564.2   565.6
   566.3   565.8   565.1   565.4   566.8   567.9   567.9   567.3   568.2   571.7
   576.7   579.5   577.7   573.7   570.5
   584.9   585.1   584.9   584.6   584.5   584.6   584.1   583.8   583.4   582.2
   580.8   580.2   579.5   578.5   577.5   576.8   577.2   579.5   583.2   585.4
   585.1   583.9   582.4   578.0   574.6   573.1   572.1   571.8   572.5   573.0
   573.0   572.6   572.5   572.2   571.6   571.2   571.0   570.6   570.5   570.6
   570.4   569.7   569.2   568.9   568.7   568.7   568.6   568.4   568.9   569.7
   570.0   569.4   569.1   570.0   571.8   573.4   574.3   575.1   577.1   580.6
   584.3   586.0   584.2   581.0   578.5
   585.2   585.2   585.0   584.7   584.3   583.8   583.7   583.8   583.5   582.5
   581.3   581.0   580.6   579.9   579.2   579.0   579.3   579.8   580.2   579.9
   579.0   576.3   574.5   573.5   572.9   572.9   572.7   572.4   572.5   572.6
   572.8   572.9   572.9   572.4   571.7   571.4   571.4   571.1   571.0   571.5
   571.7   571.7   571.9   571.6   571.2   571.5   572.2   572.8   573.3   573.6
   573.4   572.9   572.8   574.1   576.5   578.8   580.5   581.6   583.1   585.3
   587.4   588.2   587.1   585.3   583.7
   585.3   585.3   585.1   584.8   584.3   583.4   582.5   582.1   581.6   581.1
   580.9   581.0   581.1   580.8   580.3   580.0   579.7   578.8   577.2   575.8
   575.4   574.8   574.4   574.1   573.7   573.5   573.2   573.0   572.8   572.2
   572.2   573.0   573.5   573.4   573.0   572.8   572.6   572.1   572.2   572.8
   573.2   573.3   573.5   573.4   573.4   574.3   575.7   576.6   576.8   577.6
   578.5   578.7   578.6   579.6   581.4   582.8   583.7   584.4   585.6   587.2
   588.5   588.9   588.5   587.7   586.8
   585.2   585.2   585.1   584.9   584.3   583.4   582.3   582.0   581.9   581.8
   581.5   581.3   581.2   581.1   581.0   580.9   580.4   579.1   576.7   575.0
   574.9   574.9   574.9   574.7   574.4   574.0   574.1   574.6   574.6   574.1
   573.9   575.0   576.5   577.1   577.0   576.4   576.0   575.7   576.0   576.7
   576.8   576.5   576.4   576.5   577.0   578.5   580.5   581.2   580.6   580.9
   581.8   582.2   582.5   583.3   584.2   584.8   585.3   586.0   587.1   588.4
   589.3   589.5   589.4   589.0   588.5
   585.1   585.1   585.0   584.8   584.2   583.3   582.3   582.0   582.1   582.5
   582.4   582.2   582.1   582.0   581.9   581.7   581.4   580.4   577.7   575.4
   574.8   575.1   575.5   575.9   576.5   577.2   577.4   577.9   577.8   577.6
   577.7   578.7   580.2   580.8   580.6   580.3   580.2   580.2   580.7   581.3
   581.6   581.3   581.2   581.3   581.6   582.4   583.3   583.5   583.2   583.3
   583.4   583.6   584.0   584.7   585.4   585.9   586.4   587.0   588.1   589.2
   589.8   590.0   590.0   589.7   589.4
   585.0   585.0   584.9   584.7   584.0   583.1   582.3   582.1   582.2   582.9
   583.0   583.0   582.9   582.8   582.5   582.1   581.8   581.2   579.5   578.1
   577.9   578.3   579.3   581.2   583.9   583.6   581.1   579.9   579.5   579.4
   579.8   581.0   582.3   583.0   583.0   583.1   583.4   583.4   583.9   584.4
   584.8   585.1   585.2   585.2   584.9   584.7   584.7   584.7   584.6   584.4
   584.2   584.0   584.1   584.5   585.1   585.7   586.1   586.8   588.1   589.4
   590.1   590.3   590.3   590.1   589.9
   585.0   585.0   584.9   584.6   583.9   583.0   582.2   582.0   582.0   582.3
   582.7   583.0   583.1   583.0   582.3   582.0   582.1   582.3   582.5   582.6
   583.0   583.4   584.1   584.9   585.2   584.7   583.0   581.2   580.7   580.4
   580.5   581.4   582.7   583.8   584.4   584.8   585.3   585.5   585.7   586.0
   586.5   587.2   587.4   586.9   586.1   585.4   585.0   584.8   584.5   584.2
   583.8   583.5   583.6   584.0   584.4   584.8   585.3   586.3   587.9   589.3
   590.1   590.3   590.3   590.2   590.0
   585.0   585.0   584.9   584.6   583.9   583.0   582.2   582.0   582.0   582.0
   582.1   582.1   582.1   582.1   582.0   582.1   582.4   583.2   583.8   584.1
   584.4   584.6   585.0   585.1   585.1   585.0   584.4   583.0   581.8   581.0
   580.7   581.1   582.2   583.7   584.9   585.7   586.3   586.6   586.5   586.4
   586.8   587.3   587.5   587.0   585.9   584.8   584.0   583.6   583.3   583.1
   583.3   583.7   584.2   584.7   584.9   585.0   585.4   586.4   587.8   589.1
   589.8   590.1   590.2   590.1   590.1
   585.0   585.0   584.9   584.6   583.9   583.1   582.4   582.1   582.0   582.0
   582.0   582.0   582.0   582.0   581.9   581.9   582.0   582.3   582.7   582.9
   583.3   583.7   584.1   584.6   585.0   585.1   584.8   584.0   582.9   582.0
   581.5   581.6   582.4   583.5   584.7   585.7   586.4   586.8   586.8   586.7
   586.9   587.3   587.4   587.1   586.2   585.1   584.2   583.6   583.3   583.5
   584.1   585.0   585.7   586.1   586.2   586.0   586.0   586.7   587.8   589.0
   589.7   590.0   590.1   590.1   590.0
   585.0   585.0   584.9   584.5   583.9   583.1   582.5   582.1   582.0   582.0
   582.0   582.0   582.0   581.9   581.7   581.3   581.0   580.9   580.9   581.1
   581.4   581.6   582.0   582.7   583.9   584.8   585.0   584.6   583.9   583.2
   582.8   583.0   583.6   584.4   585.2   585.9   586.5   586.8   586.8   586.9
   587.0   587.2   587.2   587.0   586.4   585.6   584.8   584.3   584.3   584.8
   585.6   586.7   587.4   587.7   587.6   587.1   586.7   586.8   587.6   588.6
   589.5   589.9   590.0   590.0   590.0
   585.0   585.0   584.9   584.5   583.9   583.1   582.5   582.2   582.0   582.0
   582.0   582.0   581.9   581.8   581.4   581.0   580.5   580.2   580.2   580.3
   580.5   580.6   580.5   580.9   582.0   583.3   584.1   584.2   583.9   583.5
   583.4   583.6   584.2   584.9   585.5   586.0   586.2   586.4   586.5   586.7
   586.9   587.1   587.2   587.0   586.5   585.8   585.2   584.8   584.8   585.3
   586.0   586.9   587.3   587.5   587.4   587.1   586.7   586.8   587.5   588.5
   589.4   589.9   590.1   590.1   590.0
