diamond 4 10年11月27日08时500百帕高度场
10 11 27 08   0   500
  2.000 -2.000  32.0 160.0  80.0  12.0
  65  35  4  400  612  1  0
   524.0   523.9   523.7   523.4   523.4   524.2   526.0   528.4   530.7   533.0
   535.3   537.2   538.2   538.4   538.3   537.8   537.0   535.4   533.4   531.3
   529.6   528.4   528.3   528.8   529.3   529.3   528.7   527.6   526.3   524.9
   523.6   522.5   522.1   522.1   522.1   521.8   521.4   521.2   521.2   521.0
   520.2   518.8   517.3   516.1   515.4   515.0   514.9   514.6   513.9   512.9
   511.6   510.6   510.1   509.7   509.3   509.1   508.6   508.0   507.4   507.1
   507.0   507.0   507.0   507.1   507.2
   524.2   524.0   523.7   523.3   523.0   523.7   525.5   528.0   530.5   532.9
   535.4   537.3   538.3   538.5   538.4   537.6   535.9   533.5   531.0   529.3
   528.2   527.9   528.6   529.8   530.6   530.6   529.8   528.4   526.7   525.1
   523.6   522.5   522.2   522.5   522.6   522.3   521.9   521.5   521.3   520.7
   519.5   517.9   516.3   515.3   514.8   514.8   514.9   514.9   514.4   513.3
   512.0   510.9   510.2   509.8   509.3   509.0   508.4   507.7   507.1   506.8
   506.9   507.0   507.1   507.3   507.5
   524.9   524.6   524.1   523.2   522.5   522.8   524.6   527.3   530.1   532.6
   535.2   536.8   537.1   537.2   536.6   534.7   531.2   527.3   524.8   524.4
   525.5   527.0   528.6   530.3   531.5   531.4   530.4   528.8   526.9   524.9
   523.2   522.3   522.5   523.3   523.7   523.4   522.7   522.1   521.3   520.1
   518.1   516.0   514.4   513.7   513.8   514.4   515.2   515.7   515.5   514.6
   513.1   511.7   510.7   510.0   509.4   508.6   507.7   506.7   506.1   506.1
   506.4   506.9   507.4   507.8   508.2
   525.7   525.9   525.1   523.6   522.3   522.0   523.2   525.2   527.4   530.0
   533.0   534.6   534.0   532.7   530.9   527.7   523.6   520.3   519.1   520.5
   523.0   525.1   526.5   527.6   528.2   528.0   527.3   526.3   524.8   523.1
   521.8   521.2   521.7   522.6   523.2   523.4   523.0   522.3   521.3   520.1
   518.4   516.5   514.5   513.2   513.1   514.0   515.2   516.0   515.8   514.9
   513.7   512.2   511.0   510.2   509.4   508.4   507.3   506.4   506.0   505.9
   506.3   506.9   507.9   508.8   509.4
   525.8   525.8   525.0   523.5   522.1   521.4   521.8   523.0   524.6   526.2
   527.3   527.4   526.6   525.5   523.6   520.5   516.8   514.3   514.5   517.0
   520.4   522.7   523.7   524.0   523.9   523.5   523.0   522.1   521.1   520.0
   519.3   519.4   520.0   520.7   521.1   521.2   520.9   520.1   519.0   518.2
   517.6   516.7   515.0   513.4   512.8   513.5   514.8   515.8   515.6   514.6
   513.4   512.3   511.2   510.4   509.4   508.3   507.4   506.8   506.5   506.4
   506.7   507.5   509.0   510.4   511.3
   524.6   524.6   523.8   522.6   521.4   520.8   520.7   520.8   521.2   521.4
   520.6   519.5   518.8   518.2   517.3   515.7   513.8   512.4   512.6   514.6
   517.8   520.6   522.1   522.2   521.4   520.2   519.2   518.4   517.6   517.2
   517.1   517.2   517.4   517.7   518.1   518.3   518.0   517.0   515.5   514.7
   514.6   514.5   513.8   512.8   512.3   512.7   513.7   514.6   514.6   513.6
   512.5   511.6   510.9   510.1   509.2   508.2   507.6   507.4   507.3   507.3
   507.8   509.0   510.8   512.6   513.6
   523.0   522.8   522.5   521.6   520.8   520.4   520.1   519.8   519.9   520.0
   519.5   518.3   517.0   516.1   515.9   515.8   515.1   514.5   514.3   515.2
   517.3   520.1   522.3   523.1   521.9   519.7   517.7   516.7   516.3   516.2
   515.8   515.1   514.4   514.0   514.3   514.9   515.0   513.8   512.0   510.9
   510.8   511.1   511.3   511.0   510.9   511.0   511.3   511.8   512.1   511.6
   510.7   510.2   509.9   509.5   508.9   508.4   508.1   508.2   508.3   508.5
   509.2   510.6   512.9   515.1   516.3
   522.6   522.5   522.5   521.6   520.6   520.1   519.6   519.3   519.5   519.9
   519.9   519.2   518.2   517.9   518.7   519.2   518.5   517.8   517.7   518.2
   519.3   520.8   521.8   521.8   520.3   518.0   516.0   515.1   515.1   515.4
   514.9   514.0   513.0   512.4   512.2   512.4   512.5   511.6   510.1   509.1
   508.9   509.3   510.2   510.6   510.2   509.6   509.1   509.1   509.6   509.6
   509.3   508.9   509.0   509.3   509.6   509.9   510.5   510.9   511.0   510.5
   510.5   512.0   514.9   517.9   519.6
   522.6   523.0   523.0   522.4   521.5   520.7   520.2   519.8   519.9   520.1
   520.2   520.2   520.3   521.5   523.5   524.3   523.2   522.1   522.2   522.8
   523.0   522.7   522.0   521.3   520.3   518.6   516.4   514.7   514.3   514.5
   514.1   513.1   512.5   512.2   512.0   512.0   511.9   511.1   509.9   509.6
   510.0   510.5   511.2   511.7   511.3   510.5   509.4   508.9   509.3   509.9
   509.9   509.6   510.0   510.8   511.5   512.2   513.3   514.5   515.2   514.7
   514.4   515.7   518.6   521.7   523.4
   522.6   522.2   522.4   522.5   522.2   521.8   521.6   521.4   521.4   521.5
   521.7   521.9   522.7   524.4   526.4   527.2   527.2   527.9   529.2   529.9
   529.5   528.2   526.7   525.2   523.7   521.6   519.2   516.9   515.3   514.6
   513.7   512.4   511.9   512.1   512.4   512.5   511.9   510.2   509.0   509.2
   510.4   511.2   512.0   513.2   513.4   512.7   511.3   510.4   510.4   511.0
   511.7   512.5   513.7   514.7   515.2   515.8   517.0   518.7   520.2   520.6
   520.8   521.7   523.9   526.3   527.8
   522.0   522.3   522.4   522.8   523.3   523.8   524.3   524.3   524.0   523.9
   524.0   524.3   524.5   524.8   525.3   526.2   527.5   530.3   532.8   533.9
   533.7   533.5   533.3   532.4   530.0   526.4   523.0   520.2   517.6   515.9
   514.6   513.1   512.4   512.3   512.4   512.1   510.8   508.3   506.6   506.8
   508.5   509.9   510.9   512.6   513.8   513.8   512.1   511.0   511.2   511.9
   513.0   514.5   516.3   517.5   518.2   518.8   520.0   521.6   523.1   524.5
   525.8   527.2   529.0   531.0   532.4
   522.2   522.2   522.6   523.5   525.5   527.6   529.0   529.8   529.7   529.1
   528.4   528.0   528.0   527.5   526.8   526.3   526.8   529.8   533.5   535.3
   535.5   536.3   538.0   538.4   536.7   533.6   530.6   527.1   523.1   520.3
   518.5   516.2   514.0   512.7   512.3   511.6   509.7   506.7   504.8   504.6
   505.5   506.7   507.7   509.2   511.4   512.8   511.9   510.8   510.7   511.5
   512.7   514.3   515.9   517.5   518.8   519.6   520.7   522.5   524.7   526.9
   528.9   530.9   533.1   535.4   536.8
   524.5   524.5   524.7   525.1   527.5   530.8   533.6   535.1   535.2   535.0
   534.0   532.6   532.2   532.7   532.7   532.2   531.5   532.6   535.2   537.5
   538.6   540.5   543.0   544.2   543.4   541.3   538.8   535.2   530.5   526.3
   523.5   520.7   517.5   515.1   513.7   512.4   510.4   507.3   505.3   504.6
   505.0   506.3   507.9   509.7   511.2   512.1   511.3   510.2   509.5   509.9
   511.2   512.5   514.2   516.1   517.8   518.6   519.8   522.2   525.3   528.4
   531.2   533.7   536.3   538.9   540.4
   529.2   529.9   530.1   530.6   532.7   535.7   538.6   540.3   540.7   540.5
   539.8   538.2   538.4   539.8   540.0   538.9   538.1   538.9   541.0   543.2
   544.8   546.7   549.0   549.9   549.4   548.0   546.2   543.6   539.6   535.2
   531.5   528.3   524.8   521.5   518.6   515.9   513.4   511.2   509.5   508.0
   507.2   507.5   509.1   510.7   511.9   512.6   512.7   512.2   511.7   511.7
   512.5   513.3   514.8   516.7   518.1   518.5   519.2   521.6   525.4   529.7
   533.5   536.7   539.1   541.4   542.9
   533.3   533.5   534.3   536.1   538.8   541.1   542.6   543.9   544.9   546.0
   546.7   546.7   547.3   548.4   548.6   548.0   548.3   549.6   551.4   552.8
   553.5   554.4   555.7   556.1   555.2   553.9   552.6   551.2   548.4   544.1
   539.6   535.8   532.7   529.9   527.4   524.4   520.8   517.0   513.7   511.4
   510.0   510.4   511.8   512.6   512.4   512.8   513.4   513.7   514.0   514.8
   515.3   515.5   517.0   519.3   520.6   520.9   521.3   523.1   526.5   530.9
   535.6   539.2   541.4   543.2   544.4
   535.9   534.5   535.3   538.5   542.7   545.7   546.7   547.3   548.7   550.7
   552.4   553.3   554.2   555.5   556.0   556.2   557.0   558.6   559.7   560.0
   559.7   559.8   560.8   561.3   560.4   558.6   557.3   556.3   554.5   551.0
   546.6   542.8   540.0   537.7   535.2   532.0   528.1   523.5   518.7   514.9
   513.1   512.9   513.8   513.7   513.1   513.1   513.5   513.9   515.2   517.1
   517.8   518.0   519.6   522.3   524.2   525.3   526.2   527.7   530.0   533.3
   537.3   540.7   542.7   544.0   545.0
   539.8   538.7   539.6   542.6   546.6   550.1   551.9   552.3   552.9   554.8
   556.7   557.8   558.6   559.5   560.0   560.5   561.9   563.1   563.8   564.0
   563.9   563.5   563.5   563.7   563.1   561.8   560.5   559.7   558.4   555.7
   552.1   548.5   545.6   543.3   541.0   538.2   534.8   531.1   526.3   521.4
   518.1   516.0   514.8   513.8   513.7   513.5   513.2   513.7   516.4   519.3
   520.3   521.2   523.8   527.4   529.7   531.1   532.0   532.9   533.9   535.3
   537.7   540.6   542.7   544.2   545.1
   546.0   546.8   548.7   551.2   553.6   556.2   557.9   558.1   558.3   559.5
   561.0   561.8   561.5   561.2   561.6   563.1   564.8   566.0   566.6   566.8
   566.6   565.8   565.2   565.4   565.5   564.8   563.4   562.4   561.4   559.6
   557.1   554.6   552.0   549.5   547.0   544.4   541.5   538.5   535.1   530.7
   526.1   520.5   515.6   513.1   513.2   512.8   511.7   512.8   517.2   522.2
   525.2   527.0   529.4   532.6   534.7   535.6   536.0   536.5   536.5   536.6
   537.8   540.1   542.4   544.2   545.4
   552.7   554.1   556.0   558.1   560.1   561.9   562.8   562.1   561.7   562.4
   563.7   564.7   564.9   564.8   565.3   566.4   567.4   568.1   568.5   568.4
   567.6   566.5   565.9   566.3   566.9   566.7   565.7   564.6   563.7   562.6
   561.2   559.6   558.2   556.4   554.0   551.3   548.2   544.9   541.7   538.2
   533.7   527.6   521.8   517.0   514.5   512.4   512.1   514.9   520.9   526.8
   530.8   533.0   535.1   537.7   539.3   539.6   539.7   539.8   539.4   539.0
   539.4   541.0   543.3   545.4   546.7
   559.3   560.6   561.7   563.1   564.2   564.7   564.0   562.0   560.6   561.1
   563.0   565.4   567.8   569.5   570.4   570.6   570.2   569.7   569.3   568.8
   567.7   566.7   566.3   566.9   567.8   568.0   567.6   566.7   565.9   565.3
   564.3   563.1   561.9   560.6   559.0   557.0   554.1   550.7   547.6   544.6
   540.8   535.9   530.5   525.1   520.5   518.2   518.6   522.2   527.0   532.0
   535.8   538.6   540.8   542.6   543.5   543.8   543.6   543.2   542.7   542.3
   542.6   543.9   546.3   548.6   550.1
   565.6   566.4   567.1   567.4   567.0   565.7   564.2   562.8   562.4   563.7
   566.1   568.9   571.4   572.8   573.2   572.8   571.8   570.7   569.5   568.3
   566.9   566.0   566.0   566.8   567.8   568.5   568.7   568.1   567.6   567.3
   566.6   565.5   564.4   563.3   562.1   560.8   559.0   556.5   553.9   551.2
   548.1   544.6   541.2   537.1   533.3   531.1   531.5   533.0   535.4   538.2
   541.2   544.0   546.0   546.4   546.3   546.3   546.2   545.9   545.7   545.9
   546.9   549.0   552.0   554.6   555.8
   570.9   571.6   571.9   571.3   569.6   567.9   567.3   568.0   569.1   570.5
   571.9   573.3   574.3   574.6   574.3   573.8   573.1   571.9   570.0   567.7
   565.7   565.0   565.6   566.6   567.6   568.4   568.9   568.4   568.1   568.1
   567.7   567.1   566.4   565.7   564.4   563.2   562.0   560.4   559.1   557.5
   555.0   552.9   551.1   548.5   545.1   542.9   542.2   542.7   543.7   545.6
   547.1   548.3   549.0   549.3   549.5   549.4   549.1   548.7   549.0   550.4
   553.5   557.4   560.9   562.9   563.3
   575.3   576.0   576.2   575.3   574.0   573.0   574.5   576.9   577.7   577.3
   576.4   575.9   575.8   575.5   575.0   574.6   574.4   573.6   571.0   567.7
   564.7   564.4   565.8   567.9   569.0   569.6   569.8   568.6   568.8   568.7
   568.5   568.2   568.1   567.8   566.8   566.0   565.3   564.3   563.5   562.5
   560.9   559.4   558.2   556.5   554.3   551.8   549.9   549.2   550.2   551.7
   552.5   552.5   552.3   552.4   553.3   554.2   554.2   553.9   554.7   557.9
   563.4   568.7   571.3   571.8   571.2
   578.4   579.0   579.0   578.5   578.2   578.7   579.0   579.0   578.7   578.1
   577.2   576.4   576.2   575.9   575.6   575.3   575.0   574.6   573.1   571.3
   569.9   568.3   568.5   569.4   570.3   571.2   571.8   571.9   571.3   570.5
   569.9   569.6   569.4   569.6   569.6   569.2   568.6   567.8   567.3   566.6
   565.4   564.0   563.1   562.3   561.1   559.3   556.9   555.2   555.8   557.1
   557.4   556.5   555.6   555.7   557.0   558.4   559.2   560.0   562.5   567.8
   574.6   579.4   580.3   579.2   577.9
   579.9   580.2   579.9   579.6   579.5   579.8   579.8   579.6   579.2   578.6
   577.9   577.5   577.1   576.6   576.0   575.6   575.4   575.2   575.0   575.0
   574.7   573.4   572.7   572.6   572.4   573.5   575.6   576.0   575.2   574.6
   573.7   572.7   572.2   572.1   572.0   571.8   570.9   570.3   570.3   570.1
   569.0   567.4   566.5   566.0   565.4   564.6   563.0   561.3   561.2   561.7
   561.0   559.5   558.6   559.1   560.8   563.0   565.4   567.9   571.6   577.0
   582.6   585.7   585.5   584.0   582.8
   580.6   580.6   580.4   580.1   580.1   580.2   580.2   580.0   579.7   579.3
   578.8   578.6   578.4   578.3   578.0   577.4   577.0   576.3   575.6   575.4
   575.2   574.7   574.5   574.8   575.3   576.7   578.0   578.5   577.6   577.5
   577.1   575.5   574.5   574.0   574.0   573.8   573.0   572.4   572.5   572.6
   571.9   570.9   570.2   569.6   568.9   568.3   567.7   566.8   566.5   566.2
   565.3   564.0   563.3   564.4   567.2   570.6   573.6   575.8   578.7   582.6
   586.1   587.9   587.7   586.7   586.0
   580.7   580.8   580.7   580.5   580.3   580.4   580.5   580.5   580.3   580.1
   579.8   579.7   579.6   579.5   579.2   579.0   578.8   577.1   575.2   573.9
   574.4   575.4   576.1   576.6   577.2   578.3   579.0   578.2   576.3   577.0
   578.4   577.3   575.9   575.3   575.6   576.1   575.8   575.3   575.0   574.7
   574.4   574.0   573.7   573.2   572.6   572.2   572.2   571.9   571.4   571.9
   572.8   573.0   572.8   573.7   575.5   577.3   578.5   579.6   581.9   585.1
   587.7   588.7   588.7   588.3   587.9
   580.5   580.5   580.5   580.3   580.2   580.2   580.6   580.8   580.9   580.9
   580.8   580.9   581.0   580.5   580.1   580.1   579.3   577.0   574.1   572.6
   573.2   574.7   577.3   579.0   579.7   580.1   578.9   573.8   573.2   575.4
   578.4   578.5   577.4   577.1   577.7   578.5   578.5   578.3   577.8   577.2
   577.0   576.5   576.1   576.0   576.2   576.5   576.8   576.7   576.2   576.6
   577.7   578.3   578.4   578.8   579.5   580.0   580.5   581.7   584.1   587.0
   588.9   589.5   589.4   589.2   589.0
   580.2   580.1   580.1   580.1   580.1   580.1   580.3   580.7   581.2   582.0
   582.2   582.2   582.1   581.8   581.5   581.4   580.6   577.5   573.7   572.6
   573.9   575.3   578.2   584.0   585.4   584.9   582.3   575.5   575.0   577.3
   580.2   580.5   579.9   580.0   580.7   581.3   581.1   580.6   580.3   580.0
   579.8   579.3   578.9   579.0   579.3   579.5   579.4   579.3   579.3   579.9
   580.3   580.5   580.6   580.7   581.0   581.4   582.0   583.5   586.0   588.6
   589.9   590.1   589.9   589.7   589.6
   580.0   580.0   580.0   580.1   580.2   580.3   580.5   580.8   581.5   582.8
   583.1   583.2   583.2   583.0   582.8   582.6   581.3   578.0   574.9   574.4
   575.7   577.3   582.2   586.5   586.4   585.5   584.6   580.9   577.9   578.3
   580.7   581.9   582.4   583.1   583.6   583.6   583.2   582.8   582.8   582.8
   582.8   582.5   582.2   582.3   582.5   582.3   581.6   581.1   581.1   581.5
   581.6   581.2   580.9   580.7   580.8   581.2   582.0   583.6   586.2   588.8
   590.2   590.4   590.3   590.1   589.9
   580.0   580.0   580.0   580.2   580.4   580.7   580.9   581.2   581.6   582.2
   582.8   583.3   583.6   583.8   583.8   583.1   581.3   579.2   578.1   578.2
   579.0   580.6   583.7   585.0   584.7   581.3   582.7   583.6   581.5   580.5
   581.6   583.2   584.6   585.3   585.4   585.1   584.9   584.8   584.8   585.1
   585.3   585.2   584.9   584.8   584.9   584.8   584.1   583.1   582.2   581.6
   581.1   580.8   580.7   580.8   580.8   580.8   581.5   583.3   586.1   588.7
   590.1   590.4   590.3   590.2   590.0
   580.0   580.0   580.1   580.2   580.6   581.0   581.3   581.5   581.7   582.0
   582.1   582.4   583.0   583.6   583.5   582.3   581.2   580.6   581.2   582.0
   582.4   582.8   582.6   582.4   582.1   580.8   580.8   583.5   583.0   582.3
   583.0   584.4   585.7   586.2   586.0   585.8   585.9   586.1   586.2   586.3
   586.6   586.8   586.5   586.0   586.0   586.1   585.9   585.1   583.7   582.4
   581.9   582.4   583.3   583.9   583.7   583.1   583.1   584.4   586.6   588.7
   589.8   590.1   590.2   590.1   590.1
   580.0   580.0   580.1   580.3   580.7   581.1   581.5   581.7   581.8   581.9
   582.0   582.1   582.3   582.4   582.3   581.8   581.4   581.3   581.8   582.5
   582.8   582.6   581.9   581.7   581.7   581.1   580.7   581.7   582.9   583.8
   584.6   585.5   586.2   586.4   586.4   586.3   586.3   586.6   586.8   586.9
   587.0   587.2   587.0   586.8   586.8   587.3   587.6   587.4   586.3   585.2
   585.0   585.9   587.1   587.8   587.6   587.0   586.5   586.8   587.9   589.1
   589.8   590.0   590.1   590.1   590.0
   580.0   580.0   580.1   580.4   580.8   581.3   581.6   581.8   581.9   582.0
   582.0   582.0   582.0   582.0   582.0   581.7   581.4   581.3   581.5   582.0
   582.2   582.1   581.8   581.7   581.8   581.5   581.3   581.8   583.0   584.1
   584.7   585.0   585.5   585.9   586.2   586.3   586.3   586.6   586.9   587.1
   587.2   587.3   587.3   587.4   587.8   588.7   589.4   589.6   589.0   588.2
   588.0   588.7   589.5   589.9   590.1   589.6   588.9   588.6   589.0   589.5
   589.8   590.0   590.0   590.0   590.0
   580.0   580.0   580.1   580.4   580.8   581.3   581.6   581.8   581.9   582.0
   582.0   582.0   582.0   582.0   581.9   581.7   581.4   581.3   581.4   581.6
   581.8   581.8   581.7   581.6   581.6   581.5   581.5   582.1   583.0   583.9
   584.3   584.5   584.9   585.4   585.8   585.9   586.0   586.2   586.6   586.9
   587.2   587.3   587.5   587.6   588.1   588.8   589.5   589.7   589.3   588.7
   588.6   589.1   589.5   590.0   590.1   590.0   589.4   589.1   589.2   589.6
   589.9   590.0   590.0   590.0   590.0
