diamond 4 10年12月01日08时500百帕高度场
10 12 01 08   0   500
  2.000 -2.000  32.0 160.0  80.0  12.0
  65  35  4  400  612  1  0
   530.9   530.7   529.9   528.4   526.4   524.3   521.9   518.8   514.7   509.2
   501.9   492.9   484.8   479.4   478.1   478.0   479.2   481.1   483.7   486.0
   488.2   491.3   495.9   501.2   505.3   507.5   508.5   508.8   508.6   508.0
   507.0   506.0   505.3   505.1   505.0   505.0   505.0   505.0   505.0   505.0
   505.0   505.1   505.5   506.0   506.8   507.5   507.9   508.1   508.3   508.5
   508.5   508.5   508.5   508.5   508.6   509.3   510.7   512.2   513.5   514.4
   514.8   515.0   515.0   515.0   515.0
   531.0   530.7   530.0   528.5   526.7   524.9   523.3   521.3   518.4   514.0
   507.6   499.2   490.4   484.2   481.3   480.9   482.2   485.2   488.8   491.8
   494.2   497.1   501.2   505.4   508.1   509.0   509.1   509.0   508.7   508.1
   507.0   505.9   505.3   505.0   505.0   505.0   505.0   505.0   505.0   504.9
   504.9   505.0   505.4   506.0   506.8   507.5   507.9   508.2   508.5   508.6
   508.7   508.6   508.6   508.6   508.7   509.3   510.5   511.9   513.1   513.9
   514.6   514.9   515.0   515.0   514.9
   531.1   530.8   530.0   528.5   526.7   525.5   524.8   524.1   522.9   520.9
   517.8   512.6   505.5   498.0   492.4   490.1   491.9   496.4   501.0   504.1
   505.8   507.4   509.3   510.8   510.9   510.1   509.3   509.0   508.7   508.1
   507.1   506.0   505.3   505.0   505.0   505.0   505.1   505.0   504.8   504.5
   504.3   504.5   505.1   505.8   506.6   507.3   508.0   508.6   509.0   509.2
   509.2   509.1   509.1   509.0   508.9   509.3   509.9   510.4   511.0   512.0
   513.3   514.4   514.8   514.9   514.9
   531.4   531.0   530.0   528.4   526.6   525.5   525.2   525.3   525.3   525.1
   524.1   522.2   518.6   513.7   508.5   505.4   505.5   507.7   509.9   510.8
   511.1   511.7   512.4   512.6   511.6   510.2   509.3   509.0   508.7   508.2
   507.2   506.2   505.4   505.1   505.0   505.0   505.1   504.9   504.3   503.4
   502.9   503.2   504.1   505.2   506.0   506.6   507.5   508.4   508.9   509.1
   509.1   509.1   509.3   509.4   509.5   510.0   510.3   510.1   510.1   510.9
   512.4   513.8   514.6   514.8   514.8
   531.7   531.1   530.0   528.2   526.5   525.5   525.2   525.4   526.2   527.0
   527.1   526.1   523.9   520.7   517.2   514.7   514.0   514.3   514.2   513.3
   512.6   512.6   513.0   512.8   511.6   510.1   509.0   508.4   508.2   507.9
   507.3   506.5   505.8   505.2   505.0   505.0   505.1   504.9   504.2   503.3
   502.8   502.9   503.6   504.3   504.7   505.1   506.0   507.3   508.1   508.3
   508.4   508.7   509.1   509.6   510.4   511.5   512.2   512.3   512.6   513.3
   514.1   514.7   514.9   514.8   514.6
   531.4   530.9   529.4   527.3   525.7   525.1   524.6   524.2   524.5   524.7
   524.1   522.7   520.4   517.9   515.8   514.9   514.9   515.1   514.6   513.6
   512.9   512.7   513.0   512.7   511.4   509.6   508.1   507.2   506.9   506.8
   506.9   506.8   506.3   505.7   505.3   505.1   505.1   504.9   504.5   503.9
   503.8   503.8   504.0   504.2   504.2   504.2   504.8   506.0   507.0   507.4
   507.7   508.3   509.0   509.6   510.8   512.7   514.4   515.5   516.4   516.8
   516.8   516.4   515.6   514.9   514.6
   530.1   529.5   527.3   524.6   523.5   524.1   524.5   523.8   523.1   522.4
   521.4   519.5   516.8   514.4   513.1   513.0   513.6   513.8   513.3   512.6
   512.3   512.3   512.2   511.8   510.7   509.4   508.3   507.5   507.3   507.5
   507.8   507.8   507.5   507.0   506.5   506.1   505.7   505.3   504.9   504.8
   505.1   505.5   505.9   505.7   505.3   504.8   504.6   505.0   505.9   506.7
   507.4   508.3   509.0   509.1   509.5   510.8   512.9   515.4   517.5   518.2
   517.7   516.9   515.8   515.0   514.6
   526.7   525.5   522.9   520.1   519.4   520.7   522.6   522.7   521.4   520.1
   518.8   517.1   514.7   512.8   511.7   511.3   511.6   511.6   511.2   510.9
   510.9   510.7   510.1   509.2   508.6   508.5   508.6   508.7   508.8   509.0
   509.0   508.8   508.3   507.8   507.9   508.1   507.9   507.3   507.0   507.3
   507.8   508.5   509.1   508.8   507.7   506.4   505.3   504.9   505.3   506.0
   507.0   508.1   508.8   508.7   508.5   508.8   509.9   511.7   513.9   515.1
   515.8   516.0   515.7   515.1   514.7
   522.3   520.5   518.2   516.0   515.2   515.6   517.6   518.2   517.3   516.2
   515.3   514.4   513.2   512.0   510.9   510.4   510.5   510.2   509.8   510.0
   510.5   510.6   510.0   509.0   508.2   508.1   508.8   509.7   510.2   510.2
   509.9   509.2   508.7   508.5   508.9   509.8   510.2   509.9   509.8   510.7
   511.8   512.0   511.7   510.6   509.5   508.4   507.3   506.3   505.8   506.0
   506.8   507.9   508.5   508.5   508.3   508.5   509.3   510.7   512.4   513.4
   514.1   515.0   515.3   514.9   514.5
   519.3   517.3   515.9   515.0   513.7   512.8   513.5   514.0   513.8   513.6
   513.4   513.3   513.2   512.8   512.5   512.5   512.6   512.3   512.2   512.9
   513.7   513.8   513.1   511.8   510.1   508.2   507.9   509.2   510.6   510.9
   510.4   509.8   509.6   509.7   510.6   511.5   511.5   509.9   508.9   510.5
   512.5   513.3   512.9   512.0   511.2   510.5   509.8   509.1   508.3   508.1
   508.5   508.9   509.2   509.0   508.8   509.0   509.8   511.2   512.6   513.1
   513.4   513.9   514.3   514.2   513.9
   517.5   515.8   514.6   514.4   514.1   513.5   513.2   512.7   512.2   512.0
   512.1   513.0   514.5   515.5   516.1   516.5   516.5   516.8   518.0   519.1
   519.2   518.2   516.8   515.5   513.7   511.3   509.9   510.3   511.3   511.7
   511.4   511.0   510.9   511.2   511.7   512.1   511.3   509.1   508.1   509.7
   511.9   512.9   512.9   512.7   512.4   512.1   511.9   511.3   510.5   510.2
   510.2   509.9   509.8   509.7   509.4   509.6   510.3   511.4   512.3   512.9
   513.2   513.3   513.0   512.7   512.5
   517.8   516.0   514.9   514.4   514.3   514.1   513.8   513.4   512.9   512.2
   511.7   512.5   514.4   516.5   518.6   519.5   519.1   519.9   522.6   525.3
   525.8   524.7   523.1   521.0   518.7   516.6   515.2   514.4   514.1   514.0
   513.8   513.1   512.3   512.0   512.2   512.3   511.5   509.9   509.4   510.5
   512.0   512.6   512.4   512.0   512.0   512.4   512.5   512.1   511.4   510.9
   510.3   509.6   509.3   509.3   509.3   509.5   510.0   510.5   511.1   511.6
   512.0   511.8   511.3   510.8   510.9
   519.9   518.8   517.5   516.3   515.6   515.0   514.6   514.3   514.2   513.5
   512.9   513.4   515.2   518.2   521.9   524.7   525.9   527.3   529.7   531.7
   532.3   532.1   531.7   529.8   526.9   524.2   522.2   520.3   518.6   517.3
   516.5   515.6   514.5   514.1   514.3   514.7   514.5   513.8   514.1   514.9
   516.0   515.7   514.0   512.0   511.1   511.1   511.5   511.3   510.5   509.9
   509.2   508.6   508.5   508.9   509.4   509.7   509.7   509.8   510.0   510.3
   510.4   510.3   510.0   509.7   510.0
   523.3   522.7   521.5   520.1   519.2   518.2   516.8   515.8   515.5   515.2
   514.6   514.6   517.6   523.0   528.6   532.1   534.1   536.0   538.5   540.8
   541.8   541.8   541.2   538.7   535.1   531.6   529.2   527.1   524.7   522.5
   520.8   519.6   518.8   519.3   520.2   520.6   520.5   520.6   520.8   520.7
   520.8   520.0   517.9   515.3   513.2   512.0   511.6   511.3   510.7   510.2
   509.4   508.9   509.0   510.0   511.0   511.0   510.2   509.9   510.1   510.3
   510.5   510.6   510.5   510.3   510.5
   527.8   527.0   526.4   525.5   524.7   523.5   521.4   520.0   520.2   521.3
   521.4   521.0   523.8   529.2   534.9   539.3   542.7   545.0   546.7   547.9
   548.2   548.5   549.0   547.1   543.1   538.9   536.0   533.6   531.0   528.3
   526.0   524.4   523.7   524.7   525.6   525.4   524.5   523.9   523.9   523.7
   523.7   523.3   522.4   520.6   518.4   516.3   514.5   512.6   511.1   510.7
   511.0   511.1   511.5   512.1   512.1   511.5   510.8   511.0   511.6   512.1
   512.4   512.4   512.1   511.8   511.6
   534.8   533.8   533.4   532.4   531.4   530.7   529.8   529.5   531.5   534.8
   535.1   533.5   535.0   539.2   542.7   545.6   548.9   551.7   553.2   553.7
   553.7   554.0   555.0   554.5   551.6   547.6   544.2   541.0   537.6   534.1
   531.0   528.7   527.7   528.2   528.2   526.9   525.0   523.9   524.2   524.7
   525.7   526.8   527.8   527.9   526.6   524.8   522.4   519.2   515.9   514.1
   513.8   513.9   514.3   514.4   513.7   513.5   513.6   514.0   514.6   514.9
   514.6   514.1   513.3   512.7   512.4
   545.4   545.5   545.0   543.9   543.1   543.7   544.4   544.9   546.1   547.9
   548.0   546.3   545.0   545.0   546.2   549.2   553.6   556.5   557.7   558.2
   558.6   558.8   559.1   559.0   557.4   554.5   551.0   547.5   543.9   539.8
   535.8   532.5   530.4   529.6   529.0   528.1   527.0   526.3   526.6   527.7
   529.9   532.5   534.5   535.3   534.7   533.4   531.3   528.6   525.2   521.9
   519.4   517.8   518.0   518.8   518.5   518.4   518.1   518.1   518.3   518.1
   516.9   515.3   514.0   513.2   512.9
   556.2   557.0   556.4   555.1   554.7   555.3   555.7   555.5   555.7   556.1
   556.2   554.8   551.7   549.7   550.1   553.2   557.5   560.3   561.6   562.5
   563.3   563.6   563.3   563.2   562.5   560.5   557.5   554.0   550.2   546.0
   541.9   538.5   535.6   533.8   533.0   532.9   533.2   533.3   534.3   537.0
   540.3   542.7   543.7   543.0   541.5   540.3   539.3   538.1   535.9   532.7
   529.2   526.3   525.0   524.6   524.0   523.4   522.7   522.4   522.2   521.7
   519.9   517.4   515.4   514.2   514.0
   564.6   565.3   564.5   563.0   562.5   562.9   562.6   561.2   559.9   558.7
   557.7   557.1   556.3   556.1   557.2   559.5   562.0   563.6   564.7   565.7
   566.6   566.6   565.7   565.5   565.6   564.9   562.9   560.0   556.5   552.5
   548.6   545.5   542.8   541.5   541.8   542.8   544.4   545.1   545.4   546.8
   548.2   549.4   549.7   549.4   548.5   547.3   546.2   545.4   544.7   542.6
   539.3   536.1   534.3   533.5   532.6   531.3   529.9   529.3   528.9   528.0
   525.8   522.4   519.4   517.5   517.3
   570.6   570.8   570.5   569.5   568.5   567.3   565.1   561.7   559.2   558.1
   558.5   560.2   562.2   564.0   565.3   566.2   566.5   566.4   566.4   567.0
   567.7   568.0   567.5   567.6   568.2   568.2   567.1   564.9   562.5   559.5
   556.3   553.8   552.0   551.4   552.0   552.8   553.6   553.1   552.1   552.4
   553.3   554.3   554.7   554.6   554.6   554.1   553.3   552.4   551.6   550.4
   548.2   546.0   545.0   544.5   543.8   542.6   541.0   540.0   539.1   538.0
   535.5   531.5   527.5   524.7   524.1
   575.6   576.1   576.2   575.5   573.6   570.7   567.2   563.7   561.6   561.4
   562.9   565.5   567.8   569.0   569.1   568.8   568.3   567.7   567.3   567.5
   568.0   568.3   568.6   569.4   570.1   570.4   569.9   568.6   567.4   566.1
   564.3   562.5   560.9   559.8   559.3   559.1   559.2   558.4   557.4   557.3
   557.5   557.6   557.3   557.5   558.5   559.2   559.4   558.7   557.9   557.5
   556.9   556.7   556.3   554.4   552.1   550.2   548.7   547.8   547.4   547.1
   545.9   543.2   539.6   536.3   534.8
   580.1   580.6   580.6   579.6   577.1   574.0   571.6   570.4   569.9   569.9
   570.5   571.5   572.2   572.0   571.3   570.5   570.1   569.6   568.7   568.0
   567.8   568.3   569.2   570.2   570.8   571.0   571.2   570.8   570.2   569.6
   568.8   567.9   566.7   565.2   563.6   562.4   561.9   561.6   561.5   561.4
   560.4   559.1   558.2   558.7   560.0   561.3   561.9   561.9   562.0   562.5
   562.3   561.7   561.2   560.0   558.6   556.7   554.7   553.6   553.8   554.9
   556.4   556.6   554.2   550.5   547.9
   583.3   583.9   583.6   582.4   580.5   578.7   578.8   580.2   580.4   579.0
   577.0   575.6   575.0   574.3   573.1   571.9   571.9   571.9   570.3   568.8
   568.2   568.6   569.8   571.1   571.5   571.4   571.6   571.9   571.9   571.6
   570.9   570.3   569.6   568.3   566.6   564.8   563.8   563.5   563.9   563.9
   562.8   561.5   561.2   561.6   562.1   562.1   561.8   562.0   563.4   565.1
   565.5   565.1   564.5   563.8   563.3   562.5   561.4   560.8   561.4   564.0
   568.0   570.4   568.6   564.5   561.2
   584.8   585.1   584.7   584.1   583.5   583.3   583.1   583.7   583.7   582.9
   581.5   579.3   576.9   575.5   574.6   573.7   573.2   572.8   572.0   571.2
   570.9   570.8   571.0   571.6   572.0   572.1   572.4   573.1   573.2   573.0
   572.5   571.8   571.0   570.1   568.7   567.2   566.1   565.5   565.5   565.7
   565.3   565.0   565.1   565.5   565.5   564.9   563.5   563.0   564.9   567.3
   568.4   568.3   567.8   567.4   567.4   567.6   567.7   568.1   569.9   573.8
   578.9   581.7   579.7   575.6   572.3
   585.2   585.2   584.9   584.4   584.1   584.0   583.8   584.0   583.8   583.2
   582.2   581.1   579.5   577.2   575.4   574.6   573.8   573.6   573.6   573.6
   573.2   572.2   571.5   572.4   572.9   573.1   573.7   573.9   574.3   574.5
   574.2   573.4   572.9   572.1   570.7   569.3   568.2   567.6   567.7   568.1
   568.1   568.0   568.3   568.8   569.1   568.7   567.5   566.7   568.1   570.0
   570.8   570.9   570.9   571.3   572.1   573.1   574.3   575.7   578.2   582.0
   586.0   587.8   586.0   582.9   580.3
   585.2   585.1   584.8   584.4   584.1   583.7   583.5   583.3   583.2   583.0
   582.4   581.5   580.7   579.9   578.8   577.4   576.7   576.1   575.3   574.2
   572.4   571.2   570.9   573.1   574.6   575.4   574.3   574.1   574.2   574.5
   574.3   573.8   573.5   572.8   571.5   569.8   568.5   568.2   568.7   569.2
   569.7   570.1   570.6   571.2   571.8   572.2   571.9   571.2   571.4   572.3
   573.2   573.7   574.1   575.2   577.0   579.0   580.7   582.0   583.8   586.4
   588.7   589.7   588.7   587.0   585.4
   585.1   585.0   584.8   584.5   584.0   583.2   582.8   582.7   582.7   582.6
   582.1   581.4   580.5   580.4   580.0   579.5   579.9   578.3   575.9   573.4
   572.5   572.3   574.0   577.8   581.6   581.3   575.3   574.0   574.0   574.1
   573.9   573.6   573.3   572.7   571.7   570.6   570.0   570.5   571.1   571.2
   571.5   572.1   572.9   573.2   573.8   574.7   575.3   575.2   574.9   576.3
   578.3   579.4   579.6   580.3   581.5   582.8   583.8   584.8   586.3   588.4
   589.9   590.5   590.1   589.3   588.5
   585.0   585.0   584.8   584.5   584.0   583.2   582.6   582.5   582.5   582.4
   582.0   581.6   581.6   581.8   581.3   581.0   580.1   578.3   574.9   573.4
   574.0   575.8   581.3   584.4   585.9   583.8   576.6   574.3   574.4   574.7
   575.0   575.1   575.4   575.1   574.3   574.0   574.4   575.5   576.0   575.8
   575.7   576.1   576.7   576.8   577.3   578.7   579.8   579.8   579.5   580.8
   582.7   583.5   583.6   583.8   584.2   584.8   585.4   586.4   588.0   589.9
   591.1   591.3   591.1   590.7   590.3
   585.0   585.0   584.9   584.5   584.0   583.3   582.9   582.7   582.7   583.2
   583.2   583.4   583.6   583.8   583.2   582.5   581.6   579.3   576.1   575.4
   576.1   577.4   582.1   586.3   585.9   582.4   579.9   576.3   575.9   576.6
   577.7   578.3   579.0   579.1   578.4   578.1   578.5   579.4   580.1   580.3
   580.5   580.9   581.4   581.4   581.6   582.1   582.4   582.5   583.1   584.3
   585.1   585.2   585.2   585.3   585.5   585.9   586.6   587.7   589.4   591.2
   592.1   592.1   591.9   591.6   591.3
   585.0   585.0   584.9   584.6   584.0   583.4   583.2   583.2   583.6   584.5
   584.7   584.9   585.3   585.6   584.9   584.0   582.5   579.3   576.6   577.1
   577.8   578.6   581.7   583.3   582.9   582.7   582.7   579.9   578.3   578.8
   580.4   581.2   581.9   582.0   581.5   581.1   581.4   582.1   582.9   583.4
   583.7   584.2   584.7   584.7   584.5   584.4   584.1   584.2   584.8   585.7
   586.0   585.6   585.2   585.1   585.3   585.7   586.4   587.5   589.4   591.4
   592.4   592.5   592.3   592.0   591.8
   585.0   585.0   584.9   584.7   584.3   583.9   583.9   584.1   584.5   585.2
   585.5   585.7   585.9   586.3   586.1   585.1   582.6   579.3   576.7   577.9
   579.4   580.7   583.3   583.3   582.8   582.1   582.5   582.0   580.9   581.1
   582.4   583.3   583.9   584.2   583.9   583.6   583.6   584.0   584.5   585.0
   585.4   586.0   586.2   586.1   585.9   585.8   585.5   585.3   585.3   585.4
   585.2   584.7   584.3   584.2   584.4   584.8   585.5   587.0   589.2   591.2
   592.3   592.5   592.4   592.2   592.0
   585.0   585.0   584.9   584.8   584.7   584.6   584.7   584.8   585.0   585.3
   585.4   585.3   585.1   585.2   585.5   584.7   583.9   583.4   583.4   584.8
   586.7   587.5   586.3   583.3   582.2   582.0   582.3   582.9   582.2   582.0
   582.7   583.8   584.7   585.2   585.3   585.1   585.1   585.2   585.3   585.5
   585.8   586.2   586.2   586.0   585.9   586.0   586.1   585.9   585.4   584.9
   584.4   584.2   584.2   584.4   584.5   584.7   585.4   586.9   589.0   590.8
   591.8   592.2   592.2   592.1   592.0
   585.0   585.0   585.0   584.9   584.9   584.9   584.9   584.9   584.9   585.0
   584.9   584.8   584.7   584.7   585.0   585.3   585.8   586.5   587.3   588.3
   588.7   587.8   585.6   583.2   582.2   582.0   582.1   582.1   581.7   581.3
   581.6   582.6   584.2   585.4   586.0   586.0   585.9   585.8   585.8   585.8
   585.9   586.1   586.1   586.0   586.2   586.6   587.1   587.3   586.7   585.7
   585.1   585.0   585.2   585.3   585.3   585.3   585.6   586.8   588.6   590.4
   591.5   591.9   592.0   592.1   592.0
   585.0   585.0   585.0   585.0   585.0   585.0   585.0   585.0   584.9   584.8
   584.7   584.6   584.5   584.7   585.0   585.6   586.4   587.4   588.2   588.8
   588.5   586.6   583.9   582.2   581.8   581.9   581.9   581.6   581.1   580.6
   580.5   580.9   582.2   584.0   585.4   586.1   586.2   586.2   586.2   586.1
   586.1   586.1   586.2   586.4   587.0   587.9   588.8   589.0   588.3   587.2
   586.5   586.4   586.6   586.6   586.5   586.1   585.9   586.4   587.8   589.5
   590.8   591.5   591.9   592.0   592.0
   585.0   585.0   585.0   585.0   585.0   585.0   585.0   585.0   584.9   584.8
   584.7   584.6   584.6   584.7   585.1   585.7   586.5   587.3   588.1   588.3
   587.6   585.6   583.1   581.7   581.5   581.6   581.6   581.4   580.8   580.4
   580.2   580.4   581.4   583.1   584.6   585.6   586.0   586.2   586.2   586.2
   586.2   586.2   586.4   586.7   587.2   588.0   588.7   588.9   588.4   587.5
   586.9   586.7   586.5   586.5   586.3   586.1   585.8   586.3   587.5   589.1
   590.4   591.2   591.7   591.9   592.0
