diamond 4 10年12月02日08时500百帕高度场
10 12 02 08   0   500
  2.000 -2.000  32.0 160.0  80.0  12.0
  65  35  4  400  612  1  0
   528.7   528.5   527.5   525.5   522.5   518.8   514.6   510.3   506.1   502.0
   497.4   493.3   490.4   488.4   487.4   486.9   487.7   489.5   491.6   493.1
   494.3   495.6   497.4   499.4   500.9   501.6   501.8   501.8   501.7   501.5
   501.2   501.0   500.9   500.9   501.0   501.2   501.5   501.8   501.7   501.6
   501.7   502.2   503.0   504.2   505.4   506.3   506.9   507.2   507.6   508.2
   508.6   508.8   508.7   509.0   509.6   510.4   511.6   512.8   513.9   514.5
   514.9   515.0   515.0   515.0   515.1
   528.4   528.4   527.6   525.8   523.0   519.6   515.6   511.4   507.4   503.3
   499.0   495.0   491.9   489.7   488.2   487.9   489.1   491.8   494.5   496.4
   497.7   498.8   500.3   501.6   502.3   502.3   502.1   502.0   501.8   501.5
   501.2   500.9   500.7   500.6   500.6   500.7   501.0   501.4   501.5   501.6
   501.8   502.3   503.2   504.4   505.6   506.4   506.8   507.0   507.4   507.9
   508.5   508.8   508.9   509.2   510.0   510.8   511.8   512.9   513.7   514.3
   514.8   515.0   515.0   515.1   515.1
   527.0   527.2   526.9   525.8   523.7   520.8   517.1   512.9   508.9   505.6
   502.7   500.1   497.8   495.5   493.6   493.2   495.1   498.4   501.5   503.4
   504.3   504.6   504.7   504.4   503.7   502.8   502.2   502.0   501.9   501.6
   501.2   500.7   500.2   499.9   499.8   500.0   500.3   500.7   500.9   501.0
   501.4   502.2   503.5   504.7   505.8   506.4   506.6   506.6   506.7   507.2
   507.9   508.6   509.2   510.0   510.9   511.7   512.3   512.6   512.9   513.5
   514.3   514.8   515.1   515.2   515.3
   525.1   524.5   524.5   524.5   523.6   521.5   518.6   515.0   511.7   509.3
   507.3   505.5   503.9   502.8   501.9   501.7   502.5   504.2   505.8   506.8
   507.2   507.0   506.4   505.4   504.0   502.9   502.2   502.0   501.9   501.6
   501.2   500.7   500.1   499.7   499.6   499.6   499.8   499.9   499.8   499.5
   499.5   500.5   502.4   504.3   505.5   506.0   506.2   506.4   506.5   507.0
   507.8   508.7   509.8   510.8   511.8   512.4   512.7   512.7   513.0   513.7
   514.5   515.1   515.4   515.5   515.6
   524.8   523.7   523.5   523.6   523.0   521.4   519.3   517.1   515.2   513.9
   512.6   511.0   509.6   508.9   508.2   507.0   506.1   505.8   506.2   506.9
   507.4   507.4   506.7   505.5   504.1   502.8   502.1   501.8   501.7   501.6
   501.4   501.0   500.5   500.1   499.9   500.0   500.1   500.3   500.2   499.9
   499.7   500.3   501.9   503.6   504.6   505.0   505.4   506.2   506.8   507.2
   507.5   508.0   509.1   510.5   511.9   512.9   513.2   513.4   514.0   515.0
   515.7   516.1   516.2   516.1   516.0
   527.4   526.4   526.0   525.6   524.6   522.9   521.0   519.4   518.1   517.3
   516.2   514.9   513.6   512.5   511.0   509.0   507.3   506.3   506.1   506.4
   507.0   507.2   506.6   505.5   504.0   502.5   501.6   501.3   501.3   501.4
   501.5   501.6   501.4   500.9   500.6   500.6   500.7   501.1   501.5   501.7
   501.8   502.1   502.9   503.9   504.5   504.6   505.0   505.9   506.8   507.1
   506.8   506.8   507.6   509.0   511.0   512.7   513.8   514.5   515.5   516.6
   517.4   517.6   517.3   516.7   516.4
   531.5   530.9   529.9   528.7   527.1   524.9   522.8   521.3   520.0   518.9
   517.6   516.2   514.9   513.5   511.7   509.7   508.3   507.4   506.7   506.5
   506.7   506.7   506.2   505.1   503.7   502.2   501.4   501.3   501.5   501.8
   502.1   502.5   502.7   502.6   502.4   502.2   502.1   502.5   503.1   503.8
   504.4   505.0   505.8   506.4   506.5   506.1   505.8   506.1   506.7   507.0
   506.9   507.0   507.6   509.1   511.1   513.0   514.3   515.5   516.8   518.2
   519.2   519.3   518.4   517.2   516.4
   535.4   534.7   532.8   530.4   528.4   526.5   524.7   523.0   521.6   520.3
   518.7   517.0   515.2   513.4   511.5   510.0   509.2   508.6   507.8   507.2
   506.8   506.4   505.6   504.5   503.1   501.7   501.0   501.4   501.9   502.3
   502.9   503.5   503.9   504.2   504.9   505.5   505.6   505.7   506.2   507.1
   507.9   508.8   509.8   510.2   509.7   508.7   507.8   507.4   507.3   507.2
   507.2   507.6   508.4   510.0   511.8   513.1   514.0   515.2   517.1   518.8
   519.8   519.8   518.6   517.0   516.0
   537.5   536.3   533.9   530.9   528.4   526.5   525.0   523.5   522.1   520.6
   518.9   516.9   514.7   512.6   510.6   509.3   509.0   508.9   508.2   507.3
   506.6   506.2   505.6   504.8   503.5   501.6   500.8   501.6   502.6   503.5
   504.6   505.7   505.7   505.7   506.8   508.4   509.2   509.6   510.2   511.2
   512.2   512.7   512.9   512.6   512.2   511.5   510.5   509.5   508.7   508.2
   507.9   508.3   509.5   511.2   512.7   513.5   514.0   515.0   516.7   518.1
   518.8   518.7   517.6   516.0   514.9
   538.2   536.5   533.9   530.9   528.5   526.3   524.4   522.7   521.1   519.3
   517.2   514.4   511.9   510.5   509.6   508.6   508.0   507.5   506.5   505.5
   505.3   505.8   506.1   505.6   504.0   501.1   500.2   502.1   504.9   507.1
   508.8   509.8   509.8   509.5   510.8   512.5   513.1   512.5   512.2   512.8
   513.8   514.3   514.3   513.9   513.7   513.5   512.8   511.7   510.6   509.8
   509.5   510.3   511.7   513.1   514.0   514.4   514.9   515.7   516.6   517.2
   517.3   517.0   516.0   514.5   513.5
   536.6   535.2   532.3   529.6   527.2   524.8   522.5   520.4   518.7   517.0
   514.1   510.0   507.2   507.6   509.0   509.0   508.1   507.5   506.5   505.3
   504.6   505.0   505.9   505.9   503.9   501.1   500.8   504.1   508.6   512.4
   514.6   515.7   515.8   515.6   516.3   516.8   516.1   514.2   513.0   512.9
   513.3   513.7   513.9   513.8   514.0   514.1   513.9   513.5   512.7   512.0
   512.0   513.2   514.7   515.5   515.6   515.6   516.0   516.4   516.4   516.3
   516.1   515.6   514.5   513.1   512.4
   533.4   531.1   528.3   525.9   524.1   522.2   519.9   517.8   516.3   514.6
   511.8   508.1   506.1   506.8   508.4   508.7   507.8   507.5   507.2   505.8
   504.0   504.0   505.4   505.6   504.5   503.8   505.4   508.8   513.9   518.8
   521.9   523.2   523.3   522.4   521.4   520.1   518.2   515.4   513.7   513.2
   513.1   513.1   513.1   513.4   514.0   514.6   515.0   515.3   515.4   515.3
   515.5   516.2   517.2   517.4   517.0   516.3   516.1   516.0   515.5   515.1
   514.8   514.3   513.4   512.4   511.9
   531.6   528.7   526.0   523.8   523.1   521.6   519.1   516.4   515.4   514.5
   512.8   510.4   508.9   508.7   509.3   509.4   508.1   507.0   506.8   506.3
   505.1   506.0   508.2   509.9   511.1   513.5   515.4   516.9   520.1   524.5
   527.8   529.5   529.7   528.7   527.0   524.8   521.8   518.1   515.8   515.0
   515.0   514.9   514.6   514.6   515.3   516.4   517.4   518.6   519.6   519.9
   519.5   519.2   519.2   519.4   519.0   517.9   517.0   516.4   515.5   514.6
   514.0   513.7   513.2   512.6   512.3
   535.0   533.6   531.2   529.0   528.4   526.7   521.8   517.3   515.7   515.9
   515.9   515.6   515.1   514.3   513.4   512.3   510.4   508.8   508.9   509.2
   508.9   510.5   513.5   516.0   519.0   523.6   526.7   527.9   530.2   533.4
   535.3   535.6   535.2   534.5   532.8   530.3   526.8   522.9   519.9   518.1
   517.0   516.9   517.3   517.3   517.7   518.7   519.7   520.9   522.2   522.8
   522.6   522.0   521.9   522.3   522.4   521.6   520.5   519.6   518.3   516.6
   515.2   514.5   514.1   513.6   513.3
   541.9   541.5   540.5   539.1   538.1   534.4   528.3   523.0   521.2   521.9
   522.8   522.7   521.9   520.2   518.1   516.1   514.9   515.3   517.9   519.3
   517.8   518.1   521.6   525.0   527.5   531.3   534.6   536.9   539.5   541.7
   542.4   541.9   541.3   540.4   538.2   535.1   531.3   527.3   524.2   521.5
   519.0   519.0   520.4   520.1   519.5   519.9   521.1   522.5   524.2   525.9
   526.8   526.8   526.7   527.1   527.4   526.5   525.1   524.0   522.7   520.5
   518.2   516.6   515.5   514.8   514.3
   549.8   549.9   549.4   548.8   548.0   545.4   540.7   536.7   534.8   534.6
   533.0   530.4   528.1   526.2   523.8   521.8   521.7   523.8   527.3   529.6
   528.9   529.1   531.9   535.5   539.0   543.1   546.3   548.0   548.7   548.8
   548.3   547.7   547.2   546.3   543.7   539.9   535.4   531.5   528.5   525.7
   522.7   522.1   522.9   521.6   519.9   520.5   523.1   525.7   528.4   531.3
   533.1   533.7   533.7   534.0   534.1   533.7   532.3   531.2   529.8   527.4
   523.5   519.8   517.3   515.7   515.0
   556.9   557.3   556.9   556.1   555.5   554.3   552.4   550.9   549.5   547.4
   543.5   539.2   534.8   531.7   529.9   529.5   530.9   532.9   535.1   537.0
   537.8   539.0   541.5   545.0   549.1   552.8   555.0   555.6   555.2   554.1
   553.1   552.3   551.5   550.4   548.3   544.5   539.5   535.4   532.8   530.5
   527.7   525.4   524.1   522.1   521.2   523.0   526.7   530.7   534.8   538.1
   539.0   539.7   540.8   541.3   540.6   539.2   537.8   537.2   536.7   534.6
   529.8   524.0   519.4   516.7   515.6
   562.5   562.6   562.4   562.0   561.8   561.4   560.9   560.4   559.3   556.4
   552.9   548.6   542.6   537.4   535.1   536.1   539.4   543.2   546.7   549.1
   549.4   549.7   551.1   553.9   556.9   558.9   560.0   560.3   559.9   559.0
   558.1   557.6   556.7   555.2   553.2   549.3   543.9   539.3   536.5   534.3
   531.1   526.7   523.9   523.1   524.4   527.4   531.6   536.1   540.8   544.0
   544.4   544.8   546.7   548.8   549.0   547.7   545.5   544.0   543.0   540.8
   535.7   528.6   522.4   518.4   517.1
   567.3   567.3   567.2   567.1   567.3   567.1   566.2   565.0   562.8   558.8
   554.7   551.3   547.2   543.2   541.3   542.7   546.7   551.8   557.1   560.8
   561.6   560.3   558.7   559.1   561.2   562.5   563.2   563.3   563.0   562.7
   562.4   562.1   561.5   560.4   558.7   555.2   549.7   544.6   540.9   537.7
   534.2   529.6   526.7   527.1   530.0   533.6   537.5   541.8   545.8   548.2
   548.8   549.7   551.9   554.8   556.4   556.0   554.4   552.3   550.3   547.6
   542.4   534.7   527.4   522.2   520.6
   572.3   572.6   572.7   572.5   572.1   571.3   569.4   566.6   564.2   561.6
   559.5   557.7   555.7   553.5   552.2   553.3   556.8   561.1   564.8   566.8
   566.7   565.2   563.4   563.3   564.5   565.3   565.8   565.7   565.5   565.4
   565.4   565.4   565.2   564.1   562.3   559.0   554.2   549.0   544.3   540.6
   537.4   534.0   531.9   533.0   536.7   540.5   543.9   547.4   550.3   552.2
   553.4   554.8   557.3   560.1   561.6   561.9   561.2   559.7   557.9   555.6
   551.1   543.7   535.7   529.6   527.4
   576.6   577.4   578.1   577.9   576.6   574.6   572.5   571.1   570.8   570.9
   570.7   570.2   569.3   567.6   565.5   564.3   564.7   566.5   568.3   569.4
   569.2   568.2   567.1   567.0   567.4   567.7   567.9   567.7   567.5   567.6
   567.7   567.8   567.7   567.0   565.4   562.8   558.9   553.9   548.5   543.9
   540.7   538.4   537.6   539.5   544.2   547.8   549.8   551.5   553.7   556.0
   558.0   560.0   562.1   563.6   564.4   564.6   564.5   563.8   562.9   561.8
   559.4   554.1   547.1   540.7   537.8
   580.2   581.0   581.8   581.5   579.7   577.4   576.1   576.1   576.5   576.7
   576.5   576.3   576.3   575.9   574.5   572.1   569.6   568.3   568.3   568.9
   569.7   569.7   569.5   569.4   569.4   569.3   569.1   568.8   568.8   569.1
   569.1   569.2   569.4   569.1   567.6   565.9   563.4   559.5   555.0   550.9
   548.1   546.7   546.0   547.2   550.6   553.2   554.0   555.4   558.1   561.3
   563.8   565.5   566.4   566.4   566.5   566.6   566.4   566.1   566.0   566.3
   566.7   564.9   559.9   554.0   550.4
   582.9   583.7   584.3   583.7   582.0   580.2   579.7   580.6   580.5   580.0
   579.4   579.0   579.3   579.6   579.3   577.7   573.7   570.2   568.3   568.2
   569.9   570.9   570.9   570.9   570.5   570.0   569.6   569.4   569.8   569.9
   569.9   570.0   570.6   570.5   569.2   568.1   567.3   565.4   562.8   560.1
   558.0   556.9   556.9   557.1   557.9   557.8   558.0   559.3   561.8   564.8
   567.4   569.2   569.4   568.7   568.5   568.8   569.0   569.1   569.7   571.6
   574.4   575.3   572.0   566.8   563.0
   585.0   585.7   586.0   585.5   584.6   583.7   582.2   582.5   582.8   582.4
   582.0   581.6   581.4   580.6   580.2   579.1   577.0   575.4   573.4   571.3
   570.9   571.7   571.4   571.2   571.1   570.9   570.5   570.2   570.3   570.6
   570.8   571.4   572.2   572.4   571.7   571.1   570.4   568.9   567.2   565.7
   564.3   563.2   562.6   562.2   561.7   561.5   561.7   563.2   565.7   568.2
   570.3   571.8   571.9   571.5   571.7   572.2   572.8   573.5   575.2   578.3
   582.1   583.8   581.3   576.9   573.4
   585.8   586.1   586.0   585.7   585.4   585.0   583.0   581.8   583.1   583.8
   583.9   583.5   583.3   582.6   582.1   580.1   577.3   576.3   575.4   573.8
   572.8   572.1   571.6   571.5   571.4   571.1   570.5   570.3   571.2   572.0
   572.6   573.3   574.3   574.5   573.8   573.1   572.1   570.8   569.5   568.7
   567.5   566.1   565.2   564.7   564.4   564.4   565.2   567.1   569.5   571.6
   572.9   573.8   574.2   574.6   575.4   576.5   578.0   579.6   581.8   584.6
   587.4   588.4   586.6   583.4   580.9
   585.8   585.8   585.7   585.6   585.5   585.4   583.8   581.9   581.6   582.8
   583.3   581.1   581.1   583.2   583.1   579.7   574.4   572.2   571.1   570.5
   571.9   572.2   572.1   572.3   572.2   571.7   570.9   570.9   571.8   573.1
   573.7   574.0   574.9   575.5   575.1   574.4   573.3   572.1   571.3   570.7
   569.5   568.1   567.4   567.1   567.2   567.8   569.1   570.7   572.3   574.1
   575.7   576.5   577.0   578.2   580.2   582.4   584.2   585.4   586.7   588.1
   589.4   589.7   588.8   587.2   585.7
   585.8   585.7   585.6   585.6   585.7   585.6   584.7   583.5   583.0   582.7
   582.7   581.6   581.2   581.7   580.8   578.0   574.7   573.3   572.6   571.9
   572.7   573.0   573.1   573.3   573.5   573.1   571.2   571.2   572.6   573.9
   574.1   573.6   574.2   575.4   575.5   575.3   574.7   573.8   573.0   572.2
   571.2   570.4   570.2   570.5   571.4   572.8   574.5   575.5   575.6   577.6
   580.3   581.9   582.5   583.7   585.5   586.9   587.5   587.9   588.6   589.6
   590.2   590.4   590.0   589.3   588.6
   585.8   585.8   585.8   585.8   585.8   585.7   585.2   584.9   584.7   584.6
   584.1   583.6   583.1   582.7   581.7   579.9   577.1   576.0   575.3   574.7
   574.3   574.2   575.1   575.3   575.5   575.0   573.5   574.1   575.0   575.2
   574.6   574.1   575.5   577.2   577.3   576.8   576.3   575.8   575.5   575.0
   574.5   574.4   575.0   576.1   577.4   579.0   580.6   581.0   580.6   582.3
   584.7   585.9   586.5   587.4   588.4   588.8   589.0   589.3   590.0   590.8
   591.2   591.2   591.0   590.7   590.3
   585.9   585.9   585.9   585.9   585.8   585.5   585.2   585.0   585.3   586.1
   586.0   585.7   585.3   584.9   583.9   582.2   579.4   578.4   577.9   577.3
   576.6   575.6   575.6   575.8   576.0   574.8   577.5   581.5   580.7   579.2
   577.8   577.9   579.5   580.6   580.1   579.4   579.0   579.1   579.4   579.5
   579.5   579.8   580.7   581.5   581.8   582.4   583.2   583.8   584.5   586.2
   587.1   587.5   588.0   588.7   589.5   589.8   590.0   590.4   591.1   591.9
   592.2   592.1   591.8   591.5   591.3
   586.0   586.0   586.0   585.9   585.7   585.4   585.1   585.1   585.5   586.9
   587.2   587.0   586.8   586.5   585.7   584.1   581.3   580.1   579.9   579.5
   578.3   575.0   573.5   573.3   574.2   575.8   578.6   581.0   582.3   582.0
   581.1   581.2   582.3   582.8   582.4   581.8   581.7   582.1   582.9   583.3
   583.6   584.0   584.9   585.1   584.7   584.6   584.9   585.3   586.3   587.5
   588.0   587.8   587.9   588.4   589.0   589.5   589.8   590.2   591.1   592.1
   592.7   592.7   592.4   592.0   591.8
   586.0   586.0   586.0   585.9   585.6   585.3   585.1   585.0   585.1   585.6
   586.5   587.3   587.7   587.7   587.2   585.6   582.2   580.5   580.8   581.4
   581.4   579.4   577.6   577.1   577.1   579.7   580.3   580.4   581.7   582.6
   583.1   583.6   584.2   584.4   584.1   583.8   583.9   584.5   585.2   585.7
   586.0   586.5   587.0   587.3   587.3   587.4   587.2   586.8   586.8   587.2
   587.2   586.9   586.9   587.3   587.9   588.4   588.9   589.6   590.8   591.9
   592.6   592.7   592.5   592.2   592.0
   586.0   586.0   586.0   585.9   585.6   585.3   585.1   585.0   585.0   585.0
   585.2   585.6   586.7   587.3   587.0   585.0   582.6   581.2   582.0   583.2
   583.7   583.1   582.4   582.0   582.4   583.0   582.4   580.8   581.4   582.5
   583.5   584.4   585.1   585.4   585.2   585.2   585.6   586.1   586.4   586.3
   586.1   586.3   586.9   587.4   587.9   588.2   588.2   587.8   587.2   586.7
   586.4   586.3   586.5   587.0   587.4   587.8   588.3   589.2   590.4   591.5
   592.0   592.2   592.2   592.1   592.0
   586.0   586.0   586.0   585.9   585.6   585.4   585.1   585.0   585.0   585.0
   585.0   585.1   585.4   585.6   585.3   584.6   583.8   583.3   583.5   583.9
   584.1   583.8   583.5   583.2   583.1   583.3   583.2   582.6   582.2   582.5
   583.2   584.1   585.1   585.8   586.0   586.1   586.5   586.8   586.8   586.5
   586.0   586.2   586.8   587.5   588.1   588.6   588.8   588.6   587.9   587.1
   586.7   586.7   587.0   587.3   587.5   587.7   588.0   588.7   589.8   591.0
   591.6   592.0   592.1   592.1   592.0
   586.0   586.0   586.0   585.8   585.6   585.4   585.2   585.0   585.0   585.0
   585.0   585.0   585.0   585.0   584.9   584.6   584.2   584.0   584.0   584.1
   584.2   584.1   583.9   583.6   583.3   583.2   583.2   582.9   582.5   582.4
   582.6   583.1   583.9   585.0   585.9   586.4   586.8   586.9   586.9   586.6
   586.2   586.2   586.8   587.5   588.2   588.8   589.2   589.1   588.6   587.8
   587.4   587.5   587.7   588.0   588.2   588.1   587.9   588.1   589.1   590.2
   591.1   591.6   591.9   592.0   592.0
   586.0   586.0   586.0   585.8   585.6   585.4   585.2   585.1   585.0   585.0
   585.0   585.0   585.0   584.9   584.8   584.6   584.3   584.1   584.1   584.1
   584.2   584.1   583.9   583.6   583.3   583.2   583.1   582.8   582.4   582.2
   582.2   582.5   583.2   584.3   585.3   585.9   586.3   586.5   586.6   586.6
   586.3   586.4   586.9   587.5   588.1   588.5   588.8   588.8   588.4   587.9
   587.5   587.5   587.6   587.9   588.0   588.0   587.8   588.0   588.7   589.8
   590.8   591.4   591.7   591.9   592.0
