diamond 2 10年11月30日20时500百帕高空观测
10 11 30 20  500 393
  1001   -8.66   70.93    9    1  555  -21   16  345   16
  1028   19.02   74.52   14    1  538  -29  3.3  305   15
  1152   14.37   67.27   13    1  541  -31    6   30   13
  1241    9.60   63.70    7    1  538  -36  3.8   35   19
  1415    5.63   58.88    9    1  533  -37   10   70   20
  2185   22.13   65.55   16    1  535  -35   14   30   13
  2365   17.45   62.53    6    1  534  -37    5   45   13
  2836   26.65   67.37  179    1  534  -34   17   30   12
  2963   23.50   60.82  103    1  528  -39    6   45   16
  3953  -10.24   51.93   14    1  532  -39   11   70   11
  4018  -22.59   63.97   38    1  563  -21   10   10   14
  4220  -52.74   68.70   47    1  532  -34    6  185   27
  4320  -18.66   76.77   12    1  549  -21   14  285   15
  4339  -21.96   70.48   66    1  559  -17   13  255   18
  6011   -6.76   62.02   39    1  549  -30  3.8   40   15
  6610    6.95   46.82  491    1  537  -28  3.6  235   20
  7110   -4.41   48.45  103    1  529  -34   18  300   14
  7510    -.69   44.83   45    1  532  -29   19  225   13
  8001   -8.41   43.37   67    1  528  -30  3.2  125    6
  8221   -3.54   40.45  582    1  538  -23   42  235   38
  8495   -5.34   36.15    5    1  553  -16   33  245   37
  8579   -9.12   38.77  105    1  535  -26   33  255   30
 10035    9.55   54.53   47    1  530  -36   18  280    7
 10393   14.12   52.22  112    1  530  -35  3.9   15    2
 10410    6.97   51.40  161    1  529  -36    5  115   11
 10739    9.20   48.83  311    1  533  -31   17  260   30
 10868   11.55   48.25  484    1  536  -29   13  255   28
 11035   16.37   48.25  209    1  538  -28   11  260   36
 11520   14.45   50.00  304    1  531  -34   24  265   19
 12120   17.53   54.75    2    1  528  -32   10 9999 9999
 12374   20.97   52.40   96    1  528  -33  2.7  330    3
 12425   16.98   51.13  116    1  530  -34    6  265   10
 12843   19.18   47.43  139    1  542  -23  2.0  250   46
 15420   26.13   44.50   91    1  560  -19   .9  255   33
 15614   23.38   42.65  595    1  562  -15  1.7  260   33
 16080    9.28   45.43  103    1  541  -26  1.5  235   25
 16320   17.95   40.65   10    1  566  -15   .6  250   27
 16429   12.50   37.92   14    1  569  -12    8  245   23
 16560    9.05   39.25    3    1  562  -14  3.0  240   31
 17030   36.33   41.28    4    1  572  -17  1.9  270   26
 17062   29.08   40.97   40    1  569  -16    7  265   27
 17130   32.88   39.95  894    1  574  -15    7  275   25
 17220   27.17   38.43   25    1  577  -13   25 9999 9999
 17240   30.55   37.75  997    1  579  -13   44  260   21
 20046   58.05   80.62   20    1 9999 9999 9999 9999 9999
 20674   80.40   73.50   50    1  511  -39  2.7    5    7
 20744   52.73   72.38   16    1  525  -35  2.1  325    9
 20891  102.47   71.98   33    1  507  -43  1.9  140    5
 21824  128.92   71.58    8    1  508  -45  3.2   40    3
 21946  147.88   70.62   48    1  510  -41    8  250   21
 22113   33.05   68.97  120    1  531  -34    9   20   13
 22217   32.43   67.13   26    1  529  -35    8   35   16
 22271   44.13   67.88   16    1  522  -38   11   55   23
 22550   40.50   64.58   13    1  517  -38    8   30    9
 22820   34.27   61.82  110    1  520  -38    8   35   11
 22845   38.93   61.50  121    1  518  -37  3.9  305    2
 23205   53.02   67.65    7    1  519  -39    8   55   11
 23330   66.53   66.53   21    1  512  -41  1.1  345    7
 23418   57.10   65.12   67    1  516  -39   12  305    6
 23472   87.95   65.78   32    1  510  -41    6  230    5
 23804   50.85   61.67  121    1  518  -35    6   50    4
 23884   90.00   61.60   63    1  510  -37  1.4  135    3
 23921   60.43   60.68   86    1  516  -39  4.3  140    7
 23955   77.87   60.43   47    1  512  -36   10  325   16
 24125  112.43   68.50  203    1  508  -43  2.9  275    5
 24266  133.38   67.55  137    1  507  -43    9  200    3
 24343  123.40   66.77   78    1  508  -44  3.8  350    3
 24507  100.07   64.17  186    1  510  -41   11  240    3
 24641  121.62   63.77  118    1  509  -43  4.2  340    5
 24688  143.15   63.27  742    1  511  -36  3.1  140    8
 24726  113.87   62.53  357    1  514  -44    9  340    3
 24908  102.27   60.33  260    1  513  -36   10  280    4
 24944  120.42   60.40  134    1  511  -43    7  300   10
 24959  129.75   62.08  103    1  511  -40   12  225    8
 25123  161.28   68.80   32    1  519  -36   14  265   26
 25400  150.90   65.73   43    1  518  -35   12  125   14
 25703  152.42   62.92  207    1  515  -40  2.7  110   13
 25913  150.78   59.58  118    1  510  -42    6  190   16
 26063   30.30   59.97   74    1  522  -38    6   15   11
 26298   34.05   57.90  188    1  519  -31   13  285    4
 26477   30.60   56.38  111    1  522  -28    6  335    7
 26781   32.07   54.75  241    1  522  -30  1.0   45    5
 27037   39.87   59.28  127    1 9999 9999 9999 9999 9999
 27199   49.63   58.60  158    1  521  -26   12  260   22
 27459   44.00   56.27  157    1  523  -25  2.1  240    8
 27595   49.18   55.78  117    1  530  -21  2.8  195   10
 27612   37.57   55.75  191    1  521  -28  2.6  215    6
 27707   35.33   54.12  237    1  520  -29   .5  300    2
 27730   39.70   54.63  158    1  521  -27   .7  205    3
 27995   49.43   52.98 9999    1  530  -23  1.5  215   26
 28275   68.18   58.15   54    1  523  -36    6  265   15
 28445   61.07   56.73  290    1  527  -24  3.3  270   36
 28661   65.40   55.47   79    1  532  -24  3.0  280   38
 28698   73.40   54.93   94    1  528  -34   10  275   19
 28952   63.62   53.22  171    1  544  -22  1.8  275   38
 29231   82.90   58.30   76    1  511  -33  4.5  320   14
 29263   92.15   58.45   78    1  512  -36    5  195    7
 29282   97.40   58.42  134    1  515  -35  1.9  255   10
 29612   78.40   55.37  120    1  523  -33   14  315   26
 29634   82.90   55.03  152    1  516  -33    5  315   20
 29698   99.03   54.88  410    1  521  -35    7  280   18
 29862   91.32   53.77  256    1  520  -38  1.1  250   24
 30054  112.58   59.45  193    1  512  -42    7  115    3
 30230  108.12   57.77  258    1  510  -33   14  305   15
 30309  101.83   56.07  326    1  519  -33  1.6  270   16
 30372  118.37   56.92  711    1  510  -43  4.0   60    7
 30554  113.58   54.47  995    1  515  -32   14  310   29
 30635  108.98   53.43  470    1  526  -27  3.2  310   22
 30673  119.78   53.73  619    1  507  -41    8  350   13
 30758  113.33   52.02  671    1 9999 9999 9999 9999 9999
 30935  108.75   50.37  770    1  533  -26   .7  280   32
 30965  116.52   50.38  684    1  524  -27  4.8  305   39
 31004  125.37   58.62  682    1  505  -42    8   70    6
 31088  143.20   59.37    6    1  509  -41    7   60   10
 31168  138.15   56.45    9    1  506  -40    6   10    4
 31300  127.23   53.75  232    1  508  -41  2.8  215    5
 31369  140.70   53.15   47    1  510  -39  3.1  270   12
 31510  127.50   50.27  137    1  508  -42  1.8  205   18
 31538  132.13   50.07  314    1  514  -41  2.1  280   15
 31736  135.23   48.53   72    1  516  -41    5  305   18
 31873  133.73   45.87  107    1  522  -38  1.1  285   20
 31977  132.05   43.27   82    1  534  -34  2.5  280   30
 32061  142.17   50.90   31    1  513  -40    6  250   11
 32098  143.10   49.22    4    1  516  -41    8  260   14
 32150  142.73   46.92   21    1  522  -36    8  260   26
 32215  156.13   50.68   23    1  508  -43  1.8  245   15
 32389  160.83   56.32   28    1  520  -36  2.7  180   15
 32540  158.75   52.97   83    1  510  -39    8  155   18
 34009   36.18   51.65  245    1  522  -31  2.1  260   20
 34172   46.03   51.57  168    1  530  -25   10  245   20
 34247   41.05   50.42   93    1  527  -27   15  255   35
 34560   44.35   48.68  145    1  542  -22    9  255   51
 34731   39.82   47.25   77    1  546  -22  4.6  260   48
 34858   43.35   45.92   87    1  557  -19  2.6  260   34
 34880   48.03   46.27  -16    1  559  -20  1.9  265   32
 35121   55.10   51.75  113    1  547  -22   .0  240   33
 35229   57.15   50.28  227    1  554  -20    5  255   25
 35394   73.13   49.80  555    1  547  -23  2.6  305   40
 35671   67.72   47.80  345    1  560  -21    5  285   17
 35700   51.85   47.02 9999    1  559  -19  3.5  265   26
 36003   76.95   52.28  146    1  534  -31   14  310   23
 36096   94.50   51.72  628    1  526  -35  1.7  240   12
 36870   76.93   43.23  847    1  566  -23    7  305   24
 37018   39.07   44.10 9999    1  560  -18 9999  255   39
 37054   43.10   44.22  314    1  564  -17  4.7  260   33
 38341   71.38   42.85  642    1  569  -20    7  305   14
 40179   34.82   32.00   30    1  585  -11   24  345    3
 40745   59.63   36.27  980    1  573  -18   14  305   15
 40754   51.35   35.68 1191    1  577  -15   38  295   16
 40766   47.12   34.27 1322    1  582  -15   29  270    8
 40800   51.67   32.62 1590    1 9999 9999 9999 9999 9999
 40841   56.97   30.25 1754    1  580  -15   29  315    9
 41217   54.65   24.43   27    1  582  -10   47  280    7
 42027   74.83   34.08 1587    1  585   -2    5  280    2
 42182   77.20   28.58  216    1  574  -12   45  300   10
 42809   88.45   22.65    6    1  579   -6   36  280   22
 43185   81.15   16.20    3    1  585   -3   13   35    1
 43346   79.83   10.92    7    1  579   -6  2.3 9999 9999
 44212   92.08   49.80  936    1  531  -36   11  305   16
 44292  106.98   47.93 1338    1  529  -31    9  285   29
 45004  114.17   22.32   66    1  585   -6   49  260   19
 47122  127.03   37.10   52    1  558  -24   17  295   25
 47138  129.38   36.03    6    1  560  -24   27  285   19
 47158  126.82   35.12   13    1  561  -22   23  280   22
 47401  141.68   45.42   11    1  525  -36   10  265   28
 47412  141.33   43.05   19    1  536  -32   11  255   33
 47580  141.38   40.70   39    1  545  -29  1.7  245   31
 47582  140.10   39.72   10    1  549  -29    5  245   30
 47600  136.90   37.38   14    1  554  -29   11  270   28
 47646  140.13   36.05   31    1  561  -23   17  265   25
 47678  139.78   33.10   80    1  570  -17   .6  240   28
 47681  137.70   34.75   48    1  563  -18    7  275   38
 47778  135.77   33.45   75    1  567  -18  2.1  255   26
 47807  130.38   33.58   14    1  567  -17  2.1  250   31
 47827  130.55   31.57    5    1  571  -15  1.6  240   22
 47909  129.50   28.38    7    1  577  -12  2.5  250   26
 47918  124.17   24.33    7    1  583   -7   29  260   25
 47945  131.23   25.83   15    1  582   -9  2.5  265   19
 47971  142.18   27.08    8    1  584   -9   10  250   26
 47991  153.97   24.30    9    1  590   -8   10  240    8
 48855  108.18   16.03    7    1  587   -5   27   90    2
 48900  106.67   10.82   19    1  586   -4  3.6   95    7
 50527  119.75   49.22  611    1  522  -26   14  310   48
 50557  125.23   49.17  243    1  509  -39   17  285   19
 50745  123.92   47.38  148    1  519  -31   34  310   50
 50774  128.90   47.72  250    1  520  -40  4.1  255   22
 50834  121.23   46.61  500    1  533  -26   13  305   41
 50953  126.77   45.75  143    1  526  -36    6  280   31
 51076   88.08   47.73  737    1  538  -35   14  275   34
 51133   83.00   46.73  535    1  544  -34   16  290   41
 51243   84.85   45.60  428    1  548  -30   14  265   42
 51288   90.53   45.37 1651    1  549  -27  3.5  260   40
 51431   81.33   43.95  663    1  561  -24    8  285   38
 51463   87.62   43.78  919    1  557  -25  4.7  275   33
 51628   80.23   41.16 1105    1  568  -19   22  330   20
 51644   82.95   41.72 1100    1  567  -21   15  290   20
 51656   86.13   41.75  933    1  566  -21   12  290   23
 51709   75.98   39.47 1291    1  573  -19   20  300    5
 51777   88.17   39.03  889    1  570  -21   25  290   13
 51828   79.93   37.13 1375    1  573  -20   24  290    6
 51839   82.71   37.06 1410    1  572  -21   19  285   10
 51886   90.85   38.25 2945    1  570  -22   18  265   13
 52203   93.52   42.82  739    1  559  -21   23  260   21
 52267  101.07   41.95  941    1  561  -21   15  280   20
 52323   97.03   41.80 1770    1  564  -20   36  275   16
 52418   94.68   40.15 1140    1  565  -23   17  275   16
 52495  104.50   40.75 1329    1  563  -21   17  265   11
 52533   98.48   39.77 1478    1  565  -21   26  280   12
 52652  100.43   38.93 1483    1  565  -23   15  305   11
 52681  103.08   38.63 1367    1  566  -22   14  280    8
 52818   94.90   36.42 2809    1  570  -22   23  280   14
 52836   98.10   36.30 3192    1  570  -23   11  280   12
 52866  101.77   36.62 2262    1  566  -22   25  305    7
 52983  104.15   35.86 1875    1  566  -22   22  315   10
 53068  112.00   43.65  966    1  553  -22    8  280   25
 53336  108.52   41.57 1290    1  560  -21   14  300   17
 53463  111.68   40.82 1065    1  556  -21   34  290   10
 53513  107.40   40.77 1041    1  561  -22    9  295   14
 53543  109.98   39.83 1459    1  561  -21   25  315   13
 53614  106.22   38.48 1112    1  565  -22   14  300    1
 53772  112.55   37.78  779    1  562  -22   18  285   15
 53798  114.50   37.07   78    1  563  -20   19  280    8
 53845  109.50   36.60  959    1  566  -22   14  300   13
 53915  106.67   35.55 1348    1  567  -22    7  285   11
 54102  116.07   43.95  991    1  551  -24    6  295   31
 54135  122.27   43.60  180    1  544  -25   11  305   34
 54161  125.22   43.90  238    1  536  -28   17  305   41
 54218  118.97   42.27  572    1  553  -23   13  295   25
 54292  129.47   42.88  178    1  535  -33   14  280   36
 54337  121.12   41.13   70    1  552  -23   33  315   32
 54342  123.43   41.77   43    1  547  -24   23  300   34
 54374  126.92   41.72  333    1  542  -28   17  300   35
 54401  114.88   40.78  726    1  559  -21   27  285   15
 54497  124.33   40.05   14    1  552  -24   11  310   28
 54511  116.47   39.80   55    1  560  -22   37  295   11
 54539  118.90   39.43   12    1  559  -22   19  295   17
 54662  121.63   38.90   97    1  558  -22   28  300   20
 54727  117.56   36.73   69    1  563  -21   27  260    4
 54778  122.38   37.16   40    1  561  -22   37  320   11
 54857  120.33   36.07   77    1  563  -21   22  315    8
 55299   92.07   31.48 4508    1  574  -16   32  290    7
 55591   91.13   29.67 3650    1  572  -13   27   80    4
 55664   87.08   28.63 4302    1  573  -12   40  280    6
 56004   92.43   34.22 4535    1  571  -18   22  300    6
 56029   97.02   33.02 3682    1  571  -18   25  295    8
 56046   99.65   33.75 3968    1  570  -20   13  285   11
 56080  102.90   35.00 2910    1  568  -23    6  270    9
 56096  104.92   33.40 1079    1  570  -19   16  275   16
 56137   97.17   31.15 3307    1  574  -16   13  330    5
 56146  100.00   31.62 3394    1  572  -16    6  315    8
 56173  102.55   32.80 3493    1  570  -18   16  295   14
 56187  103.83   30.70  541    1  572  -15   11  235    7
 56247   99.10   30.00 2589    1  571  -13   .9 9999 9999
 56312   94.47   29.57 3001    1  572  -13    8  300   11
 56492  104.60   28.80  342    1  573  -14    7  285   10
 56571  102.27   27.90 1599    1  573  -16    6  275   24
 56651  100.47   26.83 2394    1  575  -12   23  275   32
 56691  104.28   26.87 2236    1  574  -11   33  285   31
 56739   98.48   25.12 1649    1  579   -9   37  265   28
 56778  102.68   25.02 1892    1  578   -9   41  270   30
 56964  100.98   22.77 1303    1  582   -7   41  270   17
 56985  103.38   23.38 1302    1  582   -7   42  275   23
 57083  113.65   34.72  111    1  566  -22   29  295   13
 57127  107.03   33.07  509    1  570  -18  2.0  265   12
 57131  108.93   34.40  398    1  568  -21   16  275   12
 57178  112.58   33.03  131    1  569  -20   27  290   18
 57245  109.03   32.72  291    1  570  -18    6  265   13
 57328  107.50   31.20  311    1  570  -16   12  255   11
 57447  109.47   30.28  458    1  571  -16   13  260    7
 57461  111.30   30.70  134    1  572  -16   18  265    6
 57494  114.13   30.62   23    1  571  -16   25  270    9
 57516  106.48   29.52  265    1  571  -14   13  275    8
 57679  113.08   28.20   46    1  573  -14  3.2  260   13
 57749  110.00   27.56  261    1  574  -12   19  280   17
 57816  106.72   26.58 1074    1  573  -11   20  285   31
 57957  110.30   25.33  166    1  578   -8   41  265   29
 57972  113.03   25.80  185    1  578   -8   41  260   32
 57993  114.95   25.85  125    1  576  -11   40  260   32
 58027  117.15   34.28   42    1  565  -21   26  290   12
 58150  120.25   33.77    7    1  566  -21   29  285   14
 58203  115.83   32.93   39    1  567  -21   37  285   19
 58238  118.80   32.00   12    1  569  -19   26  275   20
 58362  121.46   31.41    5    1  570  -17    9  260   17
 58424  117.05   30.53   20    1  572  -16   29  275   13
 58457  120.17   30.23   43    1  571  -15   17  275   16
 58606  115.92   28.60   50    1  574  -14  4.9  270   15
 58633  118.87   28.97   71    1  572  -15    5  255   16
 58665  122.25   28.63    2    1  573  -15    8  260   22
 58725  117.43   27.33  192    1  574  -14    6  255   19
 58847  119.28   26.08   85    1  576  -12    7  260   32
 59023  108.05   24.70  214    1  580   -8   38  275   27
 59134  118.08   24.48  139    1  581   -6   32  245   29
 59211  106.60   23.90  242    1  580   -7   27  275   22
 59265  111.30   23.48  120    1  583   -5   20  265   22
 59280  113.05   23.66   19    1  583   -5   42  265   25
 59293  114.68   23.73   41    1  582   -6   42  255   26
 59316  116.68   23.40    3    1  583   -6   42  250   24
 59431  108.35   22.82   73    1  583   -6   42  280   17
 59644  109.10   21.48   16    1  585   -5   42  255   16
 59663  111.97   21.87   22    1  585   -6   36  260   19
 59758  110.35   20.03   15    1  586   -5   42  255    9
 59948  109.52   18.23    7    1  586   -5   34  230    5
 59981  112.33   16.83    5    1  587   -4   42  185    6
 70026 -156.77   71.30    4    1  519  -39  4.2  280   19
 70133 -162.62   66.87    5    1  530  -30  3.3  260   15
 70200 -165.42   64.50    7    1  532  -30  4.1  205   11
 70231 -155.61   62.97  103    1  532  -30   10  340   14
 70261 -147.86   64.82  138    1  524  -32   19   10   25
 70273 -150.01   61.17   40    1  522  -29   28   10   25
 70308 -170.21   57.15    9    1  546  -27   11  275   32
 70316 -162.71   55.20   31    1  547  -27   35  310   25
 70326 -156.64   58.68   15    1  536  -28   10  325   15
 70350 -152.49   57.75    3    1  528  -27   19  340   31
 70361 -139.66   59.52    9    1  519  -29  2.7  120   15
 70398 -131.56   55.03   34    1  525  -29   38  195   29
 71043 -126.79   65.28   74    1  526  -26  2.4  245   15
 71081  -81.24   68.78    8    1  522  -31    5  245    9
 71082  -62.32   82.50   66    1  528  -31  4.0  235   17
 71109 -127.36   50.68   22    1  543  -26  1.0  225   24
 71119 -114.09   53.55  766    1  550  -22  2.9  260   12
 71600  -60.01   43.93    4    1  559  -24   15  340   29
 71811  -66.26   50.22   55    1  562  -25  2.2 9999 9999
 71815  -58.54   48.53   60    1  552  -27   33  350   34
 71816  -60.41   53.32   49    1  551  -29   30 9999 9999
 71836  -80.64   51.27   10    1  554  -20  3.1 9999 9999
 71867 -101.09   53.97  271    1  534  -35   13 9999 9999
 71906  -68.41   58.10   37    1  548  -27   18  290   24
 71907  -78.11   58.45    6    1  543  -27  3.7 9999 9999
 71909  -68.52   63.75   34    1  533  -33    6  265   15
 71913  -94.06   58.75   29    1  531  -34   16  210   15
 71915  -83.36   64.20   67    1  530  -32   14  260   12
 71917  -85.92   79.98   10    1  524  -32  2.8  175   14
 71924  -94.97   74.72   42    1  519  -34  3.6  160    5
 71925 -105.11   69.10   27    1  520  -38   16 9999 9999
 71926  -96.07   64.30   18    1  526  -36    6 9999 9999
 71934 -111.94   60.02  203    1  540  -29   .4 9999 9999
 71945 -122.57   58.83  382    1  536  -26  2.3  200   18
 71957 -133.47   68.30   68    1  518  -36  2.5 9999 9999
 71964 -135.06   60.72  703    1  524  -29  3.6  175   12
 72201  -81.74   24.55    6    1  589   -7   41   70    4
 72208  -80.02   32.90   15    1  583  -11   13  235   16
 72235  -90.07   32.32  101    1  572  -11    8  215   32
 72240  -93.21   30.12   10    1  571  -14 9999  240   35
 72250  -97.42   25.90    6    1  582   -8   48  245   23
 72261 -100.91   29.37  313    1  568  -12 9999  265   42
 72265 -102.17   31.95  872    1  557  -28   21  300   20
 72274 -110.92   32.12  779    1  575  -13   26  340   26
 72317  -79.94   36.08  270    1  578  -14   11  235   16
 72327  -86.67   36.12  180    1  568  -12  1.2  210   39
 72340  -92.24   34.83  165    1  557  -17  1.7  215   44
 72363 -101.69   35.23 1099    1  552  -30   13  300   21
 72365 -106.61   35.05 1620    1  561  -23   23  340   32
 72402  -75.47   37.85    3    1  579  -13  2.2  250   18
 72403  -77.44   38.95   98    1  576  -13  1.5  255   20
 72451  -99.96   37.77  790    1  547  -30   12  315   16
 72456  -95.61   39.07  270    1  540  -27   13  285   11
 72469 -104.86   39.75 1625    1  550  -27   26  345   31
 72476 -108.52   39.12 1475    1  560  -23   15  345   31
 72520  -80.21   40.50  373    1  571  -13  1.7  240   29
 72528  -78.72   42.93  215    1  568  -14  2.7  235   32
 72562 -100.67   41.13  849    1  542  -32   14  290   20
 72572 -111.96   40.78 1288    1  566  -19   12  335   23
 72597 -122.86   42.37  405    1  570  -18  4.1  255   26
 72645  -88.12   44.48  214    1  539  -23   22  190   20
 72662 -103.06   44.05  966    1  543  -31   15  330   26
 72681 -116.21   43.57  874    1  568  -18  2.9  285   16
 72694 -122.99   44.92   61    1  564  -18  2.4  240   22
 72712  -68.01   46.87  190    1  567  -22  3.3  305   20
 72747  -93.37   48.57  361    1  533  -28    9  235    5
 72764 -100.74   46.77  506    1  535  -34    8  330   12
 72768 -106.61   48.22  700    1  547  -24   15  340   35
 72797 -124.54   47.95   62    1  555  -21  4.1  230   24
 74494  -69.96   41.67   16    1  575  -16   10  295   18
 76225 -106.07   28.63 1435    1  573  -12   37  305   30
 76256 -110.89   27.92   11    1  580  -11   22  315   19
 76458 -106.41   23.20    4    1  584   -7   48  290   15
 76644  -89.64   20.98    9    1  587   -5   49  135    9
 76679  -99.07   19.43 2234    1  587   -6   39  330    1
 78016  -64.67   32.37   28    1  579  -14   44  335   15
 78384  -81.34   19.28    3    1  587   -6   39   70    6
 78397  -76.77   17.93    2    1  587   -5   21   55    8
 78486  -69.87   18.43   14    1  586   -7   30  345    8
 78526  -65.99   18.43    4    1  585   -7 9999  330   10
 78954  -59.47   13.07   56    1  585   -6   22  260    6
 78970  -61.34   10.62   15    1  585   -5   11  210    3
 81405  -52.36    4.83    9    1  585   -5   16  145    3
 91165 -159.34   21.98   45    1  583   -8   23  340    4
 91285 -155.06   19.72   11    1  583   -8   48  340    3
 91334  151.85    7.47    2    1  586   -6  3.6  105   26
 91348  158.22    6.97   46    1  586   -6  3.9   95    9
 91376  171.38    7.08    3    1  585   -4   15   30    7
 91408  134.48    7.33   33    1  585   -4   31   75   15
 91413  138.08    9.48   17    1  586   -3   20   70   18
