diamond 2 10年11月29日08时500百帕高空观测
10 11 29 08  500 404
  1001   -8.66   70.93    9    1  554  -27    6  340    7
  1028   19.02   74.52   14    1  539  -33    8  325   13
  1152   14.37   67.27   13    1  540  -34   12   45   17
  1241    9.60   63.70    7    1  537  -33   16   65   14
  2185   22.13   65.55   16    1  530  -40    8   50   17
  2836   26.65   67.37  179    1  530  -40    8   45   22
  2963   23.50   60.82  103    1  527  -38    6  335   11
  3005   -1.17   60.13   84    1  532  -36   10   60   12
  3808   -5.31   50.22   88    1  524  -39  3.2  155   11
  3953  -10.24   51.93   14    1  522  -40   14  135   12
  4018  -22.59   63.97   38    1  561  -24  1.7   20   21
  4220  -52.74   68.70   47    1  547  -23   23  200   24
  4320  -18.66   76.77   12    1  554  -24   13  325    9
  4339  -21.96   70.48   66    1  558  -22    8  270   10
  6011   -6.76   62.02   39    1  540  -33   15   60   26
  6610    6.95   46.82  491    1  529  -33   11  205   16
  7110   -4.41   48.45  103    1  524  -39   14  290   11
  7510    -.69   44.83   45    1  531  -36   10  280   17
  8001   -8.41   43.37   67    1  534  -33    8  265   15
  8221   -3.54   40.45  582    1  542  -28   13  260   26
  8495   -5.34   36.15    5    1  558  -16  2.3  260   34
 10035    9.55   54.53   47    1  526  -38    5  165    6
 10393   14.12   52.22  112    1  533  -29  2.9  220   17
 10410    6.97   51.40  161    1  526  -35    6  230   11
 10739    9.20   48.83  311    1  530  -30  3.6  205   15
 10868   11.55   48.25  484    1  533  -25   .3  185    9
 11035   16.37   48.25  209    1  538  -20  1.0  205   25
 11520   14.45   50.00  304    1  535  -25  2.9  150    8
 12120   17.53   54.75    2    1  530  -33   15  240   21
 12374   20.97   52.40   96    1  540  -25    5  250   15
 12425   16.98   51.13  116    1  537  -26  2.8  180    9
 12843   19.18   47.43  139    1  545  -19  1.4  220   19
 15120   23.57   46.78  413    1  554  -19  1.7  225   21
 15420   26.13   44.50   91    1  562  -19  2.2  220   19
 16080    9.28   45.43  103    1  533  -28  3.2 9999 9999
 16320   17.95   40.65   10    1  556  -19   .7  225   23
 16429   12.50   37.92   14    1  560  -15   45  255   27
 16560    9.05   39.25    3    1  551  -19   36  250   36
 17030   36.33   41.28    4    1  574  -19  3.8  270   19
 17062   29.08   40.97   40    1  570  -19    7  250   30
 17130   32.88   39.95  894    1  576  -18  2.1  260   15
 17220   27.17   38.43   25    1  574  -18  2.9 9999 9999
 17240   30.55   37.75  997    1  578  -18    7  245   17
 20046   58.05   80.62   20    1  529  -35   12  360   11
 20292  104.28   77.72   13    1  516  -41  3.3   85    8
 20674   80.40   73.50   50    1  512  -42  4.6  360    9
 20744   52.73   72.38   16    1  522  -41  2.1   30   11
 20891  102.47   71.98   33    1  513  -42  1.1  170    2
 21432  137.90   76.00   22    1  505  -44   .6  335    5
 21824  128.92   71.58    8    1  510  -45  1.5    5    7
 21946  147.88   70.62   48    1  508  -44  1.2  235    4
 22113   33.05   68.97  120    1  528  -39  4.8   45   27
 22217   32.43   67.13   26    1  524  -40  3.0   45   18
 22271   44.13   67.88   16    1 9999 9999 9999 9999 9999
 22522   34.78   64.98   10    1  519  -39   10   45   16
 22550   40.50   64.58   13    1  516  -38   .3   85    7
 22820   34.27   61.82  110    1  516  -40    7    5   13
 22845   38.93   61.50  121    1  511  -42    6   70    2
 23205   53.02   67.65    7    1  519  -38    8  260    3
 23330   66.53   66.53   21    1  518  -38  2.5  285    6
 23418   57.10   65.12   67    1  519  -37  2.7  265    9
 23472   87.95   65.78   32    1  517  -40  3.6  340    5
 23804   50.85   61.67  121    1  520  -35  2.0  165    5
 23884   90.00   61.60   63    1  516  -39   11  360    8
 23921   60.43   60.68   86    1  522  -32  2.2  115   10
 23955   77.87   60.43   47    1  526  -31    9  280   12
 24125  112.43   68.50  203    1  511  -43  1.3  315    6
 24266  133.38   67.55  137    1  506  -45  2.1   45    3
 24343  123.40   66.77   78    1  508  -47  3.4   20    6
 24507  100.07   64.17  186    1  511  -43    7  105    6
 24641  121.62   63.77  118    1  511  -42  4.4  360    3
 24688  143.15   63.27  742    1  513  -39   14  245   19
 24726  113.87   62.53  357    1  512  -47    8  235    2
 24908  102.27   60.33  260    1  509  -45    5   85    2
 24944  120.42   60.40  134    1  510  -46    8  255    3
 24959  129.75   62.08  103    1  510  -43    6  245    9
 25123  161.28   68.80   32    1  513  -42  3.1  220   14
 25400  150.90   65.73   43    1  511  -42    6  230    7
 25703  152.42   62.92  207    1  517  -36   15  275   29
 25913  150.78   59.58  118    1  526  -33   12  230    6
 26038   24.58   59.38   34    1  528  -37   14  320    5
 26063   30.30   59.97   74    1  524  -36    8  315   17
 26298   34.05   57.90  188    1  523  -35   14  280   24
 26477   30.60   56.38  111    1  529  -36  3.6  270   15
 26781   32.07   54.75  241    1  534  -34    7  275   17
 27037   39.87   59.28  127    1  514  -37   18  265   21
 27199   49.63   58.60  158    1  519  -35  3.5  305    5
 27459   44.00   56.27  157    1  526  -36    7  280   23
 27595   49.18   55.78  117    1  525  -33    8  310   21
 27612   37.57   55.75  191    1  528  -36  3.7  265   21
 27707   35.33   54.12  237    1  534  -33  4.9  285   17
 27730   39.70   54.63  158    1  532  -36  3.8  260   18
 27962   45.02   53.13  174    1  533  -33   10  280   19
 27995   49.43   52.98 9999    1  530  -32    7  310   24
 28275   68.18   58.15   54    1  524  -29  2.6  195   12
 28445   61.07   56.73  290    1  518  -32  4.1  240    8
 28661   65.40   55.47   79    1 9999 9999 9999 9999 9999
 28698   73.40   54.93   94    1  533  -24   18  250   29
 28952   63.62   53.22  171    1  523  -32    7  250   24
 29231   82.90   58.30   76    1  525  -32   13  290   22
 29263   92.15   58.45   78    1  518  -37  2.5  295   14
 29282   97.40   58.42  134    1  514  -38    9  295   28
 29612   78.40   55.37  120    1  537  -25  1.1  265   30
 29634   82.90   55.03  152    1  537  -26  1.6  280   30
 29698   99.03   54.88  410    1  524  -33  3.5  300   30
 29862   91.32   53.77  256    1  534  -29   .4  285   34
 30054  112.58   59.45  193    1  508  -47  1.7  135    7
 30230  108.12   57.77  258    1  506  -44    5  315    3
 30309  101.83   56.07  326    1  517  -36  1.0  295   31
 30372  118.37   56.92  711    1  510  -44    6  170   13
 30554  113.58   54.47  995    1  511  -42    6  300   19
 30635  108.98   53.43  470    1  518  -36  1.5  300   27
 30673  119.78   53.73  619    1  511  -42   10  150    5
 30758  113.33   52.02  671    1  518  -36  2.4  310   24
 30935  108.75   50.37  770    1  526  -37  1.3  300   22
 30965  116.52   50.38  684    1  520  -36    5  310   24
 31004  125.37   58.62  682    1  513  -42    8  255    3
 31088  143.20   59.37    6    1  523  -35  2.9  200   11
 31168  138.15   56.45    9    1  516  -38  3.4  120   10
 31300  127.23   53.75  232    1  511  -41  2.8   75    3
 31369  140.70   53.15   47    1  511  -38  2.3  100   19
 31510  127.50   50.27  137    1  510  -39  2.3  140    1
 31538  132.13   50.07  314    1  508  -41  2.5   85   12
 31736  135.23   48.53   72    1  507  -42  2.8   50    4
 31873  133.73   45.87  107    1  507  -41  4.4  320   12
 31977  132.05   43.27   82    1  515  -39   16  305   30
 32061  142.17   50.90   31    1  501  -41    6  105    7
 32098  143.10   49.22    4    1 9999 9999 9999 9999 9999
 32150  142.73   46.92   21    1  506  -38    7  265   14
 32215  156.13   50.68   23    1  531  -31  3.2  210   30
 32389  160.83   56.32   28    1  530  -29   10  210   10
 32540  158.75   52.97   83    1  534  -30   13  220   25
 33658   25.97   48.27  220    1  548  -22  1.1  235   23
 34009   36.18   51.65  245    1  542  -23   17  285   39
 34122   39.17   51.70   99    1 9999 9999 9999 9999 9999
 34172   46.03   51.57  168    1  538  -32   10  295   18
 34247   41.05   50.42   93    1  546  -23   15  285   46
 34300   36.28   49.93  152    1  550  -21  1.9  280   33
 34560   44.35   48.68  145    1  550  -21   10  290   46
 34731   39.82   47.25   77    1  552  -24  4.6  240   29
 34858   43.35   45.92   87    1  562  -20    6  285   26
 34880   48.03   46.27  -16    1  558  -19   14  290   39
 35121   55.10   51.75  113    1  527  -31   13  280   26
 35229   57.15   50.28  227    1  531  -30   14  280   27
 35394   73.13   49.80  555    1  553  -20  3.5  270   27
 35671   67.72   47.80  345    1  556  -21  4.1  250   28
 35700   51.85   47.02 9999    1  548  -22   16  290   51
 36003   76.95   52.28  146    1  546  -24  3.1  265   40
 36096   94.50   51.72  628    1  537  -31  1.3  295   29
 36870   76.93   43.23  847    1  566  -20   20  280    4
 37018   39.07   44.10 9999    1  567  -20  4.3  255   18
 37054   43.10   44.22  314    1  567  -19    6  285   17
 38341   71.38   42.85  642    1  569  -19   12  245    9
 40179   34.82   32.00   30    1  583  -13   13  235    5
 40582   47.98   29.22   55    1  582  -13   23   35    3
 40745   59.63   36.27  980    1  576  -16   21  285   10
 40754   51.35   35.68 1191    1  578  -15 9999  255   13
 40848   52.58   29.53 1491    1  580  -13   24  345    2
 41217   54.65   24.43   27    1  580  -11   45  270    6
 41256   58.28   23.58   15    1  582  -10   33  270   22
 42182   77.20   28.58  216    1  575  -14   32  270   23
 42314   95.02   27.48  111    1  574  -14   15 9999 9999
 42369   80.88   26.75  128    1  575  -13   37  260   32
 42724   91.25   23.88   16    1  586   -8  3.8  270   15
 42809   88.45   22.65    6    1  578  -10   24  260   19
 42971   85.83   20.25   46    1  585   -5   27  245   12
 43003   72.85   19.12   14    1 9999 9999 9999 9999 9999
 43150   83.30   17.70   66    1  579   -5   27  200    2
 43185   81.15   16.20    3    1  584   -5   29  125    5
 43333   92.72   11.67   79    1  579   -7    7   95    7
 44231  100.17   49.63 1288    1  540  -31    5  305   31
 44292  106.98   47.93 1338    1  534  -33    6  300   27
 45004  114.17   22.32   66    1  585   -5   21  275   18
 47058  125.78   39.03   38    1  547  -25    5  305   33
 47122  127.03   37.10   52    1  551  -24   13  300   33
 47138  129.38   36.03    6    1  554  -24   28  300   37
 47158  126.82   35.12   13    1  557  -23   20  295   29
 47401  141.68   45.42   11    1  509  -42 9999  245   24
 47412  141.33   43.05   19    1  518  -38   26  245   40
 47580  141.38   40.70   39    1  533  -33   13  255   44
 47582  140.10   39.72   10    1  537  -33   10  255   40
 47600  136.90   37.38   14    1  546  -32    6  260   33
 47646  140.13   36.05   31    1  553  -26   22  255   35
 47678  139.78   33.10   80    1  564  -19   21  250   38
 47681  137.70   34.75   48    1  556  -25   24  265   38
 47778  135.77   33.45   75    1  561  -23   32  270   34
 47807  130.38   33.58   14    1  563  -23   27  295   32
 47827  130.55   31.57    5    1  568  -21    9  270   26
 47909  129.50   28.38    7    1  575  -15  1.4  250   21
 47918  124.17   24.33    7    1  581   -8   12  260   26
 47945  131.23   25.83   15    1  581  -12    6  260   22
 47971  142.18   27.08    8    1  583  -11   10  245   30
 47991  153.97   24.30    9    1  592   -7   21  255   10
 48327   98.98   18.78  314    1  587   -5   42  305    5
 48820  105.80   21.02    6    1  586   -5   34  255   14
 48855  108.18   16.03    7    1  588   -5   39   20    3
 48900  106.67   10.82   19    1  587   -6  2.1   90    8
 50527  119.75   49.22  611    1  518  -36   13  310   28
 50557  125.23   49.17  243    1  513  -41    7  305    7
 50745  123.92   47.38  148    1  517  -39   19  305   25
 50774  128.90   47.72  250    1  511  -39    6  320   13
 50834  121.23   46.61  500    1  523  -36  4.8  300   27
 50953  126.77   45.75  143    1  516  -40   24  305   21
 51076   88.08   47.73  737    1  557  -24  3.2  290   28
 51133   83.00   46.73  535    1  561  -22  3.5  290   22
 51243   84.85   45.60  428    1  562  -22   37  295   20
 51288   90.53   45.37 1651    1  559  -23   10  305   22
 51431   81.33   43.95  663    1  567  -21   37  310   10
 51463   87.62   43.78  919    1  564  -21   18  320   13
 51628   80.23   41.16 1105    1  569  -21    8  295    5
 51644   82.95   41.72 1100    1  569  -22    8  315    9
 51656   86.13   41.75  933    1  567  -22   12  305    9
 51709   75.98   39.47 1291    1  571  -20   17  285    5
 51777   88.17   39.03  889    1  568  -25  3.5  330    5
 51828   79.93   37.13 1375    1  572  -19   26  310    7
 51839   82.71   37.06 1410    1  570  -21   33  285   10
 51886   90.85   38.25 2945    1  569  -24   10  270    7
 52203   93.52   42.82  739    1  562  -22   35  305   17
 52267  101.07   41.95  941    1  560  -25   11  290   24
 52323   97.03   41.80 1770    1  563  -24   20  295   16
 52418   94.68   40.15 1140    1  565  -24   21  300   18
 52495  104.50   40.75 1329    1  559  -24   18  295   20
 52533   98.48   39.77 1478    1  564  -25   16  295   15
 52652  100.43   38.93 1483    1  564  -24   16  295   18
 52681  103.08   38.63 1367    1  564  -23   19  300   21
 52818   94.90   36.42 2809    1  569  -21    9  275    4
 52836   98.10   36.30 3192    1  569  -21   11  295    7
 52866  101.77   36.62 2262    1  566  -21    8  300   10
 52983  104.15   35.86 1875    1  566  -21   12  285   13
 53068  112.00   43.65  966    1  543  -29  3.4  295   29
 53336  108.52   41.57 1290    1  553  -25   16  300   32
 53463  111.68   40.82 1065    1  553  -25   17  280   33
 53513  107.40   40.77 1041    1  556  -26   24  295   23
 53543  109.98   39.83 1459    1  557  -23   21  270   24
 53614  106.22   38.48 1112    1  561  -22   33  280   14
 53772  112.55   37.78  779    1  560  -23   26  275   18
 53798  114.50   37.07   78    1  562  -23   13  290   17
 53845  109.50   36.60  959    1  562  -24   12  285   16
 53915  106.67   35.55 1348    1  567  -21   16  280   16
 54102  116.07   43.95  991    1  539  -31  2.5  285   29
 54135  122.27   43.60  180    1  532  -33   10  295   37
 54161  125.22   43.90  238    1  526  -34    7  300   32
 54218  118.97   42.27  572    1  542  -29  3.5  285   31
 54292  129.47   42.88  178    1  521  -34   33  295   46
 54337  121.12   41.13   70    1  602  -28    9  295   41
 54342  123.43   41.77   43    1  537  -30    5  295   41
 54374  126.92   41.72  333    1  531  -33   10 9999 9999
 54401  114.88   40.78  726    1  551  -24   11  280   35
 54497  124.33   40.05   14    1  538  -28  2.9  270   23
 54511  116.47   39.80   55    1  553  -24   13  290   32
 54539  118.90   39.43   12    1  553  -24    5  295   33
 54662  121.63   38.90   97    1  551  -26  2.4  290   33
 54727  117.56   36.73   69    1  561  -23   18  290   18
 54778  122.38   37.16   40    1  557  -24   10  290   32
 54857  120.33   36.07   77    1  561  -23   23  290   22
 55299   92.07   31.48 4508    1  573  -13   34  280    7
 55591   91.13   29.67 3650    1  574  -10   41  260    7
 55664   87.08   28.63 4302    1  576  -13   40  240   10
 56004   92.43   34.22 4535    1  570  -16   23  260    7
 56029   97.02   33.02 3682    1  570  -13   28  275   10
 56046   99.65   33.75 3968    1  570  -14   22  265   10
 56080  102.90   35.00 2910    1  569  -18   24  285   11
 56096  104.92   33.40 1079    1  570  -16   12  265    9
 56137   97.17   31.15 3307    1  574  -13  2.9  235   12
 56146  100.00   31.62 3394    1  572  -12  4.5  275   12
 56173  102.55   32.80 3493    1  570  -14  4.9  260    9
 56187  103.83   30.70  541    1  571  -13   12  295   11
 56247   99.10   30.00 2589    1  572  -13  4.5  250   13
 56312   94.47   29.57 3001    1  574  -14  1.5  240   10
 56492  104.60   28.80  342    1  574  -12   10  280    6
 56571  102.27   27.90 1599    1  574  -11   11  275   37
 56651  100.47   26.83 2394    1  577   -7   28  270   33
 56691  104.28   26.87 2236    1  576   -9   21  275   32
 56739   98.48   25.12 1649    1  582   -8    7  280   25
 56778  102.68   25.02 1892    1  580   -7   11  270   25
 56964  100.98   22.77 1303    1  584   -7    9  280   16
 56985  103.38   23.38 1302    1  584   -6    7  275   19
 57083  113.65   34.72  111    1  565  -21   28  280   11
 57127  107.03   33.07  509    1  570  -17   38  280   12
 57131  108.93   34.40  398    1  567  -20   22  285   15
 57178  112.58   33.03  131    1  568  -20   18  290   16
 57245  109.03   32.72  291    1  569  -17   26  290   13
 57328  107.50   31.20  311    1  571  -14   17  280   10
 57447  109.47   30.28  458    1  572  -13   34  290   15
 57461  111.30   30.70  134    1  572  -13   36  295   18
 57494  114.13   30.62   23    1  570  -15   28  295   17
 57516  106.48   29.52  265    1  573  -13   13  290   13
 57679  113.08   28.20   46    1  574  -10   21  290   18
 57749  110.00   27.56  261    1  577   -8   27  280   18
 57816  106.72   26.58 1074    1  577   -9   10  285   22
 57957  110.30   25.33  166    1  579   -8    9  275   29
 57972  113.03   25.80  185    1  578  -11   40  280   29
 57993  114.95   25.85  125    1  577  -11   13  270   25
 58027  117.15   34.28   42    1  565  -22   22  290   10
 58150  120.25   33.77    7    1  566  -22   22  280   11
 58203  115.83   32.93   39    1  567  -20   37  280   20
 58238  118.80   32.00   12    1  569  -19   21  280   18
 58362  121.46   31.41    5    1  569  -19   33  270   16
 58424  117.05   30.53   20    1  572  -16  1.6  270   20
 58457  120.17   30.23   43    1  572  -16  3.2  275   21
 58606  115.92   28.60   50    1  575  -16  2.3  280   20
 58633  118.87   28.97   71    1  574  -14  1.9  245   19
 58665  122.25   28.63    2    1  574  -15  2.7  265   19
 58725  117.43   27.33  192    1  575  -14  3.7  280   23
 58847  119.28   26.08   85    1  577  -12   15  280   22
 58968  121.52   25.03    9    1  580   -8   11  270   30
 59023  108.05   24.70  214    1  581   -6   11  275   26
 59134  118.08   24.48  139    1  581   -6   16  270   27
 59211  106.60   23.90  242    1  583   -4   33  270   19
 59265  111.30   23.48  120    1  583   -5   18  275   23
 59280  113.05   23.66   19    1  583   -5   25  280   25
 59293  114.68   23.73   41    1  582   -5   22  280   24
 59316  116.68   23.40    3    1  584   -6   20  275   23
 59362  121.62   24.02   14    1  582   -7   21  270   23
 59431  108.35   22.82   73    1  584   -4   14  275   16
 59644  109.10   21.48   16    1  586   -4   25  265   11
 59663  111.97   21.87   22    1  586   -4   27  270   17
 59758  110.35   20.03   15    1  587   -5   42  275    8
 59792  116.72   20.67    6    1  586   -4   36  280   13
 59948  109.52   18.23    7    1  587   -5   34  325    4
 59981  112.33   16.83    5    1  589   -4   43  240    2
 70026 -156.77   71.30    4    1  514  -42  4.4  250    6
 70133 -162.62   66.87    5    1  523  -39    8  315   26
 70200 -165.42   64.50    7    1  532  -34    8  315   26
 70231 -155.61   62.97  103    1  522  -36   12  335   26
 70261 -147.86   64.82  138    1  519  -40  4.2  195    6
 70273 -150.01   61.17   40    1  518  -38    8  325    2
 70308 -170.21   57.15    9    1  549  -26    6  285   13
 70316 -162.71   55.20   31    1  547  -27   14  325   14
 70326 -156.64   58.68   15    1  533  -33   15  335   31
 70350 -152.49   57.75    3    1  529  -32   16  315   18
 70398 -131.56   55.03   34    1  542  -28  3.9  260   16
 71043 -126.79   65.28   74    1  520  -38  4.9 9999 9999
 71081  -81.24   68.78    8    1  527  -29    6 9999 9999
 71082  -62.32   82.50   66    1  530  -31  3.0  215   22
 71109 -127.36   50.68   22    1  547  -24   16  320   17
 71119 -114.09   53.55  766    1  534  -34   11 9999 9999
 71600  -60.01   43.93    4    1  543  -29   10  280   18
 71811  -66.26   50.22   55    1  534  -30  4.2  300   20
 71815  -58.54   48.53   60    1  532  -31    9 9999 9999
 71816  -60.41   53.32   49    1  525  -31    5  305   16
 71836  -80.64   51.27   10    1  542  -27  4.3  280   31
 71867 -101.09   53.97  271    1  536  -30  3.0  235   13
 71906  -68.41   58.10   37    1  519  -30  2.9 9999 9999
 71909  -68.52   63.75   34    1  515  -33    9  130   20
 71913  -94.06   58.75   29    1  532  -30   10 9999 9999
 71915  -83.36   64.20   67    1  521  -31    6 9999 9999
 71917  -85.92   79.98   10    1  527  -31    8  210   21
 71924  -94.97   74.72   42    1  528  -32  2.6  170    4
 71925 -105.11   69.10   27    1  522  -36  3.8  150    5
 71926  -96.07   64.30   18    1  525  -31   14  295    9
 71934 -111.94   60.02  203    1  527  -35    8  225    9
 71945 -122.57   58.83  382    1  532  -33   10 9999 9999
 71957 -133.47   68.30   68    1  515  -39   16  295   14
 71964 -135.06   60.72  703    1  530  -32  3.8  250   18
 72201  -81.74   24.55    6    1  586   -6   48  295    9
 72208  -80.02   32.90   15    1  579  -13   21  245    9
 72235  -90.07   32.32  101    1  576  -11   18  240   18
 72240  -93.21   30.12   10    1  577  -10   15  250   23
 72250  -97.42   25.90    6    1  581   -9   14  250   19
 72261 -100.91   29.37  313    1  572  -11   43  255   28
 72265 -102.17   31.95  872    1  564  -13   26  255   35
 72274 -110.92   32.12  779    1  556  -17   21  275   39
 72317  -79.94   36.08  270    1  575  -14   36  265   15
 72327  -86.67   36.12  180    1  573  -14 9999  255   13
 72340  -92.24   34.83  165    1  570  -13   46  225   24
 72363 -101.69   35.23 1099    1  554  -17   29  240   33
 72365 -106.61   35.05 1620    1  545  -27  1.5  245   28
 72402  -75.47   37.85    3    1  571  -16   27  290   26
 72403  -77.44   38.95   98    1  571  -17   29  290   20
 72451  -99.96   37.77  790    1  552  -16   25  220   31
 72456  -95.61   39.07  270    1  558  -15   45  215   25
 72469 -104.86   39.75 1625    1  539  -26    6  265    8
 72476 -108.52   39.12 1475    1  539  -29  4.7  240    6
 72520  -80.21   40.50  373    1  568  -17   24  275   19
 72528  -78.72   42.93  215    1  562  -21   11  290   20
 72562 -100.67   41.13  849    1  543  -22   12  205   19
 72572 -111.96   40.78 1288    1  539  -30    6  335    9
 72597 -122.86   42.37  405    1  550  -25   17  330   31
 72645  -88.12   44.48  214    1  559  -19   17  255   22
 72662 -103.06   44.05  966    1  539  -25  4.2  190   12
 72681 -116.21   43.57  874    1  539  -35   10  345   10
 72694 -122.99   44.92   61    1  547  -29   16  335   22
 72712  -68.01   46.87  190    1  542  -29   15  305   21
 72747  -93.37   48.57  361    1  547  -22  3.5  240   20
 72764 -100.74   46.77  506    1  541  -23    7  205    9
 72768 -106.61   48.22  700    1  539  -28  4.2  130    3
 72797 -124.54   47.95   62    1  547  -27   41  335   20
 74494  -69.96   41.67   16    1  557  -23   28  310   34
 76458 -106.41   23.20    4    1  582   -9    9  260   20
 76644  -89.64   20.98    9    1  587   -4   32  340    2
 76679  -99.07   19.43 2234    1  587   -6   27  295    2
 78016  -64.67   32.37   28    1  578  -12   39  295   20
 78526  -65.99   18.43    4    1  588   -6 9999   60    6
 81405  -52.36    4.83    9    1  585   -4    7   60    4
 91165 -159.34   21.98   45    1  581   -9   23  335    3
 91285 -155.06   19.72   11    1  581   -8   48  300    6
 91334  151.85    7.47    2    1  586   -4   28   55   22
 91348  158.22    6.97   46    1  585   -6    6  165   14
 91376  171.38    7.08    3    1  586   -7   14   95    3
 91408  134.48    7.33   33    1  585   -5   11   90   16
 91413  138.08    9.48   17    1  587   -5    6   90   15
 98223  120.53   18.18    5    1  588   -4   38  275    4
 98646  123.97   10.30    9    1  588   -6    6  115    6
