diamond 2 10年11月30日08时500百帕高空观测
10 11 30 08  500 411
  1001   -8.66   70.93    9    1  554  -22   20  335   15
  1028   19.02   74.52   14    1  540  -29  3.5   15   21
  1152   14.37   67.27   13    1  540  -35  3.7   10   14
  1241    9.60   63.70    7    1  540  -36   13   45   11
  1415    5.63   58.88    9    1  531  -38   11   60   13
  2185   22.13   65.55   16    1  534  -38  3.8   30   12
  2836   26.65   67.37  179    1  533  -36  3.8   25   12
  2963   23.50   60.82  103    1  526  -38   21   50   12
  3005   -1.17   60.13   84    1  540  -35   15   55   21
  3808   -5.31   50.22   88    1  531  -38  3.6  300    8
  3953  -10.24   51.93   14    1  533  -39    5  345    2
  4018  -22.59   63.97   38    1  562  -23    7   10   10
  4220  -52.74   68.70   47    1  538  -28  3.7  170   36
  4320  -18.66   76.77   12    1  549  -22   18  290   18
  4339  -21.96   70.48   66    1  560  -18   23    5   12
  6011   -6.76   62.02   39    1  547  -31   17   45   15
  6610    6.95   46.82  491    1  534  -33   26  270   23
  7110   -4.41   48.45  103    1  532  -35  1.6  255    8
  7510    -.69   44.83   45    1  536  -30    7  255    9
  8001   -8.41   43.37   67    1  530  -29  3.0  190    8
  8221   -3.54   40.45  582    1  542  -19   37  245   40
  8495   -5.34   36.15    5    1  555  -16  3.6  245   37
 10035    9.55   54.53   47    1  531  -35   13  300    8
 10393   14.12   52.22  112    1  529  -32  3.9   15    8
 10410    6.97   51.40  161    1  530  -35  2.8  105   11
 10739    9.20   48.83  311    1  529  -37  4.9  140    3
 10868   11.55   48.25  484    1  530  -34   28  265   20
 11035   16.37   48.25  209    1  531  -34  3.6  260   12
 11520   14.45   50.00  304    1  530  -34  2.3  325    3
 12120   17.53   54.75    2    1  527  -30  3.6   10   10
 12374   20.97   52.40   96    1  523  -28  1.3  115    5
 12425   16.98   51.13  116    1  527  -33  3.2  360   10
 12843   19.18   47.43  139    1  533  -26   29  270   40
 15120   23.57   46.78  413    1  538  -25   28  265   45
 15420   26.13   44.50   91    1  555  -19  4.2  265   44
 16080    9.28   45.43  103    1  537  -27   14  260   34
 16320   17.95   40.65   10    1  564  -15   .6  255   32
 16429   12.50   37.92   14    1  567  -14  2.0  255   29
 16560    9.05   39.25    3    1  553  -14  1.3  255   32
 17030   36.33   41.28    4    1  572  -19   12  245   26
 17062   29.08   40.97   40    1  570  -15    8  255   26
 17130   32.88   39.95  894    1  574  -15    8  255   17
 17220   27.17   38.43   25    1  576  -12   13 9999 9999
 17240   30.55   37.75  997    1  578  -14   11  275   25
 20046   58.05   80.62   20    1  514  -36  1.5  310   19
 20292  104.28   77.72   13    1  512  -38  1.9  275    8
 20674   80.40   73.50   50    1  512  -41  2.9   55   14
 20744   52.73   72.38   16    1  525  -37    9   50   18
 20891  102.47   71.98   33    1  510  -43  1.8  125    5
 21432  137.90   76.00   22    1  503  -42  1.7   20   15
 21824  128.92   71.58    8    1  509  -44  1.9   10    4
 21946  147.88   70.62   48    1  507  -44  1.4  255    8
 22113   33.05   68.97  120    1  530  -37  4.1   30   14
 22217   32.43   67.13   26    1  529  -38  2.3   40   18
 22271   44.13   67.88   16    1  519  -40    6   35   15
 22522   34.78   64.98   10    1  525  -40  4.1   30   20
 22550   40.50   64.58   13    1  520  -39    6   10    3
 22820   34.27   61.82  110    1  527  -34  2.8  350    6
 22845   38.93   61.50  121    1  520  -36    5  360    3
 23205   53.02   67.65    7    1  518  -40    7    5    4
 23330   66.53   66.53   21    1  514  -40  2.5  290    7
 23418   57.10   65.12   67    1  517  -38  1.2  275   11
 23472   87.95   65.78   32    1  512  -40  4.8  220    3
 23804   50.85   61.67  121    1  520  -37  2.8  110   10
 23884   90.00   61.60   63    1  514  -35   11  215    5
 23921   60.43   60.68   86    1  521  -35  3.6  190    7
 23955   77.87   60.43   47    1  508  -35   11    5    7
 24125  112.43   68.50  203    1  508  -43  3.3  310    6
 24266  133.38   67.55  137    1  507  -45  3.3  210    4
 24343  123.40   66.77   78    1  505  -45  4.3   25    3
 24507  100.07   64.17  186    1  510  -41   11  225    3
 24641  121.62   63.77  118    1  510  -43  3.2  340    6
 24688  143.15   63.27  742    1  517  -37    5  150    9
 24726  113.87   62.53  357    1  513  -45    6  310    6
 24908  102.27   60.33  260    1  513  -38   11  360   10
 24944  120.42   60.40  134    1  512  -43    9   65    2
 24959  129.75   62.08  103    1  510  -41   12  245   13
 25123  161.28   68.80   32    1  514  -38   12  260   26
 25400  150.90   65.73   43    1  518  -35   12  235   17
 25703  152.42   62.92  207    1  520  -36    9  115   16
 25913  150.78   59.58  118    1  514  -38  1.2  115   20
 26038   24.58   59.38   34    1  526  -36   17   40    4
 26063   30.30   59.97   74    1  526  -35   12  300    7
 26298   34.05   57.90  188    1  526  -25   15  265   18
 26477   30.60   56.38  111    1  527  -27   11  165    6
 26781   32.07   54.75  241    1  528  -25   .0  205   11
 27037   39.87   59.28  127    1  521  -34   12  300   16
 27199   49.63   58.60  158    1  514  -35   10  275   32
 27459   44.00   56.27  157    1  532  -23  2.7  265   32
 27595   49.18   55.78  117    1  535  -21  2.8  265   43
 27612   37.57   55.75  191    1  531  -23  2.8  230   14
 27707   35.33   54.12  237    1  532  -22  1.8  220   22
 27730   39.70   54.63  158    1  536  -20   .5  230   28
 27962   45.02   53.13  174    1  542  -20   .1  250   29
 27995   49.43   52.98 9999    1  546  -21  1.4  255   29
 28275   68.18   58.15   54    1  520  -33   11  350   10
 28445   61.07   56.73  290    1  525  -33   10  280   12
 28661   65.40   55.47   79    1  523  -31  3.9  325   12
 28698   73.40   54.93   94    1  511  -34   11  325   12
 28952   63.62   53.22  171    1  530  -31   13  310   27
 29231   82.90   58.30   76    1  508  -34  2.5  245    8
 29263   92.15   58.45   78    1  519  -29  2.0  235   14
 29282   97.40   58.42  134    1  520  -29  4.5  275   20
 29612   78.40   55.37  120    1  510  -36  2.5  260   14
 29634   82.90   55.03  152    1  515  -35    7  215   18
 29862   91.32   53.77  256    1  528  -28  1.8  240   31
 30054  112.58   59.45  193    1  509  -43    9  115    7
 30230  108.12   57.77  258    1  507  -41    8  315   10
 30309  101.83   56.07  326    1  523  -29  4.7  300   29
 30372  118.37   56.92  711    1  505  -44  1.5  105   13
 30554  113.58   54.47  995    1  506  -44    8  340   12
 30635  108.98   53.43  470    1  516  -33   20  310   44
 30673  119.78   53.73  619    1  502  -43    5  260    9
 30758  113.33   52.02  671    1  511  -38    6  305   40
 30935  108.75   50.37  770    1  530  -27  2.0  310   43
 30965  116.52   50.38  684    1  516  -36    6  295   27
 31004  125.37   58.62  682    1  510  -42    6  100    6
 31088  143.20   59.37    6    1  513  -35  2.1   90   11
 31168  138.15   56.45    9    1  509  -39  3.8   50    4
 31300  127.23   53.75  232    1  507  -43  2.3  180    5
 31369  140.70   53.15   47    1  511  -41  2.9  320    9
 31510  127.50   50.27  137    1  512  -39    6  295   21
 31538  132.13   50.07  314    1  512  -40  1.6  245    5
 31736  135.23   48.53   72    1  514  -41    9  240    9
 31873  133.73   45.87  107    1  521  -36    8  280   24
 31977  132.05   43.27   82    1  518  -51   11  255   34
 32061  142.17   50.90   31    1  509  -42  1.4  340   15
 32098  143.10   49.22    4    1 9999 9999 9999 9999 9999
 32150  142.73   46.92   21    1  517  -40    8  305   13
 32215  156.13   50.68   23    1  516  -34  4.9  180   42
 32389  160.83   56.32   28    1  522  -35   10  235   37
 32540  158.75   52.97   83    1  523  -36  1.7  200   33
 33393   23.95   49.82  325    1  525  -32  4.9  255   22
 33837   30.63   46.48   41    1  542  -25   10  255   41
 34009   36.18   51.65  245    1  535  -22   11  220   23
 34122   39.17   51.70   99    1  540  -20    5  230   22
 34172   46.03   51.57  168    1  549  -21   .2  255   30
 34247   41.05   50.42   93    1  545  -22   25  235   26
 34300   36.28   49.93  152    1  540  -21  3.9  215   21
 34560   44.35   48.68  145    1  555  -21  3.8  240   22
 34731   39.82   47.25   77    1  551  -22  1.7  235   35
 34858   43.35   45.92   87    1  563  -20  4.5  265   31
 34880   48.03   46.27  -16    1  563  -20  2.0  255   19
 35121   55.10   51.75  113    1  549  -22  1.4  285   33
 35229   57.15   50.28  227    1  552  -22    6  295   28
 35394   73.13   49.80  555    1  529  -32   17  285   32
 35671   67.72   47.80  345    1  548  -22   12  300   46
 35700   51.85   47.02 9999    1  562  -19    6  280   16
 36003   76.95   52.28  146    1  520  -35    7  270   25
 36096   94.50   51.72  628    1  538  -25  1.2  270   25
 36870   76.93   43.23  847    1  564  -21   11  280   30
 37018   39.07   44.10 9999    1  564  -20   10  270   38
 37054   43.10   44.22  314    1  566  -20  4.4  265   30
 38341   71.38   42.85  642    1  567  -20    7  290   27
 40179   34.82   32.00   30    1  582  -14   14  135    1
 40582   47.98   29.22   55    1  583  -14   32  360    2
 40745   59.63   36.27  980    1  575  -16   27  275   14
 40800   51.67   32.62 1590    1  580  -15   26  280   11
 40848   52.58   29.53 1491    1  581  -15   30  340    6
 41217   54.65   24.43   27    1  581  -13   40  305    7
 41256   58.28   23.58   15    1  581   -8   47  260   22
 41316   54.08   17.03   20    1  585   -8   29  315    3
 41780   67.13   24.90   22    1  579   -8 9999  270   21
 42182   77.20   28.58  216    1  574  -15   34  310    9
 42314   95.02   27.48  111    1  571  -16   12 9999 9999
 42361   78.25   26.23  207    1  578  -10   32  270   34
 42369   80.88   26.75  128    1  570  -16   29  275   34
 42647   72.63   23.07   55    1  580   -8 9999  270   22
 42724   91.25   23.88   16    1  576  -11   13  255   35
 42809   88.45   22.65    6    1  579   -8   38  280   19
 42867   79.05   21.10  310    1  587   -3   23  280   11
 42971   85.83   20.25   46    1  581   -7   10  280    4
 43150   83.30   17.70   66    1  584   -4   17  225    6
 43185   81.15   16.20    3    1  579   -9   12  175    3
 43192   73.82   15.48   60    1  583   -7   21 9999 9999
 43295   77.58   12.97  921    1  583   -6    6  110    7
 43333   92.72   11.67   79    1  580   -6    7  100    4
 44231  100.17   49.63 1288    1  545  -23  2.7  285   29
 44292  106.98   47.93 1338    1  542  -22   10  310   34
 45004  114.17   22.32   66    1  584   -6   36  260   19
 47058  125.78   39.03   38    1  550  -27   10  140   37
 47122  127.03   37.10   52    1  553  -26   12  275   22
 47138  129.38   36.03    6    1  557  -25   24  260   27
 47158  126.82   35.12   13    1  557  -23   17  270   29
 47401  141.68   45.42   11    1  520  -39   22  275   23
 47412  141.33   43.05   19    1  529  -36    8  275   33
 47580  141.38   40.70   39    1  541  -29   23  270   37
 47582  140.10   39.72   10    1  544  -29   14  270   42
 47600  136.90   37.38   14    1  554  -25   18  260   32
 47646  140.13   36.05   31    1  560  -25   20  255   32
 47678  139.78   33.10   80    1  567  -21   21  265   27
 47681  137.70   34.75   48    1  559  -24   21  260   26
 47778  135.77   33.45   75    1  566  -20   33  275   32
 47807  130.38   33.58   14    1  564  -19   11  265   35
 47827  130.55   31.57    5    1  569  -16  1.3  245   28
 47909  129.50   28.38    7    1  574  -15  1.5  265   18
 47918  124.17   24.33    7    1  582   -9    6  270   20
 47945  131.23   25.83   15    1  581  -10  4.9  260   24
 47971  142.18   27.08    8    1  582  -12  3.7  250   27
 47991  153.97   24.30    9    1  591   -7   14  255    8
 48327   98.98   18.78  314    1  586   -5   41  280    5
 48820  105.80   21.02    6    1  584   -6   40  270   14
 48855  108.18   16.03    7    1  587   -5   13  355    2
 48900  106.67   10.82   19    1  586   -5  1.4   85   10
 50527  119.75   49.22  611    1  518  -39    6  290   24
 50557  125.23   49.17  243    1  517  -40  3.3  290   17
 50745  123.92   47.38  148    1  523  -37  2.0  275   24
 50774  128.90   47.72  250    1  519  -37    7  290   21
 50834  121.23   46.61  500    1  526  -36  3.3  280   26
 50953  126.77   45.75  143    1  526  -36   12  290   26
 51076   88.08   47.73  737    1  551  -25  2.5  255   45
 51133   83.00   46.73  535    1  551  -26  3.6  255   49
 51243   84.85   45.60  428    1  557  -25  2.7  270   33
 51288   90.53   45.37 1651    1  559  -21   22  265   24
 51431   81.33   43.95  663    1  562  -22   17  275   31
 51463   87.62   43.78  919    1  564  -20   19  260   17
 51628   80.23   41.16 1105    1  569  -19   19  315   12
 51644   82.95   41.72 1100    1  567  -21   16  290   11
 51656   86.13   41.75  933    1  566  -21   25  255   10
 51709   75.98   39.47 1291    1  572  -21    9  310    8
 51777   88.17   39.03  889    1  568  -21   37  290    7
 51828   79.93   37.13 1375    1  573  -20   21  315   11
 51839   82.71   37.06 1410    1  572  -21   17  295   11
 51886   90.85   38.25 2945    1  569  -22   37  295    7
 52203   93.52   42.82  739    1  563  -21   11  280   18
 52267  101.07   41.95  941    1  563  -20   14  320   14
 52323   97.03   41.80 1770    1  565  -20   23  280   10
 52418   94.68   40.15 1140    1  567  -21   21  285   10
 52495  104.50   40.75 1329    1  562  -22   16  310   15
 52533   98.48   39.77 1478    1  566  -22   13  305   12
 52652  100.43   38.93 1483    1  566  -22   19  310   12
 52681  103.08   38.63 1367    1  565  -22   17  305   11
 52818   94.90   36.42 2809    1  569  -24   10  265    4
 52836   98.10   36.30 3192    1  569  -24   16  285    7
 52866  101.77   36.62 2262    1  566  -22   23  290   11
 52983  104.15   35.86 1875    1  567  -22   16  280   14
 53068  112.00   43.65  966    1  548  -25   15  305   29
 53336  108.52   41.57 1290    1  556  -23   25  320   19
 53463  111.68   40.82 1065    1  555  -23   36  305   22
 53513  107.40   40.77 1041    1  559  -23   37  320   18
 53543  109.98   39.83 1459    1  558  -23   16  305   19
 53614  106.22   38.48 1112    1  564  -22   21  295   14
 53772  112.55   37.78  779    1  560  -24   17  305   21
 53798  114.50   37.07   78    1  561  -23   15  295   23
 53845  109.50   36.60  959    1  565  -22   13  305   19
 53915  106.67   35.55 1348    1  567  -22   28  305   12
 54102  116.07   43.95  991    1  541  -28    9  300   33
 54135  122.27   43.60  180    1  537  -31    7  290   30
 54161  125.22   43.90  238    1  533  -33   11  290   25
 54218  118.97   42.27  572    1  544  -28    6  295   29
 54292  129.47   42.88  178    1  533  -33   17  280   30
 54337  121.12   41.13   70    1  568  -22   11  305   30
 54342  123.43   41.77   43    1  541  -29   26  285   28
 54374  126.92   41.72  333    1  538  -30   22  280   25
 54401  114.88   40.78  726    1  552  -25   28  295   26
 54497  124.33   40.05   14    1  547  -28   10  290   26
 54511  116.47   39.80   55    1  553  -25   36  295   20
 54539  118.90   39.43   12    1  552  -26   16  290   22
 54662  121.63   38.90   97    1  551  -27   26  295   21
 54727  117.56   36.73   69    1  559  -24   19  295   21
 54778  122.38   37.16   40    1  556  -25   36  290   23
 54857  120.33   36.07   77    1  559  -23   25  285   21
 55299   92.07   31.48 4508    1  573  -16   39  270    2
 55591   91.13   29.67 3650    1  573  -15   25   70    3
 55664   87.08   28.63 4302    1  572  -14   33  280    6
 56004   92.43   34.22 4535    1  572  -21   19  295    6
 56029   97.02   33.02 3682    1  571  -18   22  265    7
 56046   99.65   33.75 3968    1  571  -18   14  265   12
 56080  102.90   35.00 2910    1  569  -21   17  280    9
 56096  104.92   33.40 1079    1  571  -19   19  285    9
 56137   97.17   31.15 3307    1  574  -15   39  320    4
 56146  100.00   31.62 3394    1  571  -15   12  265   11
 56173  102.55   32.80 3493    1  571  -17   17  285    6
 56187  103.83   30.70  541    1  572  -16  4.4  290    4
 56247   99.10   30.00 2589    1  573  -16  2.4 9999 9999
 56312   94.47   29.57 3001    1  573  -15  2.0  195    8
 56492  104.60   28.80  342    1  572  -15  2.2  280   10
 56571  102.27   27.90 1599    1  574  -14  3.1  275    9
 56651  100.47   26.83 2394    1  576   -9   16  270   11
 56691  104.28   26.87 2236    1  574  -15    8  290   15
 56739   98.48   25.12 1649    1  579   -8   39  285   28
 56778  102.68   25.02 1892    1  578   -9   41  275   26
 56964  100.98   22.77 1303    1  583   -6   42  295   20
 56985  103.38   23.38 1302    1  582   -6   42  295   23
 57083  113.65   34.72  111    1  565  -22   37  300   17
 57127  107.03   33.07  509    1  569  -19   22  290   10
 57131  108.93   34.40  398    1  568  -21   31  280   16
 57178  112.58   33.03  131    1  568  -19   21  290   16
 57245  109.03   32.72  291    1  569  -18   19  275   12
 57328  107.50   31.20  311    1  571  -16   13  325    9
 57447  109.47   30.28  458    1  571  -17    8  325    8
 57461  111.30   30.70  134    1  571  -15    9  300   13
 57494  114.13   30.62   23    1  569  -16    5  295   12
 57516  106.48   29.52  265    1  571  -16  4.2  350    4
 57679  113.08   28.20   46    1  571  -15  3.5  280   17
 57749  110.00   27.56  261    1  574  -14  4.1  280   13
 57816  106.72   26.58 1074    1  574  -14   12  280   17
 57957  110.30   25.33  166    1  576  -13   40  260   32
 57972  113.03   25.80  185    1  576  -11   11  265   31
 57993  114.95   25.85  125    1  577  -12  4.2  255   29
 58027  117.15   34.28   42    1  564  -21   25  285   23
 58150  120.25   33.77    7    1  565  -20   21  270   25
 58203  115.83   32.93   39    1  567  -19   11  285   18
 58238  118.80   32.00   12    1  568  -18   28  245   14
 58362  121.46   31.41    5    1  570  -16  1.8  225   21
 58424  117.05   30.53   20    1  571  -15    9  270   12
 58457  120.17   30.23   43    1  572  -15  2.4  240   17
 58606  115.92   28.60   50    1  572  -15  3.3  255   22
 58633  118.87   28.97   71    1  573  -15  3.3  260   19
 58665  122.25   28.63    2    1  574  -14  1.5  260   18
 58725  117.43   27.33  192    1  576  -13  1.7  265   26
 58847  119.28   26.08   85    1  578  -10   12  265   28
 58968  121.52   25.03    9    1  581   -9    6  265   22
 59023  108.05   24.70  214    1  578   -8   41  270   28
 59134  118.08   24.48  139    1  581   -8   21  260   25
 59211  106.60   23.90  242    1  578   -7   21  275   25
 59265  111.30   23.48  120    1  582   -6   24  270   24
 59280  113.05   23.66   19    1  581   -6   42  265   24
 59293  114.68   23.73   41    1  581   -6   42  260   25
 59316  116.68   23.40    3    1  583   -7   42  260   21
 59362  121.62   24.02   14    1  581   -8   14  260   19
 59431  108.35   22.82   73    1  580   -7   16  285   21
 59644  109.10   21.48   16    1  584   -7   42  265   17
 59663  111.97   21.87   22    1  584   -6   42  260   19
 59758  110.35   20.03   15    1  585   -6   42  250   10
 59792  116.72   20.67    6    1  585   -6   32  260    9
 59948  109.52   18.23    7    1  586   -5   34  285    5
 59981  112.33   16.83    5    1  587   -5   42  145    2
 70026 -156.77   71.30    4    1  520  -39    9  305   20
 70133 -162.62   66.87    5    1  531  -32    6  305   17
 70200 -165.42   64.50    7    1  536  -30  4.6  280   11
 70231 -155.61   62.97  103    1  530  -30   13  355   25
 70261 -147.86   64.82  138    1  521  -35   20  360   11
 70273 -150.01   61.17   40    1  519  -34    7   25    8
 70308 -170.21   57.15    9    1  543  -29   10  255   16
 70316 -162.71   55.20   31    1  545  -28  3.0  305   11
 70326 -156.64   58.68   15    1  534  -28   15  345   30
 70350 -152.49   57.75    3    1  518  -29   19  345   38
 70361 -139.66   59.52    9    1  519  -25  3.2  155   21
 70398 -131.56   55.03   34    1  532  -23  4.4  180   31
 71043 -126.79   65.28   74    1  530  -33  2.1 9999 9999
 71081  -81.24   68.78    8    1  519  -30    9 9999 9999
 71082  -62.32   82.50   66    1  530  -32  2.6  225   20
 71119 -114.09   53.55  766    1  547  -28   11 9999 9999
 71600  -60.01   43.93    4    1  554  -27   23  325   32
 71811  -66.26   50.22   55    1  555  -26   19  320   26
 71815  -58.54   48.53   60    1  547  -29   22 9999 9999
 71816  -60.41   53.32   49    1  544  -30   17  295    9
 71836  -80.64   51.27   10    1  553  -22   11  240   19
 71867 -101.09   53.97  271    1  534  -33   16  250   10
 71906  -68.41   58.10   37    1  533  -33  2.8 9999 9999
 71907  -78.11   58.45    6    1  536  -31   15  275   18
 71909  -68.52   63.75   34    1  518  -36  3.0  310   19
 71913  -94.06   58.75   29    1  531  -34   11 9999 9999
 71915  -83.36   64.20   67    1  526  -32  3.9 9999 9999
 71917  -85.92   79.98   10    1  527  -32  2.0  195   14
 71924  -94.97   74.72   42    1  524  -33  1.6  105    4
 71925 -105.11   69.10   27    1  522  -36    5  255    9
 71926  -96.07   64.30   18    1  526  -34   10  275   11
 71934 -111.94   60.02  203    1  535  -33   27  335   23
 71945 -122.57   58.83  382    1  541  -23  3.6 9999 9999
 71957 -133.47   68.30   68    1  520  -39  4.2  240   16
 71964 -135.06   60.72  703    1  525  -24  1.7  175   21
 72201  -81.74   24.55    6    1  589   -7 9999  310    3
 72208  -80.02   32.90   15    1  583  -11   11  255   15
 72235  -90.07   32.32  101    1  575  -12    7  235   32
 72240  -93.21   30.12   10    1  577   -9 9999  240   30
 72250  -97.42   25.90    6    1  583   -7 9999  250   21
 72261 -100.91   29.37  313    1  568  -10   44  260   51
 72265 -102.17   31.95  872    1  553  -24   26  235   43
 72274 -110.92   32.12  779    1  561  -16   34  320   48
 72317  -79.94   36.08  270    1  578  -13   15  250   21
 72327  -86.67   36.12  180    1  572  -12  1.9  220   36
 72340  -92.24   34.83  165    1  566  -12   43  205   40
 72363 -101.69   35.23 1099    1  547  -30    5  300   10
 72365 -106.61   35.05 1620    1  550  -30    8   10    8
 72402  -75.47   37.85    3    1  579  -14   18  270   13
 72403  -77.44   38.95   98    1  577  -14   29  250   15
 72451  -99.96   37.77  790    1  544  -28   11  290   10
 72456  -95.61   39.07  270    1  543  -23   21  220   27
 72469 -104.86   39.75 1625    1  547  -31  3.2  350   18
 72476 -108.52   39.12 1475    1  553  -31    7  345   14
 72520  -80.21   40.50  373    1  573  -16    8  245   21
 72528  -78.72   42.93  215    1  570  -17    9  250   18
 72562 -100.67   41.13  849    1  541  -27   10  325   11
 72572 -111.96   40.78 1288    1  555  -27   19  350   24
 72597 -122.86   42.37  405    1  570  -18  3.6  300   18
 72645  -88.12   44.48  214    1  555  -19  3.3  200   28
 72662 -103.06   44.05  966    1  543  -30   20  335   16
 72681 -116.21   43.57  874    1  562  -22    8  335   23
 72694 -122.99   44.92   61    1  566  -18  2.1  275   19
 72712  -68.01   46.87  190    1  562  -23    9  315   22
 72747  -93.37   48.57  361    1  543  -24  4.5  175   17
 72764 -100.74   46.77  506    1  538  -29    6  355   19
 72768 -106.61   48.22  700    1  543  -32   14  335   17
 72797 -124.54   47.95   62    1  558  -19  2.6  235   31
 74494  -69.96   41.67   16    1  573  -19   18  305   16
 76458 -106.41   23.20    4    1  584   -7   48  275   19
 76644  -89.64   20.98    9    1  589   -5   43  120    5
 78016  -64.67   32.37   28    1  579  -15   36  325   20
 78526  -65.99   18.43    4    1  587   -7   37   15    2
 81405  -52.36    4.83    9    1  587   -5    8  145    5
 91165 -159.34   21.98   45    1  582   -8   20  325    4
 91285 -155.06   19.72   11    1  582   -8   48  300    8
 91334  151.85    7.47    2    1  585   -6   .5  130   60
 91348  158.22    6.97   46    1  586   -4    8   90    9
 91376  171.38    7.08    3    1  583   -5  1.1  350    4
 91408  134.48    7.33   33    1  586   -4   22   85   16
 91413  138.08    9.48   17    1  586   -5   29   80   17
 98223  120.53   18.18    5    1  586   -5   36  270    3
 98646  123.97   10.30    9    1  588   -5   18  105   11
