diamond 2 10年12月01日08时500百帕高空观测
10 12 01 08  500 397
  1001   -8.66   70.93    9    1  550  -19  4.8  295   17
  1028   19.02   74.52   14    1  534  -29   13  320   18
  1152   14.37   67.27   13    1  542  -30  3.0  345    8
  1241    9.60   63.70    7    1  541  -32   11   55   13
  2185   22.13   65.55   16    1  536  -31    5   45   17
  2836   26.65   67.37  179    1  535  -31  2.5   20   15
  2963   23.50   60.82  103    1  530  -36   15   40   16
  3005   -1.17   60.13   84    1  538  -34   21   50   22
  3808   -5.31   50.22   88    1  527  -37    6   45    8
  3953  -10.24   51.93   14    1  531  -37   21   40   19
  4018  -22.59   63.97   38    1  563  -19   22  360    5
  4220  -52.74   68.70   47    1  537  -35  3.6  240   14
  4320  -18.66   76.77   12    1  531  -26    6  265   11
  4339  -21.96   70.48   66    1  550  -20   16  255   23
  6610    6.95   46.82  491    1  535  -27  2.1  215   28
  7110   -4.41   48.45  103    1  524  -36   12  350    9
  7510    -.69   44.83   45    1  529  -31  4.4  235   11
  8001   -8.41   43.37   67    1  532  -30   11  360    5
  8221   -3.54   40.45  582    1  535  -30    7  265   19
  8495   -5.34   36.15    5    1  549  -17   37  250   42
 10035    9.55   54.53   47    1  532  -36    8  170    4
 10393   14.12   52.22  112    1  533  -31   26  275   17
 10410    6.97   51.40  161    1 9999 9999 9999 9999 9999
 10739    9.20   48.83  311    1  534  -28  2.9  240   13
 10868   11.55   48.25  484    1  538  -25  3.2  225   22
 11035   16.37   48.25  209    1  543  -24  2.0  235   23
 11520   14.45   50.00  304    1  538  -27  4.1  235   16
 12120   17.53   54.75    2    1  531  -32   23  355    5
 12374   20.97   52.40   96    1  532  -32   11  265   17
 12425   16.98   51.13  116    1  536  -29   13  260   21
 12843   19.18   47.43  139    1  548  -22    9  255   35
 15120   23.57   46.78  413    1  552  -18  1.9  245   36
 15420   26.13   44.50   91    1  563  -16   .6  255   29
 16080    9.28   45.43  103    1  541  -21  2.1  230   34
 16320   17.95   40.65   10    1  566  -15   .7  245   24
 16429   12.50   37.92   14    1  567  -12    6  240   32
 16560    9.05   39.25    3    1  561  -14  1.9  240   30
 17030   36.33   41.28    4    1  573  -15    7  270   26
 17062   29.08   40.97   40    1  571  -14  4.4  265   15
 17130   32.88   39.95  894    1  576  -15    8  265   25
 17220   27.17   38.43   25    1  577  -13   12 9999 9999
 17240   30.55   37.75  997    1  580  -13   46  265   25
 20046   58.05   80.62   20    1  477  -43    6  335   27
 20744   52.73   72.38   16    1  527  -34   .9  290   14
 20891  102.47   71.98   33    1  505  -43  3.2  180    2
 21432  137.90   76.00   22    1  509  -39   .7  345    4
 21824  128.92   71.58    8    1  508  -45  3.5  110    3
 21946  147.88   70.62   48    1  515  -38  3.2  230   16
 22113   33.05   68.97  120    1  531  -33  2.7    5   11
 22217   32.43   67.13   26    1  529  -33  1.9   40   19
 22271   44.13   67.88   16    1  524  -36    7   10   10
 22550   40.50   64.58   13    1  516  -39    9   60   17
 22820   34.27   61.82  110    1  517  -39   10   45   11
 22845   38.93   61.50  121    1  515  -39  2.7   10    2
 23205   53.02   67.65    7    1  520  -36  2.9   35   10
 23330   66.53   66.53   21    1  512  -39    7   45   10
 23418   57.10   65.12   67    1  513  -39   12   30    5
 23472   87.95   65.78   32    1  509  -42    9  245    6
 23804   50.85   61.67  121    1  513  -35    8   50    8
 23884   90.00   61.60   63    1  511  -37  2.4  295    3
 23921   60.43   60.68   86    1  515  -30   14  250   14
 23955   77.87   60.43   47    1  515  -36    5  300   16
 24125  112.43   68.50  203    1  505  -44  1.6  285    5
 24266  133.38   67.55  137    1  508  -41    9  180   11
 24343  123.40   66.77   78    1  505  -44  3.1  320    4
 24507  100.07   64.17  186    1  509  -40   12  220    4
 24641  121.62   63.77  118    1  509  -43  3.9  330    9
 24688  143.15   63.27  742    1  509  -41  2.3  180    5
 24726  113.87   62.53  357    1  513  -44    9  300    4
 24908  102.27   60.33  260    1  512  -37    9  215    1
 24944  120.42   60.40  134    1  512  -43    5  320    6
 24959  129.75   62.08  103    1  508  -40   11  240   10
 25400  150.90   65.73   43    1  512  -40    7  180   23
 25703  152.42   62.92  207    1  514  -39  4.6  165   15
 25913  150.78   59.58  118    1  513  -40  3.0  135    9
 26038   24.58   59.38   34    1  528  -37   14   25   16
 26063   30.30   59.97   74    1  521  -39    8   15   16
 26477   30.60   56.38  111    1  520  -36   10  300   19
 26781   32.07   54.75  241    1  522  -30   18  295   17
 27037   39.87   59.28  127    1  514  -37    6  280    2
 27199   49.63   58.60  158    1  514  -27  4.9  305    8
 27459   44.00   56.27  157    1  517  -27  2.9  285   11
 27595   49.18   55.78  117    1  514  -24  1.8  335   11
 27612   37.57   55.75  191    1  517  -30   14  305   12
 27707   35.33   54.12  237    1  522  -29  4.5  290   16
 27730   39.70   54.63  158    1  519  -29  1.8  270   13
 27962   45.02   53.13  174    1  519  -28   .7  305   12
 27995   49.43   52.98 9999    1  515  -25  2.6  285   16
 28661   65.40   55.47   79    1  529  -25  3.0  245   36
 28698   73.40   54.93   94    1  537  -23   .3  265   41
 28952   63.62   53.22  171    1  537  -20  1.3  250   39
 29231   82.90   58.30   76    1  515  -36    9  295   24
 29263   92.15   58.45   78    1  513  -36  2.1  290   11
 29282   97.40   58.42  134    1  512  -40  3.2  245    5
 29612   78.40   55.37  120    1  532  -26  1.2  295   38
 29634   82.90   55.03  152    1  527  -34   11  290   26
 29698   99.03   54.88  410    1  517  -39  4.1  255   26
 29862   91.32   53.77  256    1  523  -37   10  295   26
 30054  112.58   59.45  193    1  512  -42   11  165    3
 30230  108.12   57.77  258    1  510  -36  3.7  275   11
 30372  118.37   56.92  711    1  512  -42    7  275    3
 30554  113.58   54.47  995    1  519  -34  4.2  290   15
 30635  108.98   53.43  470    1  522  -33   11  305   20
 30673  119.78   53.73  619    1  514  -35   14  305   21
 30758  113.33   52.02  671    1  524  -32  2.3  330    8
 30935  108.75   50.37  770    1  524  -32   .9  330   10
 30965  116.52   50.38  684    1  527  -31  1.4  275   23
 31004  125.37   58.62  682    1  512  -42   10  330    2
 31088  143.20   59.37    6    1  510  -43  4.5  170    8
 31168  138.15   56.45    9    1  509  -41  3.6   75    3
 31300  127.23   53.75  232    1  511  -42  3.1  300    5
 31369  140.70   53.15   47    1  512  -40    6  265    5
 31510  127.50   50.27  137    1  515  -31   17 9999 9999
 31538  132.13   50.07  314    1  510  -40  4.8  285    8
 31873  133.73   45.87  107    1  527  -28  4.5  285   46
 31977  132.05   43.27   82    1  545  -24  1.9  280   36
 32061  142.17   50.90   31    1  512  -41  4.7  270   13
 32098  143.10   49.22    4    1  517  -40    9  270   18
 32150  142.73   46.92   21    1  521  -40    5  275   19
 32215  156.13   50.68   23    1  518  -39    8  260   24
 32389  160.83   56.32   28    1  509  -36  1.9   60   13
 32540  158.75   52.97   83    1  511  -42    7  250   11
 33658   25.97   48.27  220    1  545  -23    8  260   45
 33837   30.63   46.48   41    1  547  -20   .0  260   33
 34009   36.18   51.65  245    1 9999 9999 9999 9999 9999
 34122   39.17   51.70   99    1  525  -27   11  275   20
 34172   46.03   51.57  168    1  522  -28    5  290   21
 34247   41.05   50.42   93    1  530  -30    6  275   28
 34560   44.35   48.68  145    1  540  -24  4.5  270   62
 34731   39.82   47.25   77    1  548  -22  2.9  270   49
 34858   43.35   45.92   87    1  556  -19  1.1  275   37
 34880   48.03   46.27  -16    1  554  -20  2.5  265   37
 35121   55.10   51.75  113    1  522  -30   10  245   46
 35229   57.15   50.28  227    1  537  -22  2.6  245   57
 35394   73.13   49.80  555    1  554  -22  4.2  275   22
 35671   67.72   47.80  345    1  558  -20    7  260   17
 35700   51.85   47.02 9999    1  553  -20   12  265   40
 36003   76.95   52.28  146    1  547  -22  2.5  300   39
 36096   94.50   51.72  628    1  525  -36  2.3  310   22
 36870   76.93   43.23  847    1  566  -22   11  280    6
 37018   39.07   44.10 9999    1  562  -17  2.2  270   30
 37054   43.10   44.22  314    1  563  -16  2.7  275   32
 38341   71.38   42.85  642    1  567  -20    7  205   11
 40179   34.82   32.00   30    1  585  -12   18    5    4
 40582   47.98   29.22   55    1  583  -13   34   85    3
 40745   59.63   36.27  980    1  573  -17   28  315   13
 40848   52.58   29.53 1491    1  582  -13   34  355    6
 41217   54.65   24.43   27    1  583   -7   21  280   13
 41256   58.28   23.58   15    1  584   -7   20  300   15
 41316   54.08   17.03   20    1  585   -6   34   60    5
 41977   91.82   22.35   34    1  580   -4   28  280   21
 42182   77.20   28.58  216    1  574  -12   37  280    8
 42361   78.25   26.23  207    1  585   -7   42  260   13
 42369   80.88   26.75  128    1  572   27  4.0 9999 9999
 42647   72.63   23.07   55    1  577   -7 9999  270   21
 42809   88.45   22.65    6    1  577   -6   36  285   19
 42867   79.05   21.10  310    1  583   -4   42  270   14
 42971   85.83   20.25   46    1  582   -6   16 9999 9999
 43150   83.30   17.70   66    1  582   -8   26  270    3
 43185   81.15   16.20    3    1  582   -7   17   95    1
 43192   73.82   15.48   60    1  588   -2   20 9999 9999
 43295   77.58   12.97  921    1  582   -7  4.2   70   10
 43333   92.72   11.67   79    1  580   -7   21   60    5
 44231  100.17   49.63 1288    1  528  -36  4.4  335   10
 44292  106.98   47.93 1338    1  527  -33    8  260   21
 45004  114.17   22.32   66    1  584   -6   48  255   17
 47058  125.78   39.03   38    1  561  -21   12 9999 9999
 47122  127.03   37.10   52    1  562  -21   20  290   10
 47138  129.38   36.03    6    1  565  -21   35  280    7
 47158  126.82   35.12   13    1  562  -23   24  215    4
 47401  141.68   45.42   11    1  526  -40    5  275   24
 47412  141.33   43.05   19    1  538  -27   20  285   46
 47580  141.38   40.70   39    1  549  -25   18  285   38
 47582  140.10   39.72   10    1  554  -24   27  285   31
 47600  136.90   37.38   14    1  562  -22   31  285   20
 47646  140.13   36.05   31    1  564  -22   43  325   16
 47678  139.78   33.10   80    1  570  -15  3.1  270   35
 47681  137.70   34.75   48    1  566  -18   18  275   23
 47778  135.77   33.45   75    1  569  -16    6  270   27
 47807  130.38   33.58   14    1  568  -20   23  270   17
 47827  130.55   31.57    5    1  571  -16  4.5  250   17
 47909  129.50   28.38    7    1  575  -12   20  265   30
 47918  124.17   24.33    7    1  582   -6   27  260   26
 47945  131.23   25.83   15    1  583   -8   31  255   26
 47971  142.18   27.08    8    1  584   -9   13  245   27
 47991  153.97   24.30    9    1  592   -8   15  280   11
 48327   98.98   18.78  314    1  585   -5   49  260    8
 48820  105.80   21.02    6    1  583   -6   32  265   16
 48855  108.18   16.03    7    1  586   -4   23  210    4
 48900  106.67   10.82   19    1  586   -5    5  110    7
 50527  119.75   49.22  611    1  530  -28    7  290   35
 50557  125.23   49.17  243    1  525  -29    8  290   37
 50745  123.92   47.38  148    1  534  -27    9  295   34
 50774  128.90   47.72  250    1  525  -28  3.9  290   46
 50834  121.23   46.61  500    1  539  -25   10  270   25
 50953  126.77   45.75  143    1  540  -26   15  290   35
 51076   88.08   47.73  737    1  545  -30  4.8  305   34
 51133   83.00   46.73  535    1  557  -23  1.7  305   34
 51243   84.85   45.60  428    1  557  -23  1.8  305   32
 51288   90.53   45.37 1651    1  547  -30   19  305   35
 51431   81.33   43.95  663    1  565  -22   10  315   17
 51463   87.62   43.78  919    1  558  -21   16  310   32
 51628   80.23   41.16 1105    1  569  -20   21  300    7
 51644   82.95   41.72 1100    1  569  -21   22  310   14
 51656   86.13   41.75  933    1  565  -20   18  315   21
 51709   75.98   39.47 1291    1  569  -20   19  185    7
 51777   88.17   39.03  889    1  569  -21   19  315   11
 51828   79.93   37.13 1375    1  571  -19   20  275    4
 51839   82.71   37.06 1410    1  571  -19   22  255    2
 51886   90.85   38.25 2945    1  569  -21   20  295   14
 52203   93.52   42.82  739    1  551  -31   24  295   36
 52267  101.07   41.95  941    1  551  -26  1.6  270   44
 52323   97.03   41.80 1770    1  553  -25   14  265   44
 52418   94.68   40.15 1140    1  562  -22   17  285   32
 52495  104.50   40.75 1329    1  558  -23   15  270   26
 52533   98.48   39.77 1478    1  560  -23   15  285   33
 52652  100.43   38.93 1483    1  561  -23   10  305   25
 52681  103.08   38.63 1367    1  561  -23   17  280   15
 52818   94.90   36.42 2809    1  570  -23   18  295   12
 52836   98.10   36.30 3192    1  568  -23   14  295   21
 52866  101.77   36.62 2262    1  564  -22   26  305   18
 52983  104.15   35.86 1875    1  563  -22   30  290    9
 53068  112.00   43.65  966    1  549  -22   22  265   26
 53336  108.52   41.57 1290    1  553  -22   19  250   24
 53463  111.68   40.82 1065    1  555  -21   21  265   22
 53513  107.40   40.77 1041    1  555  -23   36  275   21
 53543  109.98   39.83 1459    1  558  -22   16  255   19
 53614  106.22   38.48 1112    1  561  -23   18  280   12
 53772  112.55   37.78  779    1  561  -23    5  285    8
 53798  114.50   37.07   78    1  559  -21   17  285   14
 53845  109.50   36.60  959    1  564  -22   13  285   10
 53915  106.67   35.55 1348    1  564  -22   31  280   10
 54102  116.07   43.95  991    1  550  -21   26  275   23
 54135  122.27   43.60  180    1  549  -22    8  270   26
 54161  125.22   43.90  238    1  545  -24   36  285   28
 54218  118.97   42.27  572    1  554  -22   12  255   20
 54292  129.47   42.88  178    1  548  -25    6  290   33
 54337  121.12   41.13   70    1  557  -21   37  275   23
 54342  123.43   41.77   43    1  554  -22   29  275   28
 54374  126.92   41.72  333    1  553  -23   11  285   28
 54401  114.88   40.78  726    1  557  -21   28  275   17
 54497  124.33   40.05   14    1  560  -21    9  290   19
 54511  116.47   39.80   55    1  557  -21   37  275    4
 54539  118.90   39.43   12    1  558  -21   37  225    8
 54662  121.63   38.90   97    1  560  -22   24  240   11
 54727  117.56   36.73   69    1  561  -22   19  255   14
 54778  122.38   37.16   40    1  562  -21   37  205    6
 54857  120.33   36.07   77    1  562  -21   15  245   12
 55299   92.07   31.48 4508    1  575  -19   23  305    8
 55591   91.13   29.67 3650    1  574  -17   17  350    3
 55664   87.08   28.63 4302    1  574  -14   35  355    3
 56004   92.43   34.22 4535    1  572  -21   17  300   10
 56029   97.02   33.02 3682    1  571  -20   24  295   12
 56046   99.65   33.75 3968    1  569  -21   24  310   16
 56080  102.90   35.00 2910    1  565  -21   31  305   16
 56096  104.92   33.40 1079    1  567  -20   30  295   16
 56137   97.17   31.15 3307    1  574  -18   28  290    7
 56146  100.00   31.62 3394    1  571  -18   26  300   12
 56173  102.55   32.80 3493    1  568  -19   34  300   14
 56187  103.83   30.70  541    1  570  -18    8  320   11
 56247   99.10   30.00 2589    1  572  -17   12 9999 9999
 56312   94.47   29.57 3001    1  573  -16   16  325    6
 56492  104.60   28.80  342    1  569  -16  2.1  285    9
 56571  102.27   27.90 1599    1  571  -16  1.5  320   11
 56651  100.47   26.83 2394    1  573  -14   10  295   15
 56691  104.28   26.87 2236    1  572  -12   22  270   37
 56739   98.48   25.12 1649    1  577  -11   35  270   33
 56778  102.68   25.02 1892    1  577  -10   41  260   32
 56964  100.98   22.77 1303    1  580   -5   42  270   24
 56985  103.38   23.38 1302    1  579   -5   42  260   25
 57083  113.65   34.72  111    1  564  -22    6  275   15
 57127  107.03   33.07  509    1  566  -18   38  280   14
 57131  108.93   34.40  398    1  564  -23   25  270   13
 57178  112.58   33.03  131    1  567  -20  3.4  255   16
 57245  109.03   32.72  291    1  567  -20   15  270   14
 57328  107.50   31.20  311    1  568  -17  4.9  270    6
 57447  109.47   30.28  458    1  569  -17    9  215    7
 57461  111.30   30.70  134    1  570  -17    7  255    9
 57494  114.13   30.62   23    1  569  -14   16  255   13
 57516  106.48   29.52  265    1  569  -16  2.1  245   11
 57679  113.08   28.20   46    1  572  -13   11  245   13
 57749  110.00   27.56  261    1  572  -12   40  265   39
 57816  106.72   26.58 1074    1  575  -10   26  265   36
 57957  110.30   25.33  166    1  577   -9   41  250   30
 57972  113.03   25.80  185    1  576   -9   41  250   33
 57993  114.95   25.85  125    1  577   -8   38  260   33
 58027  117.15   34.28   42    1  565  -21    9  275   18
 58150  120.25   33.77    7    1  566  -20   23  285   19
 58203  115.83   32.93   39    1  567  -20   16  260   17
 58238  118.80   32.00   12    1  569  -18   16  275   15
 58362  121.46   31.41    5    1  570  -17   23  280   20
 58424  117.05   30.53   20    1  570  -15   13  260   12
 58457  120.17   30.23   43    1  572  -16    6  265   13
 58606  115.92   28.60   50    1  573  -13   22  260   14
 58633  118.87   28.97   71    1  573  -15    6  270   13
 58665  122.25   28.63    2    1  574  -15    8  270   15
 58725  117.43   27.33  192    1  574  -11   40  265   32
 58847  119.28   26.08   85    1  575  -11   40  260   35
 58968  121.52   25.03    9    1  581   -6   42  255   28
 59023  108.05   24.70  214    1  579   -8   41  250   28
 59134  118.08   24.48  139    1  581   -5   42  255   26
 59211  106.60   23.90  242    1  580   -8   29  245   24
 59265  111.30   23.48  120    1  582   -6   29  255   20
 59280  113.05   23.66   19    1  582   -6   42  260   20
 59293  114.68   23.73   41    1  582   -6   42  260   21
 59316  116.68   23.40    3    1  583   -6   42  260   20
 59362  121.62   24.02   14    1  582   -5   40  265   21
 59431  108.35   22.82   73    1  582   -7   39  255   18
 59644  109.10   21.48   16    1  584   -5   33  260   16
 59663  111.97   21.87   22    1  584   -5   42  250   17
 59758  110.35   20.03   15    1  585   -4   43  260   11
 59792  116.72   20.67    6    1  586   -6   33  265    9
 59948  109.52   18.23    7    1  585   -4   33  225    5
 59981  112.33   16.83    5    1  586   -5   31  185    4
 70026 -156.77   71.30    4    1  517  -38   11  265   22
 70133 -162.62   66.87    5    1  529  -33  2.6  275   10
 70200 -165.42   64.50    7    1  528  -32  3.2  165    8
 70231 -155.61   62.97  103    1  532  -30  3.2  265    5
 70261 -147.86   64.82  138    1  528  -32    8  335   14
 70273 -150.01   61.17   40    1  531  -29   21  360   17
 70308 -170.21   57.15    9    1  547  -23  4.2  255   25
 70316 -162.71   55.20   31    1  551  -24    6  285   31
 70326 -156.64   58.68   15    1  537  -31   16  300   14
 70350 -152.49   57.75    3    1  534  -29   12  325   15
 70361 -139.66   59.52    9    1  522  -34    6   70   14
 70398 -131.56   55.03   34    1  524  -36    6  225   15
 71043 -126.79   65.28   74    1  523  -28  1.4 9999 9999
 71081  -81.24   68.78    8    1  525  -36    7 9999 9999
 71082  -62.32   82.50   66    1  525  -33    5  270   11
 71109 -127.36   50.68   22    1  541  -28   18  245   22
 71119 -114.09   53.55  766    1  545  -25    6 9999 9999
 71600  -60.01   43.93    4    1  561  -21   16  345   33
 71811  -66.26   50.22   55    1  569  -17   29  320   11
 71815  -58.54   48.53   60    1  558  -21   23 9999 9999
 71816  -60.41   53.32   49    1  565  -20   18  345   13
 71836  -80.64   51.27   10    1  541  -23  1.3  175   37
 71867 -101.09   53.97  271    1  537  -25   28   10   30
 71906  -68.41   58.10   37    1  557  -23   19 9999 9999
 71907  -78.11   58.45    6    1  546  -24  1.0  180   15
 71909  -68.52   63.75   34    1  543  -29    8  255   19
 71913  -94.06   58.75   29    1  531  -33   20 9999 9999
 71917  -85.92   79.98   10    1  522  -33   11  190   12
 71924  -94.97   74.72   42    1  516  -36  2.7  155   10
 71925 -105.11   69.10   27    1  522  -35  3.1  265   23
 71926  -96.07   64.30   18    1  530  -34   14  355   21
 71934 -111.94   60.02  203    1  539  -26  2.1  245   10
 71945 -122.57   58.83  382    1  533  -29   16 9999 9999
 71957 -133.47   68.30   68    1  516  -39   17  305    9
 71964 -135.06   60.72  703    1  523  -32  3.7   95    8
 72201  -81.74   24.55    6    1  588   -8   26  180   14
 72208  -80.02   32.90   15    1  581   -9   29  220   25
 72235  -90.07   32.32  101    1  563  -13   24  220   53
 72240  -93.21   30.12   10    1  566  -12 9999  240   51
 72250  -97.42   25.90    6    1  582  -12   46  275   21
 72261 -100.91   29.37  313    1  576  -14   34  315   25
 72265 -102.17   31.95  872    1  572  -16   33  330   26
 72274 -110.92   32.12  779    1  580  -14   23  305   12
 72317  -79.94   36.08  270    1  573  -11   16  225   30
 72327  -86.67   36.12  180    1  558  -15   28  210   59
 72340  -92.24   34.83  165    1  548  -28   10  250   16
 72363 -101.69   35.23 1099    1  564  -20   42  335   29
 72365 -106.61   35.05 1620    1  573  -16   19  325   22
 72402  -75.47   37.85    3    1  578  -12   17  245   21
 72403  -77.44   38.95   98    1  574  -14    6  230   24
 72451  -99.96   37.77  790    1  553  -23   21  330   41
 72456  -95.61   39.07  270    1  539  -34   10  300   20
 72469 -104.86   39.75 1625    1  562  -21    7  330   34
 72476 -108.52   39.12 1475    1  569  -19  3.0  320   23
 72520  -80.21   40.50  373    1  566  -12  2.7  215   30
 72528  -78.72   42.93  215    1  564  -13  3.3  215   38
 72562 -100.67   41.13  849    1  547  -23   17  335   43
 72572 -111.96   40.78 1288    1  569  -19    6  305   22
 72597 -122.86   42.37  405    1  566  -19    6  255   24
 72645  -88.12   44.48  214    1  532  -28   11  230   15
 72662 -103.06   44.05  966    1  551  -23   10  335   33
 72681 -116.21   43.57  874    1  566  -19  3.4  280   18
 72694 -122.99   44.92   61    1  559  -21  4.2  240   27
 72712  -68.01   46.87  190    1  571  -16   14  280   10
 72747  -93.37   48.57  361    1  530  -28    8  335    9
 72764 -100.74   46.77  506    1  539  -23   16 9999 9999
 72768 -106.61   48.22  700    1  552  -21    7  320   25
 72797 -124.54   47.95   62    1  548  -25   42  245   19
 74494  -69.96   41.67   16    1  577  -13  4.0  275   14
 76458 -106.41   23.20    4    1  585   -7   48  295   11
 76644  -89.64   20.98    9    1  585   -5   49  165   12
 78016  -64.67   32.37   28    1  581  -14   15  330   18
 78526  -65.99   18.43    4    1  585   -5 9999  360   12
 81405  -52.36    4.83    9    1  586   -5   11  140    5
 91165 -159.34   21.98   45    1  584   -9   22  335    3
 91285 -155.06   19.72   11    1  584   -8   48  345    3
 91334  151.85    7.47    2    1  588   -5    8  150    7
 91348  158.22    6.97   46    1  587   -6    6   55   12
 91376  171.38    7.08    3    1  585   -4   38   40    7
 91408  134.48    7.33   33    1  586   -3   35   70   15
 91413  138.08    9.48   17    1  585   -3   30   70   17
 98223  120.53   18.18    5    1  586   -4   13  205    1
 98646  123.97   10.30    9    1  588   -5   27  100   14
