diamond 11 10年11月27日08时500百帕流场
10 11 27 08   0   500
  2.000 -2.000  32.0 160.0  80.0  12.0  65  35
    -5.7    -5.7    -6.0    -6.7    -8.2   -11.1   -15.3   -18.7   -19.6   -17.6
   -13.3    -7.7    -1.8     1.0     2.1     1.6     1.9     2.1      .8    -3.2
    -8.3   -12.0   -13.6   -14.0   -14.1   -14.1   -14.0   -13.5   -11.7    -8.3
    -3.9     -.6     1.1     1.8     2.3     2.6     3.0     3.0     2.6     2.0
      .7    -1.3    -3.1    -3.7    -3.3    -2.5    -2.0    -1.7    -1.3     -.7
      .0      .5      .7      .8      .8     1.0     1.3     1.7     2.0     2.2
     2.3     2.3     2.3     2.4     2.5
    -5.7    -5.7    -5.8    -6.2    -7.4   -10.4   -15.5   -20.5   -23.0   -22.2
   -18.9   -13.0    -6.6    -1.4      .1     1.3     2.3     3.0     1.7    -2.9
    -8.9   -12.7   -13.9   -14.1   -14.1   -14.1   -14.1   -13.8   -12.5    -9.5
    -5.3    -2.0     -.2      .8     1.6     2.5     2.8     2.9     2.3     1.3
     -.8    -3.2    -5.0    -5.2    -4.1    -2.8    -2.1    -1.8    -1.4     -.8
     -.1      .5      .8      .8      .9     1.0     1.3     1.8     2.1     2.3
     2.3     2.3     2.4     2.6     2.8
    -6.0    -5.9    -5.7    -5.4    -5.8    -8.5   -14.2   -21.2   -26.5   -29.0
   -28.8   -25.1   -18.5   -11.4    -5.5     -.6     3.3     5.7     4.8     -.5
    -7.6   -12.3   -13.9   -14.1   -14.1   -14.1   -14.1   -13.9   -13.1   -11.0
    -8.1    -5.7    -4.2    -3.1    -1.9     -.2      .9     1.1      .0    -2.3
    -5.3    -7.9    -8.8    -7.8    -5.6    -3.5    -2.4    -1.9    -1.6    -1.1
     -.5      .1      .6      .8      .9     1.1     1.5     2.0     2.2     2.3
     2.3     2.4     2.8     3.3     3.9
    -6.8    -6.7    -6.1    -5.1    -4.5    -6.0   -10.9   -18.3   -25.6   -30.5
   -33.7   -32.7   -27.6   -21.5   -13.4    -4.4     3.5     8.1     8.1     3.4
    -4.2   -10.4   -13.3   -14.1   -14.1   -14.1   -14.0   -13.5   -12.3   -10.6
    -8.9    -7.9    -7.5    -7.3    -6.9    -6.1    -5.0    -4.4    -5.4    -7.5
    -9.7   -11.0   -10.7    -9.1    -6.8    -4.7    -3.1    -2.0    -1.3    -1.1
    -1.1     -.7     -.1      .4      .8     1.3     1.8     2.1     2.2     2.3
     2.4     2.8     3.8     5.0     5.9
    -7.1    -7.2    -6.3    -4.9    -3.7    -4.1    -7.1   -12.7   -19.7   -27.1
   -29.1   -28.4   -23.9   -18.6   -11.0    -2.0     5.8    10.0    10.2     6.8
      .2    -7.0   -11.7   -13.6   -14.0   -13.9   -13.2   -11.8    -9.8    -8.0
    -7.1    -7.2    -7.6    -8.1    -8.8    -8.7    -8.5    -8.4    -9.3   -10.7
   -11.8   -12.0   -11.3   -10.0    -8.5    -7.2    -5.3    -2.9    -1.8    -1.6
    -2.2    -2.4    -2.0    -1.1      .2     1.3     2.0     1.9     2.0     2.1
     2.9     4.3     6.2     8.0     8.9
    -6.9    -6.8    -5.2    -3.6    -2.3    -2.6    -4.2    -6.7    -9.5   -11.9
   -12.7   -10.0    -6.1    -2.2     1.6     6.0     9.6    11.4    11.4     9.8
     5.6     -.5    -6.4   -10.3   -12.2   -12.3   -10.9    -8.8    -6.8    -5.5
    -5.1    -5.3    -5.8    -6.5    -7.3    -8.5    -9.1    -9.6   -10.7   -12.0
   -12.5   -12.4   -11.4   -10.3   -10.1   -10.1    -8.5    -5.5    -2.9    -2.6
    -4.1    -4.9    -4.4    -2.9     -.3     1.9     2.7     2.4     2.5     3.4
     5.6     8.2    10.5    12.1    12.5
    -5.0    -4.2    -2.1     -.5      .3     -.9    -2.2    -2.8    -1.7      .2
     2.8     4.7     6.1     7.9     8.9     9.7    11.3    12.0    12.1    11.5
    10.4     8.2     4.6     -.2    -4.7    -7.1    -7.0    -6.1    -5.1    -4.2
    -3.7    -3.1    -2.6    -2.6    -3.5    -5.3    -7.0    -8.8   -10.6   -12.0
   -11.9   -11.2    -9.5    -8.1    -8.2   -10.0   -10.0    -8.7    -5.0    -4.2
    -5.2    -5.7    -5.0    -2.0     2.1     4.9     5.5     5.1     5.6     8.8
    12.6    15.5    16.4    16.2    15.8
    -2.9     -.6     1.8     2.4     2.6     1.4     -.5     -.4     1.7     4.6
     7.3     8.7     9.7     9.9     8.3     7.9     9.9    11.3    11.8    12.1
    13.9    16.7    18.0    15.5     9.6     3.4     -.9    -3.4    -4.2    -3.9
    -2.6    -1.1     -.3      .0     -.4    -1.7    -3.8    -6.4    -8.6    -9.3
    -8.7    -6.8    -3.6     -.5     1.6    -2.6    -6.1    -7.4    -4.4    -3.6
    -4.6    -5.1    -3.3      .7     5.7     9.1    10.1    10.4    13.1    18.3
    22.2    23.3    21.6    19.3    18.1
     -.3      .7     1.7     -.7     1.6     2.7     2.0     2.6     3.9     5.1
     6.4     8.2     9.3     6.9     2.3      .9     4.1     8.1     9.4    10.9
    15.4    21.1    25.1    25.4    22.1    16.6     9.8     2.4    -2.0    -4.1
     -.4     2.1     1.7      .9      .0     -.8    -2.2    -3.8    -4.9    -4.0
    -2.2     -.6     1.5     3.4     5.6     3.9      .7    -2.4     -.1     1.0
     -.2    -2.0    -1.1     2.7     7.0     9.4    10.0    11.2    13.8    20.4
    24.2    25.6    23.0    20.6    19.2
    -2.2    -1.0     -.3    -1.8     1.0     5.5     5.6     5.8     5.6     5.9
     6.6     8.4     7.7      .6    -5.7    -8.3    -3.7     -.2     1.7     5.1
    13.1    21.9    27.1    28.6    28.9    27.6    22.1    12.3     1.4      .0
     2.8     6.0     2.1     -.3     -.8    -1.5    -2.3    -3.8    -4.4    -2.8
     -.1     1.2     1.9      .5     1.8     3.1     1.4      .7     2.7     3.6
     2.7      .0    -1.1      .9     4.0     5.8     6.0     6.1     8.3    13.6
    18.8    21.7    20.9    19.8    19.1
    -3.2    -3.2      .3     4.0     8.3    12.5    11.8    11.3     9.9     8.8
     9.6    11.7    11.2     3.4    -4.5    -7.1    -3.3    -2.0     -.9     2.3
    11.8    21.2    26.4    28.1    29.7    32.1    30.2    21.2     9.7     7.6
    11.6    11.1      .8    -2.5     -.8    -1.8    -3.3    -5.0    -6.8    -5.0
     -.8     2.2     3.7     1.6      .5     -.9     -.9     -.8     2.1     3.7
     2.7    -1.4    -4.6    -4.4    -1.9      .0     1.0     1.7     3.5     7.3
    10.8    14.1    16.3    17.6    18.0
      .1     -.4     3.9    13.2    16.7    18.5    17.1    17.7    18.0    17.0
    16.3    17.2    15.6    11.2     5.0     7.5     9.1     8.3     5.5     6.4
    13.9    20.9    23.5    24.0    27.6    30.0    30.4    25.6    19.4    19.2
    18.8    15.9     7.0     4.7     2.1     -.8    -2.8    -4.7    -4.7    -3.5
     -.2     2.8     7.8     7.8     4.4      .0      .1      .7     2.4     4.7
     2.4    -2.6    -6.6    -6.4    -4.2    -2.0    -1.0      .1     1.4     2.6
     4.4     7.8    11.7    15.0    17.2
    12.2    11.3    13.9    17.6    20.5    19.3    17.0    17.6    19.8    21.5
    23.1    23.3    23.0    22.8    25.1    27.7    26.8    21.1    14.7    13.7
    19.6    23.2    21.6    20.6    21.7    25.6    26.7    25.6    23.6    23.5
    24.8    21.1    16.5    21.4    15.5     4.5     -.2     2.2     3.9     5.1
     3.7     3.6     6.6     7.0     4.5     3.1     4.4     8.3    11.9    11.4
     6.4     -.8    -4.7    -3.1      .0     2.5     3.2     3.2     2.7     2.3
     3.3     6.0     9.4    13.3    14.6
    21.6    17.8    14.0    17.7    20.1    19.3    14.1     9.7    16.7    23.1
    29.5    36.0    35.4    32.6    37.0    44.0    39.9    31.2    23.6    21.1
    23.2    24.4    24.3    22.3    21.0    22.9    23.4    23.6    23.5    24.5
    25.3    26.8    28.7    34.1    27.5    11.9     7.5    11.9    15.0    13.3
     7.1     4.3     3.1     1.4      .0     1.0     6.6    11.0    12.5    12.6
     6.9     1.4     -.2     2.6     8.2    11.9    12.8    11.4     8.2     5.7
     5.3     6.6     7.6     9.4    10.9
    23.2    10.3     8.1     9.5    21.4    23.1    14.5    10.8    11.8    21.8
    30.1    36.5    32.4    27.1    34.7    45.1    44.4    36.3    24.0    19.9
    19.8    21.8    24.8    25.4    23.5    22.2    21.5    21.1    21.5    23.0
    25.3    27.1    28.9    29.4    26.1    22.0    19.4    19.1    17.7    14.8
     9.0     5.3     3.7     1.7     -.7    -1.7     1.7     3.4     4.1     5.1
     5.2     6.4     7.7    11.1    15.1    18.2    20.1    18.3    14.9    11.1
     8.8     7.8     7.0     7.7     8.6
    16.0    10.6    10.0    15.9    25.0    27.3    24.5    17.9    14.8    20.7
    25.6    31.1    25.2    21.0    24.4    35.8    34.7    25.2    17.5    15.6
    16.4    18.9    22.6    24.3    22.6    20.5    18.6    17.5    17.6    20.1
    23.3    25.6    26.4    25.4    24.6    24.4    25.7    25.6    21.0    15.8
    11.2     7.2     5.1     3.5     1.6     -.5    -2.7    -2.4    -2.3    -1.0
     6.3    13.4    17.0    17.5    19.5    20.5    21.6    20.6    17.8    14.1
    11.0     8.9     7.9     7.9     8.4
    17.5    16.8    18.4    25.0    30.2    29.9    28.3    26.8    23.5    21.2
    20.8    21.2    17.3    15.0    18.5    21.9    20.6    15.3    12.5    12.0
    13.4    14.5    15.4    16.0    16.4    16.7    16.0    14.7    15.0    17.6
    20.7    23.0    23.9    23.2    23.8    26.1    29.3    30.8    28.0    21.3
    17.6    13.2     9.3     6.0      .4    -3.3    -2.7     -.4      .0     3.2
    15.3    23.9    23.4    19.3    18.5    17.7    20.0    19.5    18.2    15.6
    13.0    10.7     9.0     8.4     8.4
    20.6    20.6    22.1    25.9    28.8    26.7    25.5    26.0    25.2    21.8
    18.6    17.8    18.2    17.3    16.4    16.0    13.8    10.6     8.7     7.7
     8.4     9.0     9.6     8.7     9.1    11.4    12.3    11.6    11.3    15.3
    18.5    19.6    20.7    21.6    24.5    28.4    31.7    34.3    33.8    30.7
    28.2    26.6    22.2    14.8     3.5    -1.2     2.6     8.0    10.4    11.6
    22.1    27.3    25.0    15.2     8.9    11.0    14.5    16.7    16.9    15.4
    13.6    11.6     9.8     8.9     8.6
    24.5    24.6    25.7    23.5    23.4    22.8    22.7    24.8    25.1    21.7
    18.7    17.0    16.0    14.5    12.6    10.8     8.6     6.4     4.3     2.2
     1.7     2.1     3.5     3.7     3.8     6.7     8.9     7.1     6.4    11.6
    15.4    16.6    16.0    17.7    24.7    28.9    30.2    31.7    31.0    31.6
    32.0    32.6    30.8    23.9    12.0     5.3    12.7    19.2    20.8    19.1
    24.3    27.9    23.5    13.0     7.4     6.7     7.4    11.8    13.0    12.8
    11.9    10.7     9.6     8.9     8.6
    26.4    27.5    27.3    25.2    22.2    22.6    22.9    24.0    23.8    21.4
    18.0    14.6    11.4     8.4     6.4     5.0     3.8     2.3      .8     -.9
    -1.8    -2.2    -1.3    -1.0    -1.1     4.3     7.2     4.8     3.9     7.3
    11.3    12.0    11.9    14.5    20.4    24.5    27.2    30.4    30.8    30.9
    32.6    35.6    37.0    33.4    27.8    25.9    31.1    33.4    31.2    24.0
    21.8    21.7    16.3     9.8     6.4     5.5     5.8     7.2     8.3     8.7
     8.9     8.8     8.6     8.5     8.4
    27.2    27.8    28.4    27.9    25.9    24.6    23.7    22.9    21.2    18.0
    13.9    10.0     6.8     4.8     3.9     3.4     2.6     1.3     -.1    -1.6
    -4.0    -6.1    -5.5    -3.5    -1.4     3.8     6.9     3.3     1.8     3.3
     5.7     6.9     9.0    12.2    15.4    18.4    20.5    21.9    26.6    29.2
    31.4    35.8    40.0    40.9    38.7    39.3    36.3    30.7    31.0    24.9
    21.4    15.2     9.6     7.4     5.9     5.1     4.5     5.6     6.3     6.8
     7.1     7.3     7.6     7.7     7.8
    25.5    25.9    25.9    25.7    24.7    23.1    20.6    17.4    14.2    10.9
     7.8     5.5     4.2     3.7     3.5     3.4     2.9     1.7     -.1    -2.7
    -5.8    -8.6    -6.2     1.1     6.2     8.2     6.3     1.8      .7     1.6
     3.2     4.6     7.6    10.6    12.1    13.5    13.6    11.7    17.8    24.4
    27.2    31.9    37.3    40.4    39.9    38.8    31.7    25.0    25.8    29.4
    21.1    13.3     8.5     7.2     7.4     6.6     5.9     6.0     6.4     6.6
     6.6     6.6     6.7     6.9     7.0
    20.3    19.0    17.8    16.8    15.8    14.2    11.0     6.9     5.6     5.2
     4.5     3.9     3.6     3.5     3.5     3.5     3.4     2.8      .7    -1.9
    -5.1    -7.0    -3.0     9.3    13.1    13.4     8.9     1.6     2.2     3.2
      .7     4.8     8.6    10.8    11.0    11.4    12.7    16.4    18.8    19.3
    22.4    25.8    28.2    30.0    32.7    32.6    29.5    25.7    24.5    23.3
    19.0    11.9     8.9     8.4     8.9     9.1     8.5     8.2     7.9     7.3
     6.6     6.0     5.8     6.0     6.2
    11.3     8.6     6.8     6.5     6.2     5.1     4.7     4.2     4.3     4.8
     5.1     4.7     4.1     3.7     3.6     3.5     3.5     3.4     2.8     2.7
     3.0     2.7     6.4    12.4    14.0    13.7    10.1     6.8     8.8     6.4
     8.8     8.4    14.2    13.6    11.9    11.5    10.6    12.9    15.8    18.1
    19.8    20.5    20.5    22.5    24.4    23.9    22.9    23.0    20.2    15.0
    10.1    10.1     9.3     9.2     9.7    10.0    10.0     9.7     9.0     7.7
     6.2     5.3     5.1     5.3     5.5
     5.5     3.9     3.0     3.4     3.8     3.8     3.9     3.9     4.0     4.8
     5.5     5.6     5.2     4.5     4.0     3.8     3.8     4.4     6.3     8.8
     9.8     9.9    10.4    11.2    11.3    10.7     8.4     8.1    12.7    21.2
    20.9    18.1    16.1    15.0    13.3    12.5    10.5    10.4    11.4    13.7
    17.9    19.4    19.6    20.5    19.5    17.3    15.6    19.1    14.8    10.8
     8.2     9.1     9.5     9.9    10.5    11.1    11.6    11.5    10.6     8.5
     6.2     5.0     4.7     4.9     5.0
     3.9     2.7     2.5     3.2     3.5     3.7     3.8     3.8     4.0     4.7
     5.6     5.9     5.9     6.0     6.0     5.6     5.7     6.6     8.2     9.4
    10.3    10.7    10.8    10.9    10.5     9.2     7.0     7.4    12.2    17.9
    21.2    17.9    15.5    15.1    14.8    14.1    16.2    14.1    10.8    11.9
    15.8    19.3    22.1    22.5    21.5    20.3    18.4    20.5    20.3    15.1
    10.7    10.6    10.7    11.3    12.1    12.9    13.4    13.3    11.9     9.1
     6.3     4.9     4.6     4.6     4.7
     3.4     3.1     3.1     3.4     3.7     3.8     3.8     3.8     4.0     4.7
     5.9     6.9     7.5     8.2     9.0     9.0     8.4     7.7     7.5     7.9
     8.9    10.1    10.7    10.8    10.5     9.0     6.9     7.1    10.2    13.2
    15.2    15.0    15.6    14.9    14.1    15.6    17.5    18.1    16.8    15.4
    15.0    17.1    20.3    22.6    24.7    25.0    23.6    20.1    21.8    19.7
    16.5    14.0    13.4    13.5    13.9    14.3    14.5    13.9    12.0     8.9
     6.1     4.8     4.5     4.5     4.6
     3.5     3.5     3.5     3.6     3.8     3.9     3.9     3.9     4.1     4.9
     6.8     7.8     8.9     9.6    10.1    10.0     9.4     7.8     6.9     6.7
     6.9     7.7     9.7    10.2     9.9     8.6     6.9     6.7     8.0     8.9
    10.6    14.5    21.6    21.8    18.5    19.8    19.3    18.2    19.4    19.6
    17.9    17.5    20.8    24.5    25.6    22.6    15.6    12.6    18.5    17.7
    16.3    15.0    14.9    14.7    14.7    14.7    14.5    13.4    11.0     7.9
     5.5     4.6     4.4     4.5     4.5
     3.5     3.5     3.6     3.7     3.9     4.1     4.2     4.3     5.2     6.9
     8.3     8.8     9.4     9.9    10.2    10.3     9.7     8.0     6.8     6.6
     6.6     6.6     6.4     5.1     4.9     5.6     5.7     6.5     7.2     7.0
     7.9    12.0    21.8    23.1    20.1    19.7    18.1    14.1    15.3    18.6
    19.6    20.5    25.4    28.0    25.8    20.8    13.4     8.7    12.4    14.0
    14.8    15.0    15.0    14.9    14.8    14.6    14.1    12.6     9.7     6.7
     4.9     4.4     4.4     4.4     4.5
     3.5     3.5     3.6     3.8     4.2     4.7     5.1     5.7     7.0     8.3
     8.8     9.0     9.6    10.1    10.3    10.2     9.5     7.7     6.7     6.6
     6.5     6.3     5.1     3.9     3.5     3.6     4.1     5.4     6.6     6.8
     6.7    10.9    15.1    15.6    13.3    13.3    12.7    10.6    12.2    15.7
    18.1    20.9    25.8    27.2    22.9    18.1     9.8     7.1    11.0    13.5
    14.7    15.0    14.8    14.5    14.4    14.3    13.6    11.7     8.6     6.0
     4.7     4.4     4.4     4.4     4.4
     3.5     3.5     3.6     3.9     4.7     5.6     6.2     6.8     7.9     8.7
     8.9     9.3     9.9    10.2    10.3    10.1     9.1     7.5     6.7     6.5
     6.3     5.3     2.7     1.6      .9     1.6     2.4     3.8     5.2     5.8
     5.8     5.9     6.5     6.1     6.9     7.0     7.8     8.1    11.0    13.6
    14.4    15.7    18.0    17.0    13.3    10.1     8.4     7.9    10.0    12.8
    14.3    13.8    12.2    11.2    11.5    12.4    12.5    10.8     8.0     5.7
     4.7     4.4     4.4     4.4     4.4
     3.5     3.5     3.7     4.1     5.1     6.4     7.1     7.7     8.4     8.9
     9.1     9.4    10.0    10.2    10.2     9.8     8.9     7.4     6.4     5.9
     4.6     2.3      .4     -.2    -1.1    -1.1      .7     2.0     2.7     2.8
     2.4     2.0     1.7     1.6     2.5     3.5     3.5     3.3     5.9     7.5
     6.0     4.5     6.2     7.4     7.4     6.6     6.4     7.0     8.7    10.6
    10.2     6.8     2.6      .5     1.8     4.8     7.2     7.5     6.3     5.2
     4.6     4.5     4.4     4.4     4.4
     3.5     3.6     3.7     4.3     5.5     6.8     7.7     8.2     8.6     9.0
     9.2     9.5     9.8     9.9     9.9     9.4     8.3     6.7     5.1     3.8
     2.2      .4     -.8    -1.6    -2.7    -2.6    -1.2    -1.1    -2.1    -3.8
    -4.6    -4.0    -2.4    -1.0      .2      .5     -.6    -1.8     -.8      .2
     -.5    -1.0     1.3     3.9     4.5     3.5     2.4     1.9     2.4     2.5
      .4    -3.7    -7.6    -9.4    -8.7    -6.4    -3.6    -1.1      .9     2.6
     3.8     4.3     4.4     4.4     4.4
     3.5     3.6     3.7     4.4     5.8     7.2     8.1     8.6     8.9     9.1
     9.3     9.6     9.8     9.9     9.8     9.2     7.8     5.8     3.8     2.2
      .7     -.7    -1.7    -2.5    -3.9    -4.1    -3.2    -4.1    -6.2    -8.4
    -9.9    -9.1    -6.5    -3.7    -1.7    -1.3    -2.4    -4.4    -4.5    -4.0
    -3.7    -2.0     -.3     1.2      .3    -2.4    -4.7    -5.8    -6.0    -6.8
    -8.4   -10.4   -11.9   -12.4   -12.3   -11.6   -10.5    -8.8    -6.0    -2.3
     1.1     3.1     3.9     4.4     4.4
     3.5     3.6     3.8     4.6     5.9     7.3     8.2     8.7     9.0     9.2
     9.4     9.6     9.8     9.9     9.7     9.0     7.5     5.3     3.2     1.6
      .2    -1.0    -1.8    -2.5    -3.2    -3.5    -4.0    -5.1    -7.5   -10.0
   -11.0   -10.5    -8.2    -5.7    -3.6    -2.8    -3.6    -4.4    -4.4    -3.4
    -2.9    -2.5    -1.4     -.9    -2.3    -5.8    -8.0    -8.9    -8.2    -9.1
   -10.4   -11.6   -12.4   -12.3   -12.7   -12.5   -12.4   -11.7   -10.1    -6.6
    -2.6      .6     2.9     4.0     4.4
    -5.7    -5.7    -5.6    -5.6    -5.6    -5.7    -5.9    -6.2    -6.7    -7.3
    -8.2    -9.2   -10.2   -10.7   -10.9   -10.7   -10.6   -10.1    -9.2    -8.0
    -6.7    -5.8    -5.3    -5.2    -5.1    -5.1    -5.1    -5.1    -5.1    -5.0
    -5.0    -5.0    -5.1    -5.2    -5.4    -5.5    -5.6    -5.6    -5.5    -5.3
    -4.9    -4.5    -4.6    -5.8    -7.8    -9.6   -10.5   -10.6   -10.4   -10.0
    -9.5    -9.2    -9.0    -9.0    -8.9    -8.3    -7.2    -5.6    -4.3    -3.6
    -3.3    -3.3    -3.3    -3.2    -3.2
    -5.7    -5.7    -5.6    -5.6    -5.6    -5.6    -5.7    -5.8    -6.1    -6.6
    -7.3    -8.3    -9.4   -10.2   -10.5   -10.5   -10.1    -9.3    -8.1    -7.0
    -6.0    -5.4    -5.2    -5.1    -5.1    -5.1    -5.1    -5.1    -5.0    -4.8
    -4.7    -4.7    -4.8    -5.0    -5.2    -5.4    -5.5    -5.5    -5.4    -5.1
    -4.5    -3.8    -3.9    -5.3    -7.5    -9.5   -10.5   -10.7   -10.5   -10.1
    -9.6    -9.2    -9.1    -9.0    -8.9    -8.2    -6.9    -5.2    -4.0    -3.4
    -3.3    -3.3    -3.2    -3.1    -2.9
    -5.9    -5.9    -5.8    -5.6    -5.6    -5.5    -5.5    -5.5    -5.5    -5.6
    -5.9    -6.5    -7.4    -8.5    -9.1    -9.1    -8.1    -6.7    -5.5    -5.0
    -4.9    -5.1    -5.1    -5.1    -5.1    -5.1    -5.1    -5.0    -4.7    -4.2
    -3.7    -3.6    -3.7    -3.9    -4.2    -4.7    -5.0    -5.0    -4.7    -4.0
    -3.1    -2.4    -2.6    -4.2    -6.7    -9.0   -10.3   -10.8   -10.8   -10.4
    -9.9    -9.4    -9.1    -9.0    -8.7    -7.7    -6.1    -4.5    -3.6    -3.3
    -3.3    -3.2    -3.0    -2.6    -2.2
    -6.4    -6.4    -6.2    -5.9    -5.7    -5.6    -5.6    -5.5    -5.4    -5.3
    -5.3    -5.5    -5.8    -6.3    -6.6    -6.3    -5.4    -4.4    -3.8    -3.9
    -4.4    -4.8    -5.1    -5.1    -5.1    -5.1    -5.0    -4.6    -3.8    -2.8
    -2.2    -2.3    -2.5    -2.7    -2.8    -3.0    -3.4    -3.5    -3.1    -2.5
    -1.8    -1.5    -1.9    -3.4    -5.6    -7.9    -9.6   -10.8   -11.6   -11.4
   -10.3    -9.4    -8.8    -8.6    -8.1    -6.9    -5.3    -4.0    -3.5    -3.3
    -3.2    -2.9    -2.2    -1.4     -.8
    -6.3    -6.6    -6.4    -6.1    -5.9    -6.0    -6.0    -5.8    -5.5    -5.3
    -5.2    -5.1    -4.9    -4.7    -4.4    -4.1    -3.7    -3.4    -3.3    -3.5
    -4.0    -4.6    -5.0    -5.1    -5.1    -4.9    -4.3    -3.1    -1.5     -.3
     -.1    -1.0    -1.9    -2.4    -2.3    -2.3    -2.4    -2.3    -2.0    -1.7
    -1.3    -1.2    -1.6    -2.6    -4.1    -5.8    -7.9   -10.3   -11.2   -11.0
    -9.3    -7.7    -6.9    -6.7    -6.4    -5.4    -4.3    -3.8    -3.6    -3.4
    -2.8    -2.0     -.6      .7     1.4
    -6.0    -6.3    -6.0    -5.7    -5.5    -5.7    -6.2    -6.2    -5.6    -5.2
    -5.0    -4.6    -3.7    -2.8    -2.4    -2.6    -3.0    -3.2    -3.2    -3.3
    -3.6    -4.2    -4.8    -5.0    -4.7    -3.8    -2.2     -.3     1.4     2.3
     1.7     -.1    -1.9    -2.7    -2.8    -2.4    -2.2    -2.0    -1.6    -1.4
    -1.2    -1.2    -1.5    -2.2    -2.9    -3.7    -5.4    -7.9    -9.9    -9.2
    -6.5    -4.4    -3.5    -3.3    -2.9    -2.4    -2.4    -3.0    -3.1    -2.7
    -1.2      .5     2.2     3.5     4.0
    -4.3    -4.9    -5.1    -4.6    -4.4    -5.1    -5.7    -5.9    -5.3    -4.9
    -4.6    -3.7    -2.0     -.7     -.5    -1.4    -2.8    -3.4    -3.5    -3.2
    -3.4    -4.1    -4.8    -4.9    -3.8    -1.8      .5     2.3     3.2     3.1
     2.0     -.2    -2.6    -3.9    -4.0    -3.5    -2.8    -2.2    -1.6    -1.2
    -1.0    -1.0    -1.6    -2.7    -3.1    -2.9    -3.5    -4.8    -6.3    -5.6
    -3.8    -2.5    -1.6     -.8      .6     1.4      .9     -.1     -.6      .5
     2.3     4.1     5.4     6.2     6.4
    -2.5    -4.4    -5.5    -3.7    -3.4    -3.9    -4.7    -4.6    -3.8    -3.4
    -3.2    -2.3     -.5      .8      .9     -.2    -2.1    -3.0    -3.1    -3.0
    -3.5    -4.6    -5.5    -5.4    -4.0    -1.7      .7     2.7     3.5     3.1
     1.4    -1.3    -3.6    -4.9    -5.1    -4.6    -3.7    -2.7    -1.6     -.7
     -.1      .0    -1.2    -3.4    -5.4    -4.3    -3.3    -2.5    -2.3    -1.5
    -1.2    -1.1     -.3     1.4     3.4     4.7     4.9     4.8     5.2     5.8
     6.6     7.3     7.8     8.2     8.3
    -2.7    -1.9    -2.5    -1.1    -1.2    -1.8    -2.2    -1.6     -.5      .1
     -.1     -.1      .8     2.1     2.7     2.1      .4     -.9     -.9    -1.1
    -2.7    -4.9    -6.4    -7.1    -7.4    -7.0    -4.6     -.4     2.2     3.4
     -.4    -3.8    -5.0    -5.3    -5.0    -4.6    -3.9    -3.0    -1.7      .0
     1.7     2.1      .9    -1.8    -4.2    -4.6    -3.6     -.3     2.9     3.9
     3.2     2.0     3.0     4.6     5.8     6.4     6.8     7.6     8.8     8.9
     8.9     8.7     9.1     9.5     9.6
     1.5     2.6     2.8     1.7     1.2      .6      .4      .8     1.7     1.9
     1.6     1.0     1.4     3.0     4.5     5.0     4.5     4.7     4.9     3.6
      .2    -3.8    -6.4    -8.3   -11.3   -14.4   -13.0    -7.0      .2     -.2
    -3.7    -7.8    -5.8    -4.3    -4.1    -3.7    -3.7    -4.0    -3.4    -1.4
     1.6     3.2     3.5     3.0      .9    -1.2     -.9     1.1     4.6     6.2
     6.9     7.9    10.8    11.6     9.8     8.0     7.8     9.6    12.0    12.6
    11.4    10.5    10.6    10.7    10.7
     1.7     3.8     5.2     4.0     3.1     2.0     2.2     2.3     2.4     2.4
     1.5      .1     -.5     1.6     4.2     5.7     6.5     7.7     8.1     6.8
     3.0    -1.3    -4.7    -7.7   -12.1   -18.3   -19.4   -13.6    -6.3    -6.9
   -12.1   -12.9    -5.1    -2.3    -3.2    -3.3    -4.0    -5.5    -6.5    -4.3
      .5     4.5     5.6     6.5     5.1     2.9     -.1      .0     2.9     5.7
     9.1    14.2    20.1    20.5    15.5     9.9     8.2     9.7    14.0    15.1
    14.6    13.4    12.9    12.3    12.0
     2.4     4.9     7.5     8.5     6.6     4.8     4.2     3.6     3.3     2.7
     1.2    -1.1    -1.5      .0     3.2     5.0     7.2     8.2     8.8     8.5
     6.8     4.1     1.0    -2.3   -10.0   -15.9   -19.0   -16.8   -14.1   -17.2
   -18.5   -16.5    -8.3    -5.6    -4.2    -3.7    -4.5    -7.5    -8.1    -5.2
     1.9     7.0     8.5     8.0     7.0     4.5     -.2    -2.0    -1.3     2.1
     8.1    17.1    25.2    24.5    18.7    10.7     8.5    10.8    14.2    16.8
    17.2    16.5    16.0    14.9    13.0
     4.9     8.4    12.4    14.1    13.7    10.3     7.0     5.1     4.1     3.1
     1.3     -.6    -1.3      .0     2.2     4.0     6.1     7.4     8.1     8.3
     8.3     6.9     5.7     2.7    -2.9   -11.3   -15.4   -16.5   -17.3   -19.7
   -22.4   -18.1   -12.6   -12.8   -10.1    -5.9    -5.3    -9.6   -10.0    -6.4
     3.7     9.4     9.6     9.2     8.4     4.9     -.6    -4.1    -5.2    -2.4
     5.4    16.3    23.3    20.2    13.9     7.9     6.9     9.4    13.3    16.5
    18.3    19.2    19.5    17.2    16.4
     8.0    10.9    13.3    17.4    20.0    19.3    12.9     7.6     5.1     3.5
     1.2    -1.5      .2     4.1     4.6     3.5     4.4     5.7     6.1     5.8
     5.9     5.0     3.5     2.5     -.7    -8.1   -12.2   -14.3   -16.0   -18.1
   -19.1   -19.0   -18.2   -19.1   -16.1   -10.0    -9.0   -12.4   -13.6    -9.9
    -1.4     4.4     8.9     8.6     8.3     5.4     -.5    -4.0    -4.7    -2.9
     4.2    12.9    16.0    11.9     2.8     -.8     2.0     5.5    10.5    15.4
    19.3    21.9    24.1    23.4    21.8
    10.1     9.0    11.2    14.0    25.4    24.8    13.4     7.6     5.3     3.6
     2.1     1.0     5.5    10.8     8.5     4.8     3.2     3.1     2.8      .7
    -1.2     -.9     -.2     -.6    -2.9    -7.2   -10.8   -13.1   -14.9   -16.7
   -18.2   -18.9   -19.5   -19.7   -18.9   -17.6   -17.1   -17.5   -16.6   -13.1
    -8.4    -1.8     4.1     6.3     6.0     3.4     -.7    -1.4     -.2     1.6
     4.8     7.5     6.9     -.2    -1.4      .0     2.9     5.0     9.0    14.0
    19.3    23.4    26.3    26.1    25.2
    11.1    11.3    11.6    14.2    20.4    18.3     6.7     3.8     4.3     4.8
     5.0     4.3    10.2    14.7    14.4     7.2     4.3     4.2     3.0     -.9
    -4.3    -4.8    -3.5    -2.9    -3.8    -6.3    -9.0   -11.5   -13.7   -15.5
   -17.3   -18.5   -19.4   -20.0   -20.5   -21.1   -22.0   -22.4   -20.1   -16.4
   -12.8    -5.1     1.5     3.2     2.3      .3    -3.1     2.0     6.1     7.2
     7.1     5.2     3.3     1.7     3.0     5.0     7.0     8.1     9.8    13.1
    18.1    22.8    25.3    25.7    25.2
    11.8    13.1    12.6    10.0     9.9     8.9     3.2     -.2     2.3     4.9
     7.1     9.2    14.4    17.4    14.6     9.7     6.1     5.1     3.2     -.4
    -5.2    -6.0    -4.1    -3.4    -4.5    -6.1    -8.2   -10.5   -12.4   -14.5
   -15.9   -17.0   -18.0   -19.2   -20.6   -22.4   -24.1   -25.5   -24.4   -21.3
   -17.0   -11.0    -5.6    -3.6    -4.4    -6.0    -2.4    10.1    14.9    12.0
     7.5     2.7     2.1     3.3     7.3     8.5    11.2    11.1    11.2    12.0
    15.4    20.0    23.4    24.8    25.1
    11.0    10.6     9.7     8.2     6.9     7.4     5.2     2.5     2.1     4.6
     7.5     9.4    10.7    12.0    11.3     8.1     5.4     4.3     2.0    -1.4
    -4.2    -2.9      .8     -.3    -3.5    -5.3    -7.2    -9.3   -11.1   -13.2
   -14.2   -14.1   -15.0   -17.0   -20.0   -22.6   -24.1   -25.6   -26.5   -26.9
   -28.1   -27.5   -25.3   -21.4   -15.3    -9.5     2.0    24.3    30.4    18.7
    10.7     3.5      .7     3.0     4.0     6.8     9.7    10.8    10.7    10.5
    12.7    17.2    21.3    23.7    24.5
     8.7     7.7     5.8     8.3     8.7     8.9     7.6     4.2     2.8     4.7
     6.7     7.4     6.7     5.7     4.5     2.6     1.1     -.3    -2.6    -5.6
    -5.5    -2.3     3.1     3.4     -.7    -3.2    -5.4    -7.8    -8.9   -10.9
   -11.5   -11.1   -10.6   -12.5   -19.2   -21.3   -19.5   -19.3   -20.4   -24.1
   -27.5   -30.3   -31.2   -28.8   -22.9   -12.1     4.1    22.0    29.4    22.4
    13.7     4.8     1.1     2.2     2.5     3.4     4.4     7.0     7.7     8.1
    10.1    14.5    19.1    22.3    23.4
    10.0     7.4     5.1     5.8     8.2     8.0     7.4     5.4     4.2     4.5
     5.0     4.3     2.1      .0    -1.3    -2.3    -3.2    -4.5    -6.1    -7.5
    -5.9    -2.1     3.1     4.4     2.9      .2    -3.0    -6.0    -6.4    -6.8
    -8.3    -9.1    -8.9   -10.4   -15.3   -16.4   -14.6   -14.7   -16.6   -19.7
   -22.6   -27.8   -28.7   -27.1   -21.0    -7.6     6.2    17.1    23.2    21.4
    15.8     8.2     3.8     2.7     2.0     1.7     2.0     3.3     4.1     4.8
     6.8    10.9    15.9    19.8    21.2
    10.1     9.0     4.7     3.1     4.7     6.0     6.3     5.4     4.2     3.2
     2.1      .4    -1.4    -2.7    -3.3    -3.6    -4.3    -5.2    -6.2    -6.4
    -5.4    -1.2     2.0     4.0     4.7     2.8     -.1    -1.9     -.3    -2.2
    -5.5    -7.2    -7.6    -8.8   -11.3   -11.5    -9.0    -7.2   -11.9   -16.2
   -17.8   -21.2   -21.6   -20.1   -17.3    -7.1      .6     4.5    12.3    15.5
    13.7     8.1     4.5     3.2     2.5     2.0     1.5     2.3     2.8     3.3
     4.4     7.4    11.8    15.8    17.6
     9.5    10.0     5.6     3.4     3.3     4.3     4.3     3.4     2.0      .4
    -1.1    -2.4    -3.1    -3.5    -3.5    -3.6    -3.9    -4.3    -4.5    -3.9
    -2.0      .3     2.3     3.7     4.0     3.2     2.0     3.9     2.5     -.3
    -3.4    -4.9    -5.3    -5.4    -6.9    -6.5    -3.6     1.4    -4.6   -11.8
   -12.7   -12.1   -12.0   -13.2   -14.2    -9.8    -6.9    -3.3     3.1     6.6
     5.4     3.7     2.9     3.4     4.5     4.2     3.5     3.2     3.3     3.3
     3.5     4.7     7.7    11.0    13.0
     6.6     5.9     3.5     1.6     1.2     1.4     1.2      .3     -.4    -1.3
    -2.4    -3.2    -3.5    -3.5    -3.5    -3.5    -3.5    -3.5    -3.0    -1.6
      .4     1.9     2.7     4.1     4.5     4.2     3.4     4.8     2.5     -.3
    -1.4    -2.6    -2.2    -1.5    -2.2    -3.5    -3.7    -1.9    -4.4    -6.4
    -6.4    -5.7    -7.6   -11.5   -12.0   -10.3    -5.7    -1.8     -.2     -.4
     -.3      .2     1.3     3.0     5.9     7.8     6.8     5.9     4.8     3.8
     2.8     2.7     4.2     6.6     8.3
     1.4     -.4    -1.9    -2.3    -2.1    -1.9     -.8     -.4     -.5    -1.1
    -1.8    -2.5    -3.1    -3.4    -3.5    -3.5    -3.5    -3.3    -2.3      .1
     2.1     3.2     3.8     4.3     4.5     4.2     3.2     2.4     1.1      .1
     -.4     -.9    -1.6    -1.0    -1.6    -2.2    -1.3      .3     -.1    -3.4
    -5.1    -5.3    -6.8    -7.6    -7.0    -4.7    -2.4    -1.7    -2.6    -4.5
    -5.2    -1.2      .7     2.4     5.2     6.8     6.5     5.5     4.4     3.0
     1.6      .8     1.6     3.3     4.6
    -2.2    -3.3    -3.9    -3.6    -2.9    -2.0     -.7     -.3     -.4    -1.0
    -1.8    -2.1    -2.3    -2.7    -3.2    -3.4    -3.3    -2.4      .4     3.0
     3.7     3.9     3.9     4.0     4.0     3.0     1.4      .5     -.1     -.2
     -.2     -.1      .9      .2    -1.8     -.9      .5     2.7     2.3    -1.4
    -6.3    -7.1    -6.7    -5.3    -2.8      .9     3.8     -.9    -3.6    -5.2
    -4.9    -1.9      .7     2.7     4.5     5.4     5.1     4.5     3.6     2.1
      .6     -.2      .3     1.2     2.1
    -3.3    -4.1    -4.2    -3.6    -2.8    -1.7     -.5     -.2     -.4    -1.0
    -1.7    -1.8    -1.6    -1.6    -1.9    -2.2    -1.7      .7     3.4     4.2
     4.1     4.0     3.9     3.9     3.6     2.2      .9      .3     -.3    -1.1
    -1.0    -1.0     1.1     1.9    -1.9     -.2    -3.3     -.4     1.0    -2.6
    -6.1    -7.4    -7.6    -5.9    -3.7     -.6     2.3     -.6    -2.1    -2.7
    -2.3     -.7     1.4     3.2     4.2     4.5     4.3     3.9     3.0     1.6
      .2     -.5     -.3      .2      .7
    -3.6    -3.8    -3.7    -3.3    -2.4    -1.3     -.4     -.2     -.3     -.8
    -1.2     -.5     -.1     -.5    -1.1    -1.0      .4     3.0     4.7     4.9
     4.6     4.2     4.0     3.9     3.5     2.1      .8      .4     -.4    -1.7
    -2.2    -2.5    -2.0      .2     1.3      .8    -2.9    -6.2    -7.7    -8.0
    -7.5    -6.8    -4.5    -2.7    -3.3    -1.3     -.2     1.0      .7      .7
     1.7     2.8     3.5     3.9     4.0     4.0     3.9     3.6     2.7     1.3
      .0     -.6     -.6     -.4     -.1
    -3.5    -3.6    -3.5    -3.0    -2.0     -.8     -.3     -.2     -.2      .0
      .5     1.0      .8     -.5    -1.5    -1.2      .0     3.1     5.0     5.4
     5.4     5.1     4.3     3.8     3.4     2.1      .8      .4     -.2    -1.1
    -1.8    -2.6    -4.3    -3.3    -1.2     -.3    -2.6    -8.8   -12.6   -10.2
    -8.3    -5.6      .0     1.6     1.6     5.3     3.7     2.1     2.9     3.7
     4.5     5.3     4.9     4.3     3.9     3.8     3.7     3.3     2.2      .8
     -.3     -.7     -.7     -.6     -.5
    -3.5    -3.5    -3.4    -2.9    -1.9     -.6     -.3     -.1      .3     1.2
     2.4     2.1      .8     -.6    -1.7    -1.8     -.6     2.7     4.9     5.5
     5.5     5.4     4.7     3.2     2.6     1.7      .3      .5      .1     -.7
    -1.6    -2.9    -5.5    -5.1    -3.6    -2.2    -3.1    -6.7    -9.7    -7.4
    -3.7     -.8     4.3     5.9     7.0     8.6     5.8     3.4     4.6     5.6
     6.1     6.0     5.4     4.5     3.9     3.8     3.6     2.9     1.6      .3
     -.6     -.8     -.8     -.7     -.6
    -3.5    -3.5    -3.4    -2.8    -1.7     -.4      .1      .3      .9     1.9
     2.5     2.2      .4    -1.3    -1.9    -1.7     -.1     3.3     5.1     5.5
     5.5     5.2     4.1     2.9     2.7     2.3      .4      .0      .1     -.4
    -1.5    -2.8    -4.4    -4.5    -4.4    -3.6    -4.0    -5.0    -4.3    -1.0
     2.0     4.6     8.1     9.8     9.4     8.9     4.9     3.4     4.8     5.9
     6.2     5.9     5.2     4.5     4.0     3.8     3.5     2.6     1.2     -.1
     -.6     -.8     -.8     -.8     -.7
    -3.5    -3.5    -3.4    -2.8    -1.5     -.1      .5      .7     1.1     1.5
     1.8     1.0     -.6    -1.5    -1.8    -1.2      .7     3.7     5.2     5.5
     5.4     5.0     3.8     3.3     3.4     4.3     2.7     1.1      .2     -.3
    -1.3    -2.3    -3.1    -3.4    -3.6    -4.3    -4.7    -3.3     1.2     4.0
     6.0     7.1     7.6     6.5     4.5     3.6     3.4     3.2     3.9     4.9
     5.3     5.0     4.7     4.4     4.2     3.9     3.5     2.4     1.0     -.2
     -.7     -.8     -.8     -.8     -.8
    -3.5    -3.5    -3.4    -2.7    -1.4      .2      .8     1.0     1.1     1.2
     1.1      .4     -.9    -1.4    -1.4     -.6     1.0     3.5     5.0     5.3
     5.0     4.5     4.0     3.8     4.0     4.8     4.7     2.8     1.2      .0
    -1.1    -2.0    -2.6    -3.0    -3.1    -3.0    -2.1      .4     3.3     5.2
     5.3     4.9     4.8     3.2     1.9     1.5     1.8     2.3     3.0     3.9
     4.5     4.9     5.0     5.0     4.9     4.5     3.8     2.6     1.1     -.1
     -.6     -.8     -.8     -.8     -.8
    -3.5    -3.5    -3.3    -2.7    -1.3      .0      .7     1.0     1.0     1.0
      .7      .2     -.5     -.8     -.8     -.2     1.2     3.1     4.4     4.8
     4.6     4.3     4.1     4.0     4.0     4.6     5.4     4.1     2.2      .5
     -.8    -1.7    -2.2    -2.4    -2.1     -.8     1.0     3.3     4.9     5.3
     4.6     4.0     3.6     2.5     1.3     1.1     1.5     2.0     2.6     3.5
     4.4     5.2     5.6     5.7     5.6     5.4     4.8     3.6     1.8      .3
     -.5     -.8     -.8     -.8     -.8
    -3.5    -3.5    -3.3    -2.6    -1.3      .0      .7      .9      .9      .7
      .5      .0     -.5     -.7     -.7     -.1     1.2     2.8     4.1     4.4
     4.3     4.1     4.0     3.9     3.7     4.0     4.4     3.4     1.6      .1
     -.9    -1.3    -1.6    -1.6     -.6     1.4     3.7     5.2     5.6     5.4
     4.3     4.3     3.9     2.9     2.0     1.7     1.8     1.9     2.3     3.2
     4.3     5.2     5.8     5.9     5.9     5.8     5.6     4.4     2.3      .2
    -1.2    -1.6    -1.3     -.9     -.8
    -3.5    -3.5    -3.3    -2.6    -1.3     -.1      .6      .8      .8      .6
      .4     -.1     -.5     -.7     -.7     -.1     1.2     2.7     3.9     4.3
     4.2     4.1     4.0     4.0     4.0     4.1     3.8     2.7     1.1     -.3
     -.9    -1.1    -1.1     -.8      .5     2.6     5.0     6.1     6.3     5.7
     5.3     4.7     4.2     3.2     2.2     1.8     1.7     1.8     2.3     3.1
     4.0     5.0     5.6     5.8     6.0     6.0     5.2     3.5      .3    -2.5
    -4.1    -3.9    -2.5    -1.3     -.8
