diamond 11 10年11月28日08时500百帕流场
10 11 28 08   0   500
  2.000 -2.000  32.0 160.0  80.0  12.0  65  35
   -16.3   -16.2   -16.2   -16.0   -15.3   -13.4   -10.2    -6.6    -3.9    -2.2
     -.8      .7     2.1     2.8     3.1     3.0     3.1     3.3     3.7     4.1
     4.6     4.9     5.1     5.2     5.2     5.2     5.1     4.8     3.7     1.7
     -.9    -2.8    -3.7    -4.1    -4.2    -4.4    -4.5    -4.5    -4.4    -4.5
    -4.7    -5.0    -5.2    -4.8    -4.1    -3.4    -3.1    -3.2    -3.5    -4.0
    -4.7    -5.1    -5.3    -5.3    -5.2    -4.2    -2.1      .8     3.1     4.4
     4.8     4.9     4.9     4.9     4.9
   -16.2   -16.3   -16.3   -16.3   -15.9   -14.3   -11.1    -7.4    -4.8    -3.3
    -2.1     -.6      .9     2.2     2.6     2.9     3.2     3.7     4.1     4.6
     4.9     5.1     5.1     5.2     5.2     5.2     5.2     5.0     4.2     2.3
     -.3    -2.3    -3.2    -3.6    -3.9    -4.3    -4.4    -4.5    -4.4    -4.6
    -5.0    -5.4    -5.6    -5.1    -4.3    -3.5    -3.1    -3.1    -3.4    -3.9
    -4.6    -5.1    -5.4    -5.5    -5.2    -4.1    -1.7     1.4     3.6     4.6
     4.9     4.9     4.9     4.9     4.9
   -16.1   -16.0   -16.3   -16.6   -16.8   -15.7   -12.8    -9.0    -6.2    -4.9
    -4.2    -3.2    -1.9     -.3     1.2     2.5     3.7     4.6     5.2     5.4
     5.3     5.2     5.2     5.2     5.2     5.2     5.2     5.0     4.3     2.7
      .7     -.9    -1.7    -2.1    -2.6    -3.3    -3.7    -4.1    -4.4    -5.1
    -5.8    -6.4    -6.4    -5.7    -4.6    -3.7    -3.2    -3.0    -3.2    -3.6
    -4.2    -4.8    -5.3    -5.4    -4.9    -3.1     -.2     2.7     4.3     4.9
     4.9     4.9     4.9     4.8     4.8
   -15.8   -15.5   -15.7   -16.4   -17.5   -17.5   -15.5   -11.5    -7.7    -5.6
    -5.0    -4.7    -4.0    -2.8     -.8     1.6     3.9     5.4     5.9     5.9
     5.6     5.3     5.2     5.2     5.2     5.2     5.0     4.5     3.2     1.6
      .2     -.5     -.5     -.5     -.7     -.9    -1.5    -2.5    -3.8    -5.3
    -6.4    -7.0    -6.8    -6.1    -5.1    -4.2    -3.5    -3.1    -2.9    -3.1
    -3.5    -4.1    -4.8    -4.9    -4.1    -1.8     1.3     3.7     4.7     4.9
     4.9     4.9     4.8     4.7     4.7
   -17.2   -16.0   -15.4   -16.0   -18.0   -20.8   -20.9   -16.9   -10.9    -6.8
    -5.1    -4.6    -4.0    -2.6     -.4     2.3     4.6     5.9     6.2     6.1
     5.8     5.5     5.3     5.2     5.1     4.9     4.0     2.3      .1    -1.8
    -2.4    -1.7     -.8     -.3      .1      .1     -.3    -1.6    -3.6    -5.6
    -6.8    -7.2    -7.0    -6.4    -5.9    -5.4    -4.6    -3.5    -3.0    -2.8
    -3.0    -3.2    -3.6    -3.7    -2.6     -.1     2.7     4.4     4.9     5.0
     4.9     4.8     4.6     4.5     4.5
   -18.0   -15.9   -14.2   -12.1   -14.0   -19.1   -24.3   -22.2   -14.3    -7.9
    -4.8    -3.3    -1.5      .9     3.1     4.7     5.7     6.1     6.2     6.2
     6.1     5.8     5.6     5.3     4.7     3.2      .7    -2.4    -4.9    -6.1
    -5.4    -3.6    -2.0    -1.3     -.8     -.2     -.6    -2.2    -4.4    -6.5
    -7.3    -7.5    -7.0    -6.7    -6.7    -6.7    -6.0    -4.6    -3.3    -2.7
    -2.7    -2.6    -2.4    -2.0     -.7     1.5     3.5     4.6     4.9     4.9
     4.7     4.5     4.3     4.2     4.3
   -23.1   -18.6    -9.6    -4.2    -4.2   -12.7   -20.0   -21.9   -15.5    -8.3
    -3.9    -1.2     1.9     4.8     6.6     7.0     6.2     5.8     5.8     6.3
     6.4     6.4     6.2     5.4     3.3      .0    -3.9    -7.8    -9.1    -7.6
    -5.6    -3.6    -3.2    -3.6    -3.2    -2.2    -2.2    -3.6    -5.5    -7.0
    -7.3    -7.0    -6.3    -5.8    -5.9    -6.7    -6.6    -5.7    -3.5    -2.4
    -2.3    -2.2    -1.9    -1.1      .1     1.8     3.2     4.0     4.5     4.4
     4.2     4.0     4.0     4.1     4.3
   -23.0   -12.0      .4     5.3     5.5    -1.6   -12.2   -14.9    -9.1    -3.4
     -.3     1.7     4.4     7.3     9.5     9.6     7.7     6.6     6.4     7.0
     7.2     7.2     6.8     5.5     2.3    -2.3    -6.2    -8.4    -7.1    -4.7
     -.6      .9     -.6    -4.2    -5.5    -5.1    -3.8    -4.3    -5.4    -6.0
    -6.0    -5.2    -3.8    -2.6    -2.3    -3.4    -4.5    -4.1    -1.4     -.1
     -.6    -1.3    -1.0     -.3      .4     1.1     1.8     2.6     3.3     3.6
     3.6     3.6     3.8     4.2     4.7
    -3.4      .6     6.2     6.6     8.2     5.9     -.2     -.6     3.6     7.2
     7.2     6.6     8.0    11.1    14.3    14.8    12.6    10.4    10.3    10.8
    10.0     8.4     7.2     5.9     3.3    -1.0    -4.0    -3.7      .1     6.6
    10.2    10.8     7.4      .8    -3.4    -5.1    -4.2    -3.8    -3.4    -3.4
    -3.4    -2.7    -1.2     1.2     1.9      .8     -.6      .4     4.8     6.6
     5.2     2.1     1.1     1.4     1.8     2.0     2.3     2.6     3.3     3.3
     3.3     3.5     4.0     4.8     5.6
     3.1     7.5     4.6     4.8     5.6     8.0     6.0     8.0    11.4    12.6
    12.3    11.5    12.6    16.3    19.7    21.3    20.1    19.9    20.5    19.7
    16.1    11.2     7.5     5.8     2.3    -1.9    -3.0     1.5     9.5    14.7
    18.7    20.0    19.2    11.6     2.7    -3.3    -5.5    -3.4    -2.1    -1.6
    -1.8    -1.6      .1     4.8     5.8     4.6     2.7     3.3     7.5     9.6
     9.3     6.7     5.4     4.9     4.7     4.7     4.9     5.0     4.6     3.8
     3.5     3.7     4.6     5.8     6.8
     7.9     3.9     3.2     4.3     4.3     5.0     8.5    12.3    14.5    15.2
    14.9    14.6    15.4    18.5    21.5    22.8    22.4    23.8    25.1    25.3
    22.4    17.5    12.6     9.5     5.2    -1.8    -3.7     2.8    12.1    17.5
    19.8    23.0    28.3    24.4    11.4     3.5     -.8     -.5     -.4     -.5
    -1.3    -1.8    -1.1     2.8     4.6     4.6     1.1     1.1     5.0     8.3
     9.6     8.6     8.3     8.3     8.1     8.3     8.2     7.9     6.3     4.7
     3.8     4.1     5.2     6.7     7.6
    11.6     8.2     7.9     8.6     6.9     7.4    12.1    17.0    19.6    19.4
    17.8    16.4    16.7    18.3    21.3    21.0    18.2    21.1    25.2    29.3
    31.9    31.0    27.7    24.4    15.1     8.9     4.9     7.8    13.1    16.7
    19.4    23.0    29.1    28.1    23.4    16.7    10.7     7.3     3.6      .5
    -1.5    -3.1    -4.3    -3.4    -1.5      .5    -1.8    -1.6      .2     3.7
     5.9     7.6     9.0     9.5     9.6     9.7     9.8     9.0     7.4     5.5
     4.3     4.2     5.0     6.4     8.7
    15.6    13.9    15.1    14.1    13.2    12.1    14.1    18.0    20.8    21.6
    21.1    19.3    18.7    19.7    21.8    22.4    19.6    19.8    24.9    32.2
    38.5    39.3    39.1    37.2    32.9    24.5    20.7    18.3    18.8    19.1
    19.6    22.7    27.7    26.2    26.2    26.7    22.7    13.0     5.1      .9
    -3.2    -6.0    -6.7    -7.7    -8.7    -6.8    -4.6    -1.6      .5     1.8
     3.5     6.1     8.4     8.9     8.5     7.9     7.7     7.1     6.1     4.7
     3.5     2.9     3.3     6.1     7.0
    15.1    16.4    15.5    16.9    17.8    18.1    17.1    15.2    19.7    22.1
    23.2    23.7    24.2    25.4    26.6    27.6    24.5    21.4    25.2    31.3
    37.0    36.4    31.7    34.0    36.8    34.1    32.4    28.5    26.4    23.8
    22.7    22.7    23.4    23.3    24.9    28.1    25.1    16.9    10.8     7.8
     5.1     1.4    -3.6    -6.6    -9.9    -9.9    -5.3    -2.4    -1.5      .0
     1.4     4.5     6.6     6.6     4.6     3.0     2.2     1.8     1.9     1.9
     1.6     1.2      .7     1.7     3.2
    13.4     9.9    10.1    11.3    20.0    23.5    21.0    19.0    17.8    21.9
    24.3    25.8    26.6    27.4    28.4    29.9    28.2    26.1    24.4    27.1
    29.1    28.2    23.1    23.2    28.3    31.4    31.6    31.2    30.5    28.5
    25.5    23.5    22.8    23.3    24.4    24.3    23.3    21.1    19.9    17.3
    16.0    11.4     6.7      .2    -6.1    -8.2    -6.2    -6.4    -6.0    -3.2
     -.1     2.2     3.8     3.2     1.4     -.4     -.9     -.9     -.6      .0
      .4      .2     -.6      .0      .8
    12.7    10.1    11.6    17.7    25.5    30.4    32.9    28.2    23.9    26.0
    26.8    27.2    27.4    27.8    28.6    28.9    27.3    24.7    23.3    23.5
    24.3    23.2    18.0    16.0    20.3    23.9    26.5    28.1    31.0    27.7
    24.4    22.2    22.3    23.5    24.1    24.2    23.9    24.1    26.3    26.3
    23.1    17.7    11.4     4.6    -1.5    -4.5    -4.5    -5.7    -5.1     -.6
     2.0     2.0     1.7     1.2     -.7    -2.5    -3.3    -3.5    -2.7    -1.4
     -.4     -.3     -.3      .1      .6
    15.3    16.0    19.4    26.7    33.1    36.8    39.4    39.8    33.2    30.3
    28.5    27.9    27.9    27.8    27.3    26.3    24.5    22.9    22.0    21.8
    22.1    21.2    18.8    17.7    18.4    21.0    21.8    23.8    24.9    23.3
    19.2    17.7    18.7    21.2    22.4    22.8    23.2    23.9    25.9    29.8
    25.5    21.1    16.6     9.2     5.2     2.3      .0    -1.5     1.9     5.9
     3.3     1.3     1.6     1.7    -2.4    -3.8    -7.3    -6.5    -5.3    -2.7
    -1.0     -.2      .1      .4      .6
    19.1    20.6    24.4    30.7    35.6    37.0    38.7    37.4    34.9    31.0
    29.1    28.3    27.7    26.6    25.3    23.7    22.1    20.9    19.7    18.6
    17.6    16.0    13.4    11.9    12.0    14.8    16.2    16.6    17.2    16.1
    13.7    11.8    12.6    15.0    16.5    17.6    20.0    22.5    25.0    27.5
    27.4    29.8    29.1    26.5    20.9    16.4    10.1     6.2     9.3    14.7
     8.8     4.5     3.3     6.2     6.8     3.0    -2.0    -4.1    -3.9    -1.8
     -.3      .4      .8      .9      .9
    20.9    20.8    22.6    27.8    31.9    34.2    36.2    36.7    33.7    30.4
    28.6    27.2    24.9    22.0    19.7    18.3    17.6    17.0    15.8    14.1
    12.5    10.6     8.4     7.3     7.2     8.6    10.0     9.7     9.1    10.1
     8.9     7.3     7.1     8.3     9.1    11.9    18.6    24.6    30.0    29.3
    29.7    32.9    36.8    39.7    39.0    34.1    27.3    22.4    24.6    25.2
    17.8     9.0     7.5    11.7    15.0    13.1    10.1     4.9     3.2     3.3
     3.6     3.1     2.4     1.7     1.3
    21.3    20.0    19.9    22.4    26.5    30.4    33.2    32.8    29.6    26.2
    24.1    21.8    18.2    14.4    12.2    11.8    12.4    12.8    12.6    11.7
     9.9     7.4     5.4     5.2     5.4     5.8     6.1     5.9     5.4     6.4
     5.9     6.3     6.7     8.1     9.1    12.1    19.1    25.0    28.6    29.6
    30.5    32.3    35.1    41.9    45.2    43.6    38.9    38.8    40.4    36.8
    29.1    17.5    14.0    16.0    18.0    18.2    17.5    14.2    12.2    11.2
     9.9     7.8     5.1     2.9     1.9
    20.8    18.9    17.2    17.4    20.6    24.2    26.0    23.7    19.2    15.3
    13.4    12.3    10.9     9.6     9.0     9.2    10.0    10.7    11.0    10.3
     7.9     4.2     3.2     4.6     6.1     5.9     5.0     4.6     4.4     4.7
     5.3     6.4     7.3     9.2    10.5    12.6    17.7    22.2    24.4    25.1
    26.4    27.3    28.8    33.5    40.7    40.9    39.8    42.0    47.1    42.5
    34.4    23.4    17.7    17.2    17.3    17.3    17.1    17.0    16.0    15.1
    13.7    11.1     7.3     4.0     2.6
    19.3    17.5    15.9    15.4    16.5    18.0    17.5    14.9    11.8     9.8
     9.1     8.9     8.7     8.5     8.5     8.6     8.9     9.3     9.3     8.0
     5.0     1.6     2.5     7.1     9.9     9.5     6.5     4.5     3.7     3.2
     3.3     5.4     6.7     8.0    10.3    12.4    14.8    17.5    18.6    18.8
    19.8    21.1    22.6    25.6    31.5    33.3    34.6    36.2    39.8    46.6
    35.4    25.0    18.5    16.4    15.4    15.2    15.8    16.1    15.8    15.3
    13.9    11.2     7.6     4.5     3.1
    15.5    13.8    11.9    10.7    10.5    10.3     9.0     8.6     8.6     8.5
     8.5     8.5     8.5     8.4     8.5     8.5     8.5     8.6     8.5     7.3
     4.1     1.7     4.2    12.3    14.7    14.3    10.1     5.2     3.6     1.8
    -4.7     2.0     5.8     7.2    11.2    12.8    12.8    11.8    12.6    14.6
    16.4    18.9    22.3    26.5    29.7    31.9    34.1    33.9    35.9    36.4
    31.6    21.7    18.1    16.2    14.0    12.3    13.3    13.8    14.3    13.5
    11.4     8.7     6.2     4.2     3.3
     8.1     5.8     4.1     3.8     3.6     2.8     3.2     4.5     6.7     7.9
     8.3     8.4     8.3     8.4     8.4     8.5     8.7     9.2    10.1     9.0
     7.2     6.4     9.5    14.1    15.2    14.9    12.1     9.1     7.9    -1.0
     1.7     1.6    11.0    12.1    13.7    13.6    12.2    10.1    11.2    14.9
    17.2    20.4    24.2    26.1    28.4    31.6    32.7    32.0    28.4    22.1
    15.7    18.0    17.5    17.1    15.7    15.1    14.8    14.7    13.8    11.5
     8.3     5.8     4.6     3.8     3.4
     3.4     2.0     1.3     1.4     1.2      .2    -1.2    -1.5     -.4     4.0
     7.2     7.7     7.8     8.1     8.6     9.0    10.3    12.6    14.3    13.5
    11.5    10.3    11.2    12.9    13.0    12.8    12.4    12.1    11.6    18.9
    17.3    14.7    10.6    10.7    12.5    14.2    13.3    11.3    12.8    16.6
    19.2    21.9    25.2    25.7    27.5    31.8    33.6    26.2    19.0    13.7
    12.4    15.0    16.8    17.7    17.6    17.1    16.2    15.5    13.7    10.3
     6.5     4.4     3.8     3.5     3.4
     2.0     1.0      .8     1.1      .7     -.5    -2.1    -2.6    -1.7     2.3
     6.6     7.8     8.0     8.7    10.3    11.9    14.1    15.4    15.5    14.2
    11.8    10.5    11.1    11.8    11.8    12.0    12.7    12.6    12.1    10.3
    15.4    14.7    10.9    10.6    13.5    14.1    14.2    14.8    15.7    18.1
    19.7    21.9    25.6    26.2    26.6    28.2    27.8    19.2    14.0    11.9
    12.0    13.6    15.7    16.9    17.1    16.8    16.4    15.7    13.6     9.7
     5.9     4.0     3.5     3.4     3.4
     1.6     1.3     1.3     1.2      .4    -1.0    -2.2    -2.7    -1.8     1.8
     7.4    10.3    11.6    13.1    14.8    15.5    15.8    16.0    15.6    13.6
    10.5     9.3    10.6    11.5    11.7    11.9    12.4    12.5    10.7     3.7
     5.4    11.9    14.2    19.1    25.5    22.3    20.4    17.8    16.3    18.2
    17.9    20.9    25.2    25.4    24.8    25.8    22.2    14.1    11.1    10.3
    10.6    11.6    13.4    15.1    16.1    16.4    16.2    15.4    13.1     9.1
     5.6     3.9     3.5     3.4     3.4
     1.7     1.6     1.5     1.1      .1    -1.3    -2.0    -2.3    -1.6     1.5
     9.2    12.5    15.0    16.1    16.8    16.6    16.2    16.3    15.5    12.1
     8.5     7.8     9.4    11.0    11.6    11.8    11.8    12.2    10.1     7.8
     8.7    11.7    17.7    26.0    31.7    26.7    23.9    20.1    19.3    19.2
    17.7    19.8    23.2    21.3    21.9    23.6    14.7     7.6     8.9     9.5
     9.7    10.3    11.9    14.1    15.6    16.2    16.0    14.7    11.7     7.8
     4.7     3.5     3.3     3.4     3.4
     1.7     1.7     1.6     1.1      .3     -.9    -1.1     -.7     2.4     8.2
    13.5    15.0    16.1    16.6    17.1    17.0    16.4    16.2    15.3    11.2
     8.0     7.3     7.9     8.7    10.0    10.8     9.5     8.3     7.9     7.3
     8.3    12.2    19.5    23.8    23.9    20.9    19.0    20.3    21.3    20.6
    19.8    19.8    21.2    20.1    21.7    21.4    12.9     5.6     7.5     8.5
     9.2     9.9    11.5    13.8    15.5    16.0    15.6    13.7    10.1     6.3
     4.0     3.4     3.3     3.4     3.4
     1.7     1.7     1.6     1.5     1.3     1.0     1.9     3.6     7.5    11.7
    13.8    14.5    15.4    16.8    17.3    17.0    16.4    15.8    14.1     9.1
     7.3     7.1     7.2     7.6     7.7     7.5     6.4     6.9     7.1     7.2
     7.7    10.9    14.3    15.6    14.6    13.8    13.6    16.1    16.9    17.1
    18.2    18.1    19.7    19.1    20.9    19.1     9.2     4.7     7.2     8.6
     9.2     9.7    11.1    13.3    15.0    15.7    15.1    12.6     8.8     5.4
     3.8     3.3     3.4     3.4     3.4
     1.7     1.7     1.9     2.3     2.9     3.8     4.9     6.1     7.4     7.7
     7.3     7.3     9.1    14.6    16.7    16.6    15.3    13.5    10.9     7.9
     6.9     5.6     2.8     2.3     2.4     2.8     3.0     4.5     5.7     6.2
     6.0     5.4     5.0     4.5     5.7     7.3     8.8     9.9    10.8    11.2
    11.3    12.2    13.3    13.1    11.8    10.4     8.6     6.6     6.7     7.8
     8.5     8.3     8.3     9.6    11.7    13.5    13.7    11.6     8.0     5.0
     3.7     3.4     3.4     3.4     3.4
     1.8     1.9     2.4     3.3     4.5     5.7     6.1     6.3     6.4     6.2
     6.0     6.0     6.8    10.1    13.3    13.9    13.1    11.2     9.0     7.0
     4.6      .9    -3.5    -2.3    -1.3     -.4      .7     2.3     3.1     3.6
     3.1     1.8      .3     -.6      .4     2.2     2.7     1.6     4.5     5.5
     4.9     4.6     5.9     7.1     7.7     7.5     7.2     7.0     7.1     7.0
     5.2     1.7    -1.4    -1.9      .7     4.7     7.5     7.7     6.0     4.4
     3.6     3.4     3.4     3.4     3.4
     2.0     2.4     3.3     4.4     5.3     5.9     6.1     6.1     6.1     6.0
     5.9     6.0     6.3     7.5     8.9     9.7     9.6     8.4     6.5     4.1
     1.3    -1.9    -4.7    -4.4    -2.8    -1.4      .0      .5      .3     -.2
     -.6    -1.0    -1.5    -2.1    -1.9    -1.9    -3.4    -5.9    -4.4    -1.7
     -.1      .7     2.7     4.9     5.9     5.6     5.0     4.5     3.8     1.8
    -2.3    -7.4   -11.2   -12.5   -11.3    -8.5    -5.2    -2.5     -.4     1.5
     2.7     3.3     3.4     3.4     3.4
     2.5     3.1     4.1     5.2     5.8     6.0     6.0     6.0     6.0     6.0
     6.0     6.0     6.0     6.3     6.8     7.2     7.1     6.1     4.3     2.1
     -.4    -2.6    -3.9    -3.9    -3.1    -1.9     -.9     -.9    -1.5    -2.2
    -2.6    -2.5    -2.1    -1.8    -2.1    -3.2    -5.1    -8.5    -8.5    -6.6
    -2.7     -.6     1.3     3.1     3.4     2.2      .9      .1    -1.2    -4.2
    -8.6   -12.6   -14.9   -15.6   -15.4   -14.7   -13.3   -11.3    -8.0    -3.7
      .1     2.2     3.0     3.3     3.4
     2.9     3.4     4.5     5.4     5.9     6.0     6.0     6.0     6.0     6.0
     6.0     6.0     6.0     6.1     6.3     6.5     6.2     5.2     3.4     1.4
     -.7    -2.5    -3.4    -3.5    -2.8    -1.9    -1.4    -1.4    -2.0    -2.8
    -3.0    -2.9    -2.5    -2.3    -2.8    -3.8    -5.8    -7.2    -7.0    -5.1
    -3.0    -1.5      .3     1.7     1.8      .3     -.8    -1.7    -2.5    -5.6
    -9.6   -13.2   -15.2   -15.5   -16.0   -15.8   -15.4   -14.3   -11.8    -7.4
    -3.0      .3     2.2     3.1     3.4
   -16.2   -15.9   -14.7   -12.4    -9.5    -7.8    -8.0    -9.9   -12.6   -16.2
   -20.7   -26.0   -31.4   -34.0   -35.0   -34.4   -33.8   -31.8   -27.6   -21.7
   -15.3   -10.6    -8.3    -7.5    -7.4    -7.4    -7.3    -7.2    -6.6    -5.4
    -3.9    -2.8    -2.3    -2.3    -2.5    -2.5    -2.6    -2.6    -2.5    -2.5
    -2.6    -2.9    -3.3    -4.2    -5.2    -5.9    -6.2    -6.2    -5.9    -5.5
    -5.0    -4.7    -4.5    -4.5    -4.4    -4.1    -3.4    -2.3    -1.5    -1.1
     -.9     -.9     -.9     -.8     -.8
   -16.3   -16.0   -14.9   -12.4    -9.2    -7.0    -6.7    -7.8    -9.6   -12.1
   -16.1   -21.5   -27.0   -31.8   -33.0   -33.3   -31.8   -28.2   -23.1   -17.3
   -12.1    -8.9    -7.6    -7.4    -7.4    -7.4    -7.4    -7.3    -6.8    -5.6
    -3.9    -2.6    -2.1    -2.1    -2.3    -2.5    -2.6    -2.6    -2.5    -2.6
    -2.7    -2.9    -3.4    -4.3    -5.3    -6.0    -6.3    -6.3    -6.0    -5.6
    -5.1    -4.7    -4.6    -4.5    -4.4    -4.0    -3.2    -2.1    -1.3    -1.0
     -.9     -.9     -.8     -.8     -.7
   -16.6   -16.3   -15.0   -12.4    -9.0    -6.5    -5.6    -5.7    -6.1    -6.9
    -8.6   -11.9   -16.8   -22.2   -26.2   -26.8   -23.4   -17.5   -12.2    -9.0
    -7.7    -7.3    -7.3    -7.4    -7.4    -7.4    -7.4    -7.3    -6.9    -5.8
    -3.9    -2.1    -1.3    -1.3    -1.5    -1.9    -2.1    -2.3    -2.4    -2.7
    -3.0    -3.2    -3.7    -4.4    -5.4    -6.1    -6.3    -6.4    -6.2    -5.9
    -5.4    -4.9    -4.6    -4.5    -4.3    -3.7    -2.7    -1.7    -1.1     -.9
     -.9     -.8     -.7     -.6     -.4
   -17.4   -17.1   -15.7   -12.6    -9.0    -6.5    -5.6    -5.3    -5.3    -5.4
    -5.8    -6.6    -8.3   -11.1   -13.7   -14.0   -11.4    -7.8    -5.3    -4.9
    -5.8    -6.8    -7.2    -7.4    -7.4    -7.4    -7.3    -7.2    -6.8    -5.6
    -3.7    -1.8     -.7     -.3     -.4     -.5     -.9    -1.4    -2.0    -2.6
    -3.1    -3.4    -3.8    -4.6    -5.6    -6.4    -6.6    -6.6    -6.7    -6.4
    -5.7    -4.9    -4.4    -4.2    -3.9    -3.2    -2.1    -1.3    -1.0     -.9
     -.9     -.7     -.4      .0      .2
   -17.7   -17.6   -15.9   -12.6    -9.0    -7.0    -6.4    -5.9    -5.2    -5.0
    -4.8    -4.6    -4.3    -4.3    -4.8    -5.2    -4.6    -3.7    -3.3    -3.8
    -4.9    -6.2    -7.0    -7.3    -7.4    -7.3    -7.1    -6.8    -6.2    -5.3
    -3.9    -2.2     -.8     -.2      .1      .0     -.2     -.8    -1.7    -2.5
    -3.1    -3.4    -3.9    -4.9    -6.1    -7.0    -7.1    -7.0    -6.7    -6.2
    -5.0    -3.7    -3.0    -2.8    -2.6    -2.0    -1.4    -1.2    -1.1    -1.0
     -.7     -.3      .3      .9     1.2
   -17.6   -17.2   -14.7   -10.8    -7.2    -6.2    -6.9    -6.5    -4.8    -3.5
    -2.8    -1.9     -.3      .9      .6    -1.1    -2.4    -2.9    -3.0    -3.3
    -4.0    -5.1    -6.2    -6.9    -7.1    -6.9    -6.4    -5.6    -5.1    -4.6
    -3.9    -2.7    -1.5     -.6     -.3      .0     -.2    -1.0    -2.0    -2.9
    -3.3    -3.5    -4.0    -5.2    -6.8    -7.8    -7.8    -7.2    -6.4    -4.9
    -2.6     -.9     -.3      .1      .7     1.1      .7     -.3     -.7     -.7
      .0      .8     1.6     2.2     2.6
   -15.8   -14.9   -11.4    -6.7    -3.2    -3.8    -5.4    -5.9    -4.0    -2.0
     -.6     1.1     3.5     5.2     4.1      .9    -1.8    -2.8    -3.1    -3.1
    -3.4    -4.1    -5.1    -5.9    -6.3    -6.0    -5.2    -4.1    -3.8    -4.3
    -4.5    -3.9    -2.6    -1.4     -.9     -.7     -.9    -1.6    -2.5    -3.1
    -3.4    -3.6    -4.2    -5.3    -6.8    -8.0    -8.2    -7.6    -5.5    -3.1
     -.7      .6     1.6     3.0     5.3     6.4     5.4     3.3     1.4     1.2
     1.8     2.6     3.2     3.7     4.2
   -13.5   -11.9    -8.2    -2.5      .5     -.2    -3.0    -3.4    -1.4      .5
     1.6     3.3     6.3     7.1     4.2      .3    -2.1    -2.9    -3.1    -3.1
    -3.3    -3.7    -4.3    -4.8    -4.9    -4.6    -4.1    -3.9    -4.8    -5.7
    -6.8    -6.1    -4.4    -2.2    -1.1     -.7     -.9    -1.5    -2.1    -2.6
    -2.9    -3.6    -4.3    -4.4    -4.8    -6.2    -7.0    -6.7    -4.5    -2.1
     -.1     1.2     2.7     5.8     9.8    12.7    12.4     9.5     6.5     4.5
     4.1     4.3     4.6     5.3     6.1
    -9.9    -8.8    -5.6    -1.1     1.3     1.8      .6     1.4     3.3     4.6
     5.0     5.7     7.0     5.2      .4    -3.3    -4.2    -3.8    -3.7    -3.7
    -3.8    -4.0    -4.2    -4.3    -4.0    -3.5    -3.6    -5.0    -7.6   -11.1
   -11.1   -10.0    -8.3    -4.9    -1.8      .5     1.2     1.2      .4     -.1
    -1.5    -2.4    -3.4    -3.0    -3.2    -4.1    -4.9    -5.3    -4.6    -3.1
    -1.5      .8     3.8     7.7    11.2    13.1    12.8    11.4     7.9     5.6
     4.8     4.9     5.9     7.3     8.4
    -6.6    -6.7    -4.0    -1.6     -.1     1.2     1.9     4.4     6.4     7.0
     6.9     6.8     5.4      .1    -4.9    -7.8    -6.7    -5.5    -5.1    -5.1
    -5.0    -4.7    -4.4    -4.1    -3.2    -2.2    -3.0    -6.3   -11.5   -13.2
   -13.4   -13.0   -14.7   -11.1    -4.1     2.4     5.6     5.2     5.7     5.9
     4.5     1.8     -.5    -1.9    -2.6    -2.9    -3.4    -3.6    -3.8    -3.4
    -2.2      .8     4.7     8.1     9.4     9.5     8.5     7.0     6.0     5.0
     4.9     5.5     7.4     9.6    11.1
    -6.4    -8.3    -7.0    -4.3    -3.3    -1.9     3.1     7.9    10.1     9.8
     8.9     7.7     5.4      .0    -5.3    -7.7    -6.4    -5.4    -5.3    -5.9
    -6.2    -5.8    -5.0    -4.2    -3.0    -1.3    -1.5    -5.1   -10.4   -11.2
    -9.7   -12.0   -20.9   -19.5    -8.2    -1.9     2.2     3.6     6.3     9.4
     9.0     7.0     4.6     2.0      .0    -1.7    -2.4    -2.8    -3.0    -2.7
    -1.0     2.8     6.7     8.2     6.9     3.8     2.4     1.7     3.3     4.3
     5.1     6.8     9.3    12.0    13.4
    -9.4    -9.9    -8.7    -6.3    -5.2    -1.5     6.8    14.5    18.8    17.7
    13.6    10.2     6.8     2.7    -2.5    -3.2    -2.0    -2.4    -4.2    -6.3
    -8.1    -8.2    -6.9    -5.4    -3.4    -2.3    -2.0    -3.9    -6.3    -5.2
    -6.1    -9.8   -18.8   -19.7   -18.1   -14.5    -9.1    -3.6     2.9     7.7
    10.0     9.8     8.2     6.8     4.7     1.7     -.5    -1.8    -2.0    -1.0
     1.8     5.9     9.5     9.7     7.1     2.3      .0      .6     2.1     4.2
     6.3     8.5    11.1    13.6    16.0
    -9.1   -11.0   -10.2    -6.4    -3.3      .2     8.4    16.4    21.5    21.4
    18.3    12.5     8.7     5.5     2.3      .3      .5     -.5    -3.4    -7.2
   -10.1   -10.2    -8.3    -6.6    -5.4    -4.4    -4.0    -4.1    -4.5    -3.9
    -3.3    -7.8   -13.9   -11.5   -15.9   -22.8   -21.2    -8.1     3.1     7.0
     6.8     8.1     8.3     9.6    10.8     7.9     2.9     -.6    -1.8      .0
     3.4     7.6    10.9    11.3     9.6     6.0     3.9     3.9     5.1     6.7
     8.6    10.4    12.1    15.1    16.0
    -6.8   -10.7   -10.7    -5.9    -2.6     1.9     8.3    13.9    19.3    20.1
    16.7    13.6    10.0     5.9     2.7      .6      .3     -.1    -3.3    -7.4
   -10.3   -10.0    -7.7    -6.5    -6.0    -5.8    -5.5    -4.8    -4.4    -4.2
    -4.9    -5.6    -5.5    -4.3   -10.5   -22.5   -22.8   -13.0    -5.5    -4.0
    -5.1    -2.3     2.8     7.9    11.9    11.7     5.6     2.2     1.6     1.6
     4.4     7.8    10.8    12.5    12.1    11.0    10.5    11.3    12.0    12.1
    12.1    12.2    12.3    13.1    14.1
    -3.0    -7.4    -5.6    -3.4    -1.3     2.6     8.5    12.1    14.0    14.7
    13.0    11.2     8.3     4.9     2.4      .5     -.3    -1.3    -3.3    -7.0
    -9.5    -9.2    -7.0    -5.8    -5.5    -5.3    -4.6    -3.3    -2.5    -3.1
    -4.7    -5.7    -6.1    -8.8   -13.3   -17.0   -19.4   -19.5   -20.9   -19.2
   -18.6   -14.0    -8.1     -.4     6.7     9.0     6.4     7.7     7.8     3.8
     2.6     6.1     9.5    11.6    12.7    14.3    15.0    16.2    17.0    16.3
    14.6    13.1    12.3    12.5    12.9
     -.1     1.3     2.4     4.8     4.8     7.4    12.9    12.8    10.4     8.6
     7.2     7.6     6.1     4.0     1.7      .7     -.3     -.9    -2.6    -5.7
    -8.4    -8.8    -6.9    -5.1    -4.4    -3.8    -2.8    -1.6     -.6    -3.5
    -6.8   -10.1   -12.4   -14.9   -16.3   -17.9   -19.3   -22.1   -29.6   -32.7
   -27.7   -21.4   -13.5    -5.8      .8     3.8     3.6     5.9     4.6    -3.5
    -4.6     1.6     8.3    12.4    16.4    20.7    23.1    25.2    24.6    22.3
    18.3    14.9    13.2    12.7    12.8
     4.0     7.0     9.0    11.2    11.8    10.9    12.6    14.4     9.4     5.2
     3.3     3.5     3.6     2.8     1.8      .8     -.1     -.8    -2.2    -4.5
    -7.6    -8.6    -7.2    -5.1    -3.2    -2.7    -1.6     -.5    -2.0    -5.4
    -8.7   -10.7   -12.9   -15.7   -17.3   -17.9   -17.9   -19.0   -24.2   -34.7
   -29.2   -25.1   -19.5    -9.7    -4.7    -2.2      .4     1.0    -5.6   -11.5
    -2.9     4.6    10.0    14.5    26.1    29.3    36.8    35.5    33.8    28.6
    23.1    18.1    14.8    13.2    12.8
     4.3     6.2     8.3    11.6    12.2     8.3     7.1     5.7     6.3     2.9
     1.6     1.6     2.7     2.8     2.3     1.2      .0     -.7    -1.7    -3.1
    -5.3    -6.5    -6.4    -3.6     -.9     -.7     -.4     -.7    -3.3    -7.5
    -9.8    -8.8   -10.7   -14.1   -16.5   -16.8   -15.6   -13.9   -15.9   -21.3
   -24.7   -38.2   -38.0   -28.6   -12.8    -6.0    -2.8    -1.3    -5.9   -12.6
    -1.4     5.5    10.1    12.0    14.0    23.1    31.9    35.1    34.5    30.0
    25.1    20.1    16.0    13.6    12.9
     3.2     2.6     4.2     7.3     8.4     4.6     2.3     3.8     3.2     2.1
     1.3     1.6     2.4     2.9     2.5     1.2     -.4    -1.4    -1.9    -2.4
    -3.5    -4.6    -5.0    -2.9      .3      .8      .5    -1.0    -3.0    -6.4
    -6.5    -6.1   -10.3   -14.5   -15.6   -16.3   -14.8   -14.2   -13.8   -16.3
   -21.0   -31.4   -37.0   -23.0    -9.3    -6.2    -5.8    -6.6    -7.0    -7.3
    -1.6     5.6     9.4    10.1    10.8    13.9    16.6    24.6    26.4    25.1
    22.2    18.8    15.5    13.4    12.6
      .4      .0      .8     3.0     5.0     4.3     2.7     1.8     1.1      .0
      .0      .8     2.0     2.7     2.6     1.5     -.2    -1.5    -2.2    -2.5
    -3.3    -4.4    -4.9    -2.2     1.1     1.4      .6     -.1     -.5    -1.5
    -2.2    -4.5    -8.5   -10.6   -11.7   -13.0   -13.3   -12.4   -13.1   -16.8
   -19.0   -24.5   -27.5   -16.2   -14.5   -12.5    -8.8   -10.7   -11.0    -9.1
    -4.1     3.3     7.4     9.2    10.6    11.5    12.5    14.7    16.4    16.7
    16.3    15.2    13.6    12.4    11.8
    -1.1    -2.4    -1.8     -.6     1.1     1.9      .9     -.6    -3.0    -4.7
    -4.6    -2.5      .4     2.3     2.8     2.2      .9     -.7    -2.0    -2.9
    -3.9    -5.7    -5.2    -2.0     1.7     2.2     1.8     3.1     4.9     2.5
    -1.1    -3.0    -5.9    -6.8    -7.4    -9.4    -9.6    -7.6   -11.6   -17.0
   -17.9   -19.2   -20.1   -17.4   -20.1   -18.2   -12.6   -12.2   -10.9    -8.1
    -3.2     3.0     7.4     9.3    10.5    11.3    12.0    11.3    11.8    12.0
    12.1    11.7    11.0    10.4    10.2
    -2.6    -3.9    -2.3    -1.3     -.3     -.5    -2.4    -4.6    -6.6    -7.8
    -7.3    -4.5     -.3     2.3     3.1     2.8     2.0      .5    -1.5    -3.4
    -5.1    -6.5    -5.3    -1.8      .9     2.2     3.4     7.8     7.7     5.3
     1.5    -3.5    -4.9    -3.3    -5.3    -7.0    -5.3    -1.3    -6.7   -13.9
   -14.1   -13.9   -15.0   -16.5   -15.2   -13.5   -12.4    -6.5    -3.7    -2.1
      .4     4.5     6.5     7.5     8.2     9.3     9.6     9.6     9.5     9.3
     8.9     8.2     7.8     7.8     7.9
    -2.1    -1.6     -.4      .4      .0    -2.1    -6.5    -8.1    -8.5    -8.7
    -8.4    -6.4      .4     2.9     3.2     3.2     2.9     2.1     -.6    -3.3
    -5.0    -5.9    -4.6     -.2     1.4     2.2     4.4     9.0     9.7     9.7
    13.6     2.7    -1.6     -.2    -2.5    -4.3    -3.4    -2.7    -6.1    -8.8
   -11.0   -11.7   -12.7   -13.7   -11.5    -9.0    -4.9    -1.6     -.1     -.1
     1.1     3.1     4.4     4.5     4.8     5.4     6.0     6.5     6.7     6.5
     5.6     4.8     4.7     5.1     5.6
      .9     1.9     2.8     2.7     1.4    -1.4    -6.8    -8.8    -8.8    -8.6
    -8.2    -6.7    -1.8     2.0     3.1     3.1     2.9     2.2      .1    -2.0
    -2.8    -2.7    -1.1      .9     1.6     1.8     2.9     5.8     8.7    19.8
    17.4    11.2     -.4     -.3     1.0     1.7     2.0    -1.1    -4.3    -5.6
    -9.8   -10.7   -11.5   -11.3    -8.9    -6.8    -3.7      .5     1.1      .4
      .4     2.7     2.9     2.5     2.3     2.2     3.0     3.9     4.3     3.9
     3.0     2.4     2.6     3.2     3.7
     2.9     3.5     3.8     3.2     1.1    -2.8    -8.4   -10.0    -9.8    -7.6
    -5.5    -3.8    -2.4      .2     2.1     2.5     1.6     -.3    -1.8    -1.7
     -.5      .7     1.5     2.1     2.5     2.6     2.5     2.9     4.3     3.9
     6.4     5.8      .4     -.5     1.4     4.7     5.3      .3    -3.0    -5.0
    -5.9    -3.7    -5.1    -6.0    -5.2    -3.9    -2.5     1.6     3.0     2.6
     2.9     3.1     2.7     1.4      .7      .7     1.9     2.7     2.8     2.3
     1.7     1.3     1.5     2.0     2.4
     3.5     3.9     3.9     3.0      .4    -4.0    -9.1   -10.4    -9.8    -7.0
    -3.9    -2.8    -2.7    -2.2    -1.0     -.6    -1.6    -2.5    -2.6    -1.7
      .3     2.5     3.5     4.0     4.2     4.0     3.0     2.5     1.9      .4
      .2     1.8      .3    -1.2      .0     2.5     2.0     1.7    -1.7    -4.9
    -2.4     1.8      .1      .6     2.6     5.8     6.3     5.5     4.6     4.8
     5.1     3.9     2.9     1.7     1.3     1.7     2.3     2.6     2.4     1.9
     1.3     1.1     1.2     1.4     1.7
     3.7     3.7     3.5     2.3    -1.0    -5.9    -9.6   -10.5    -9.9    -7.2
    -3.2    -1.5    -1.5    -2.2    -2.8    -2.9    -2.8    -3.0    -2.7    -1.3
     1.0     2.9     3.8     4.3     4.5     4.3     3.4     2.7     1.4     -.5
     -.9     -.5    -1.6    -2.0      .1      .8     -.9      .8     -.4    -4.5
    -1.7      .5     -.7      .7     5.1    14.2    16.7     7.4     5.6     5.2
     5.1     4.8     4.0     3.0     2.6     2.7     2.9     2.8     2.4     1.8
     1.2     1.0     1.0     1.1     1.3
     3.6     3.6     3.2     1.4    -2.6    -8.0    -9.9   -10.3    -9.8    -7.6
    -2.3     -.5     -.9    -2.4    -3.7    -3.4    -3.1    -3.1    -2.6     -.3
     2.1     3.0     3.3     3.9     4.2     4.2     3.5     2.8     1.4     -.5
    -1.7    -3.1    -4.1    -3.9    -1.3      .7    -1.7    -1.2    -3.2    -3.6
     1.1     2.2    -1.1    -4.9    -1.4     7.7     6.6     4.2     5.1     5.4
     5.5     5.3     4.6     3.7     3.2     3.0     3.0     2.7     2.2     1.6
     1.1      .9      .9     1.0     1.1
     3.6     3.6     3.1     1.1    -3.0    -8.1    -9.3    -9.2    -7.3    -3.5
      .4      .7     -.9    -2.6    -3.9    -3.9    -3.2    -3.1    -2.5      .3
     2.4     2.9     2.6     2.4     3.1     3.5     3.1     2.7     1.5     -.2
    -1.9    -3.5    -6.0    -5.3    -2.5     -.9    -2.1    -3.3    -5.6    -3.8
     -.1     2.1     -.3    -3.7      .0     6.1     4.8     2.8     4.5     5.2
     5.6     5.3     4.7     3.8     3.3     3.0     2.9     2.5     1.9     1.4
     1.0      .9      .9      .9     1.0
     3.6     3.6     3.1     1.2    -2.4    -6.7    -7.2    -6.1    -3.4     -.4
      .9      .8    -1.2    -3.4    -4.2    -4.0    -3.2    -2.8    -1.6     1.7
     2.9     3.0     2.8     2.3     2.1     2.0     2.0     2.4     1.7      .4
    -1.6    -2.9    -3.9    -3.2    -1.6    -2.5    -4.2    -3.6    -4.4    -2.7
    -1.2     -.5     2.6      .3     4.1     6.7     3.0     2.2     4.2     5.1
     5.5     5.3     4.6     3.7     3.2     2.9     2.7     2.3     1.7     1.2
     1.0      .9      .9      .9      .9
     3.6     3.6     3.1     1.7    -1.0    -3.7    -3.5    -2.3     -.7      .0
      .2      .1     -.8    -3.0    -3.9    -3.5    -2.3    -1.3      .5     2.5
     3.2     4.3     6.4     6.4     5.1     2.5      .6     1.2     1.9     1.0
     -.3     -.9     -.8     -.4     -.7    -1.2    -2.8    -2.8    -1.8     -.2
      .6      .3     1.6     1.1      .8     1.5     1.8     2.1     3.2     4.4
     5.1     4.8     3.9     3.1     2.6     2.6     2.5     2.2     1.6     1.2
     1.0      .9      .9      .9      .9
     3.6     3.4     2.9     1.7      .2     -.8     -.7     -.3     -.1      .0
      .0      .0     -.3    -1.3    -2.4    -2.1    -1.2      .2     1.8     3.1
     4.8     7.8    11.7     9.8     7.6     4.8     2.0      .3     1.7     1.8
     1.2      .8      .8      .8      .5     -.4     -.6      .9      .7     1.0
      .7      .2      .5      .1     -.1     -.1      .2      .8     1.9     3.2
     3.7     3.1     1.9     1.1     1.0     1.4     1.7     1.6     1.4     1.1
      .9      .9      .9      .9      .9
     3.3     3.0     2.3     1.2      .3     -.1     -.1      .0      .0      .0
      .0      .0     -.1     -.4     -.8     -.7      .2     1.6     3.3     5.0
     7.1     9.7    12.2    11.2     8.5     5.6     2.8     2.1     2.6     3.3
     3.4     2.9     2.2     1.7     1.3     1.4     2.2     4.0     3.8     2.5
     1.0      .2      .2      .0     -.4     -.5     -.3      .1      .7     1.4
     1.4      .6     -.3     -.8     -.8     -.4      .0      .3      .5      .6
      .8      .8      .9      .9      .9
     3.0     2.5     1.5      .7      .1      .0      .0      .0      .0      .0
      .0      .0      .0     -.1     -.2      .0      .9     2.5     4.4     6.2
     8.0     9.8    10.7    10.2     8.6     6.3     4.3     3.7     4.1     4.6
     4.9     4.5     3.6     2.6     1.8     1.6     2.1     3.8     4.2     3.4
     1.0      .5      .3      .0     -.3     -.4     -.5     -.5     -.4     -.2
     -.3     -.6    -1.1    -1.3    -1.4    -1.2    -1.1    -1.1    -1.0     -.8
     -.3      .1      .5      .9      .9
     2.6     2.2     1.3      .5      .1      .0      .0      .0      .0      .0
      .0      .0      .0      .0      .0      .3     1.2     2.9     4.8     6.4
     8.0     9.4    10.0     9.5     8.1     6.3     5.0     4.5     4.7     5.2
     5.2     5.0     4.2     3.2     2.3     1.7     1.4     1.8     1.9     1.9
     1.1      .7      .4      .1     -.3     -.5     -.6     -.7     -.5     -.3
     -.1     -.6    -1.1    -1.1    -1.6    -1.5    -1.7    -2.2    -3.1    -3.3
    -2.8    -1.7     -.3      .5      .9
