diamond 11 10年11月29日20时500百帕流场
10 11 29 20   0   500
  2.000 -2.000  32.0 160.0  80.0  12.0  65  35
    -5.5    -5.5    -5.5    -5.5    -5.5    -5.5    -5.5    -5.1    -4.1    -2.6
     -.3     2.4     5.3     6.6     7.2     6.9     6.9     6.4     4.5      .8
    -3.7    -7.0    -8.5    -8.9    -9.0    -9.0    -9.0    -9.0    -8.6    -7.3
    -5.1    -3.0    -1.7    -1.3    -1.3    -1.2    -1.1     -.5      .9     2.5
     3.8     4.3     4.0     3.2     2.1     1.2      .8      .7      .7      .7
      .7      .8     1.3     2.2     3.4     4.3     4.8     4.9     4.9     4.9
     4.9     4.9     4.9     4.9     5.0
    -5.3    -5.5    -5.5    -5.5    -5.5    -5.6    -5.9    -6.1    -5.8    -4.7
    -2.8      .0     3.0     5.5     6.2     6.6     6.5     5.9     3.8     -.3
    -4.9    -7.8    -8.8    -9.0    -9.0    -9.0    -9.0    -9.0    -8.7    -7.4
    -5.1    -2.8    -1.6    -1.3    -1.3    -1.3    -1.1     -.5      .8     2.6
     3.9     4.4     4.1     3.2     2.0     1.1      .8      .7      .7      .7
      .7      .8     1.2     2.1     3.4     4.4     4.8     4.9     4.9     4.9
     4.9     4.9     4.9     5.0     5.0
    -4.8    -4.8    -5.0    -5.2    -5.3    -5.5    -6.2    -7.0    -7.6    -7.6
    -7.0    -5.2    -2.5      .6     3.1     4.7     5.2     4.6     2.5    -1.2
    -5.4    -8.1    -8.9    -9.0    -9.0    -9.0    -9.0    -9.0    -8.7    -7.4
    -5.1    -2.8    -1.6    -1.3    -1.3    -1.3    -1.1     -.5      .8     2.6
     3.9     4.4     4.1     3.1     1.9     1.0      .7      .7      .7      .7
      .7      .8     1.1     2.0     3.3     4.3     4.8     4.9     4.9     4.9
     4.9     4.9     5.0     5.2     5.3
    -3.2    -3.1    -3.6    -4.3    -4.9    -5.3    -5.8    -6.8    -7.8    -8.4
    -8.8    -8.3    -6.8    -4.5    -1.7     1.1     2.9     3.4     2.5     -.3
    -4.1    -7.2    -8.6    -9.0    -9.0    -9.0    -9.0    -9.0    -8.5    -7.2
    -4.9    -2.7    -1.6    -1.3    -1.3    -1.3    -1.2     -.5     1.0     2.7
     4.0     4.4     4.0     3.0     1.6      .7      .5      .7      .8      .8
      .7      .7      .9     1.8     3.1     4.3     4.8     4.9     4.9     4.9
     4.9     5.0     5.3     5.6     5.7
    -3.4    -2.4    -2.8    -3.8    -4.4    -4.8    -5.2    -6.0    -7.0    -8.1
    -8.4    -8.1    -6.8    -4.7    -2.1      .5     2.4     3.3     3.0     1.3
    -2.0    -5.5    -7.9    -8.8    -9.0    -9.0    -8.9    -8.5    -7.6    -5.8
    -3.7    -2.1    -1.5    -1.3    -1.4    -1.3    -1.1     -.2     1.4     3.0
     4.1     4.4     3.9     2.7     1.1      .0     -.1      .4      .7      .8
      .6      .5      .6     1.5     3.0     4.4     4.9     4.7     4.7     4.7
     5.1     5.4     5.9     6.3     6.4
    -4.2    -3.2    -4.3    -4.3    -4.7    -4.7    -4.7    -5.0    -5.6    -6.3
    -6.7    -5.5    -2.2     1.3     3.4     3.7     3.7     3.7     3.5     2.8
      .6    -2.6    -5.8    -7.7    -8.6    -8.6    -8.0    -6.5    -4.3    -2.2
     -.8     -.7    -1.1    -1.5    -1.5    -1.4     -.8      .5     2.2     3.7
     4.4     4.5     3.8     2.3      .4    -1.0    -1.1     -.3      .5      .6
      .1     -.1      .4     1.9     4.4     6.3     6.4     5.5     5.0     5.2
     6.2     7.0     7.3     7.4     7.2
   -10.4    -9.3    -7.8    -6.7    -5.5    -4.9    -4.7    -4.5    -4.7    -4.9
    -4.6    -1.5     4.2     8.8     9.5     6.6     4.7     4.0     3.8     3.5
     2.6      .4    -2.5    -5.0    -6.3    -6.1    -4.8    -2.8     -.7      .8
     1.0      .2    -1.0    -1.8    -2.0    -1.6     -.7     1.0     2.9     4.2
     4.7     4.6     4.0     2.3      .4    -1.3    -1.6    -1.1      .3      .7
      .1     -.1      .9     4.6     9.8    12.5    11.8     9.6     7.4     8.5
    10.2    11.3    10.3     8.9     7.7
   -13.8   -11.8    -9.4    -7.1    -5.3    -4.4    -4.6    -4.3    -4.2    -4.0
    -2.6     1.9     9.7    12.7     9.5     5.4     3.8     3.5     3.4     3.1
     2.7     1.4     -.5    -1.9    -1.8     -.5      .3      .2     -.4     -.3
      .0      .4     -.3    -2.0    -2.8    -2.8    -1.6      .4     2.5     4.0
     4.8     5.5     5.4     3.7     2.0      .5     -.3      .3     2.6     3.1
     1.9     1.1     3.0     8.5    16.2    22.1    22.0    16.9    13.6    15.0
    17.3    17.2    14.0    10.0     7.7
    -7.3    -8.8    -8.7   -10.5    -6.2    -3.5    -3.6    -3.7    -4.2    -4.7
    -2.2     3.8    10.4    10.0     3.6     -.6     -.8      .6      .6      .3
      .5     -.2    -1.2    -1.4      .1     2.3     3.0      .9    -1.5    -3.2
     1.7     4.9     4.2      .6    -2.4    -4.1    -3.7    -2.0      .5     2.5
     5.1     6.0     6.3     3.8     2.9     2.2     2.0     4.1     9.5    11.1
     9.1     5.2     5.4     9.9    16.1    20.1    19.0    15.2     8.4    12.4
    15.9    17.9    13.8     9.4     6.1
    -1.7    -3.7    -5.1    -7.7    -4.0     2.2     1.6     -.4    -3.5    -4.3
    -3.0     1.6     4.6      .7    -4.9    -8.6    -7.2    -6.7    -7.2    -6.6
    -4.3    -2.4    -2.7    -1.7      .1     3.3     3.4     1.6    -1.3     1.8
     7.6    13.5    11.2     5.4     -.5    -5.4    -7.1    -5.2    -4.3    -3.3
    -1.4     1.6     3.1     2.7     2.6     2.6     2.9     5.6    11.6    14.1
    12.9     7.3     4.0     4.1     6.1     7.6     4.5    -3.3    -9.2    -6.3
     2.5     8.8     8.2     5.6     3.4
     8.8     7.3     7.6     8.2    11.4    15.5    12.8     8.9     4.1      .4
     -.4     1.4     1.4    -2.4    -7.1    -9.4    -8.6   -10.1   -10.9    -9.6
    -4.7     -.9      .7     2.2     4.0     5.9     6.2     5.4     4.1     9.5
    18.0    21.6    15.9    10.6     3.5    -1.8    -4.5    -3.5    -4.4    -5.8
    -5.5    -4.1    -3.2    -2.3    -1.0      .5     -.1     1.9     7.5    11.0
     9.6     2.7    -3.2    -7.0    -8.5   -10.1   -12.3   -17.8   -23.9   -21.5
   -15.4    -6.8    -1.2      .7      .9
    19.9    19.9    24.5    30.3    29.8    28.9    24.6    21.5    18.6    14.4
     9.8     6.0     3.3      .5    -2.6    -1.9    -3.2    -5.0    -6.7    -5.2
      .9     7.1    12.1    14.4    14.0    13.8    12.8    12.5    14.0    21.5
    25.9    26.6    21.1    18.1    14.1     8.7     4.0     1.9      .7      .2
     -.8    -2.2    -6.3    -8.6    -6.6    -2.5    -2.9    -2.2     -.3     1.7
      .1    -4.5    -8.5   -11.9   -14.7   -18.3   -20.9   -24.2   -28.7   -31.8
   -28.6   -18.2    -7.5     -.8    -1.7
    25.9    28.3    37.3    41.9    41.5    33.9    31.7    29.7    27.8    23.9
    19.0    13.5     9.9     8.9     9.8     9.8     7.1     3.2      .6     2.3
     8.1    15.0    23.4    27.5    27.1    24.1    22.6    21.4    23.0    27.0
    31.6    29.3    26.9    28.1    25.4    20.1    15.8    12.3    11.6    12.7
    15.8    13.3     3.2    -4.2    -5.9    -3.7    -3.9    -4.2    -4.9    -5.1
    -6.2    -8.5   -10.8   -13.3   -15.4   -17.3   -18.5   -20.9   -26.2   -30.0
   -26.1   -14.9    -3.1      .1     1.3
    23.8    29.5    34.8    39.7    34.8    33.9    36.2    39.9    34.5    29.8
    25.1    22.2    21.3    21.8    21.5    20.3    16.0    11.9    11.4    14.1
    17.5    22.4    28.4    32.4    33.2    31.2    29.8    27.5    26.9    27.7
    29.6    31.8    33.0    35.2    32.6    26.1    22.6    21.4    22.3    23.7
    25.9    23.6    17.2     6.7     2.4      .6      .0    -2.0    -3.5    -5.2
    -6.2    -8.5   -11.4   -13.9   -15.5   -13.1    -7.9    -9.8   -16.1   -19.3
   -14.1    -3.3     6.7     9.8     8.5
    20.4    22.7    24.1    23.9    25.3    26.8    36.5    39.9    38.7    31.5
    27.7    25.9    26.7    27.7    26.6    25.5    23.3    22.7    24.7    29.7
    34.1    34.8    34.3    34.4    33.2    31.5    29.3    27.4    25.9    24.6
    26.6    30.0    33.0    34.6    33.3    29.2    25.8    25.1    25.9    27.2
    28.9    27.8    22.8    16.9    12.7    10.3     9.0     5.3     1.8      .2
    -1.3    -3.9    -8.0   -13.7    -8.0      .1     7.6     4.9      .2    -3.1
      .1     6.8    12.9    13.8    13.0
    19.2    14.7    15.5    18.1    21.5    23.9    29.5    33.9    34.5    29.8
    28.3    27.6    28.7    29.6    29.8    28.7    27.9    28.2    31.3    36.9
    42.2    42.8    39.6    35.6    31.7    28.4    26.1    24.4    24.3    21.9
    23.5    27.2    31.0    32.0    30.8    27.5    25.3    24.9    25.8    27.1
    29.1    28.1    24.9    21.9    19.6    17.9    18.2    14.1     7.1     3.1
     3.7     3.3     1.9     1.1     7.7    11.7    15.9    13.8    10.4     7.3
     8.1    11.2    13.2    13.3    12.7
    18.2    16.0    17.8    22.3    23.3    22.3    22.9    23.1    22.0    25.2
    28.5    29.8    30.3    30.7    30.1    29.7    29.5    30.0    32.1    36.3
    42.5    43.6    37.8    31.3    26.4    24.1    22.3    21.5    20.5    18.8
    18.9    22.3    26.6    27.6    26.6    24.8    23.8    24.2    25.1    26.4
    27.2    26.1    23.7    22.1    16.6    13.9    18.2    18.1    11.0     7.2
     8.6     8.7     8.5     8.5    10.8    12.2    14.2    14.3    13.0    11.7
    11.4    12.2    12.8    12.8    12.6
    21.2    19.7    20.9    22.9    22.8    20.1    18.4    16.8    17.2    22.0
    27.9    30.3    29.6    28.9    28.5    28.5    28.7    28.8    29.2    30.7
    33.1    32.9    28.8    22.5    19.3    18.2    17.6    17.0    15.9    13.0
    12.9    17.2    20.1    21.5    22.0    22.2    22.5    23.2    24.6    26.7
    28.7    24.7    22.5    20.8    15.2    16.9    20.2    21.6    19.4    15.1
    15.2    12.5    10.4     9.8     9.4    11.2    12.8    13.7    13.7    13.1
    12.7    12.5    12.4    12.3    12.2
    22.2    20.5    18.4    20.9    21.0    18.2    15.9    15.8    15.1    21.4
    26.4    28.2    26.7    24.4    23.6    24.3    25.5    26.0    25.6    24.9
    24.6    23.3    20.4    16.0    12.9    11.4    10.8    10.9    11.3     9.8
    11.8    15.3    17.6    19.2    19.2    20.0    21.0    22.2    25.0    25.9
    26.7    25.9    25.4    28.5    30.1    28.5    26.6    25.9    28.3    28.8
    23.5    16.6    13.2    12.6    11.7    11.9    12.0    14.2    14.7    14.5
    14.0    13.4    12.7    12.2    11.9
    26.1    22.2    18.3    18.2    19.4    18.0    16.1    15.1    16.1    19.8
    23.4    23.6    21.1    18.4    17.4    18.5    20.8    22.6    23.2    22.5
    21.2    19.1    16.4    12.0     7.7     5.4     4.2     5.4     6.7     7.9
    10.4    11.4    13.7    16.3    16.5    17.3    19.4    20.4    21.3    20.9
    22.0    25.7    27.0    31.6    36.4    33.9    26.7    26.2    33.4    36.2
    32.8    23.1    19.3    18.8    18.5    17.4    17.0    17.4    17.3    17.0
    16.4    15.1    13.5    12.1    11.4
    24.8    23.0    17.3    15.3    16.1    15.7    14.0    13.3    14.2    16.8
    18.6    18.4    16.5    15.1    14.7    15.6    17.6    19.9    21.4    21.3
    19.4    16.8    13.6     9.6     5.3     2.4     1.3     3.9     6.0     3.7
     2.3     5.2     9.1    13.1    13.7    13.6    15.3    16.5    17.5    16.5
    16.8    21.6    23.9    26.2    33.0    29.0    21.2    19.5    31.8    38.3
    34.3    27.6    24.5    24.3    23.4    22.6    21.9    20.7    19.8    19.1
    18.2    16.3    13.7    11.5    10.5
    20.5    19.7    15.1    13.6    13.4    12.8    11.2    10.8    12.6    16.1
    17.9    17.2    15.4    14.5    14.3    14.5    15.5    17.1    18.7    18.7
    16.6    13.8    11.7     9.8     7.7     5.5     4.1     7.5     5.6     2.0
     -.3      .4     3.1     8.0     9.7    10.2    11.0    13.0    17.2    18.0
    14.8    17.5    19.8    19.8    20.9    21.3    18.1    28.2    34.5    37.2
    30.7    25.7    22.0    21.3    21.5    22.0    21.2    20.6    19.6    18.7
    17.2    14.7    12.0     9.9     9.1
    12.8    10.2     8.4     9.2     9.6     9.2     8.6     9.2    11.6    14.1
    15.6    16.6    13.5    13.4    14.0    14.2    14.1    14.7    16.3    16.6
    14.1    11.7    11.4    10.4     9.7     9.2     8.2     9.0     7.5     4.5
     9.1     4.3     3.7     5.7     7.1     7.9     9.8    14.5    19.6    22.1
    18.3    20.1    22.8    22.3    19.0    18.6    21.9    26.8    28.5    26.6
    22.8    17.5    16.1    15.5    15.9    16.3    17.0    17.3    17.1    15.9
    13.5    10.8     8.8     7.7     7.4
     7.3     6.0     5.5     5.8     6.6     7.6     8.1     8.3     9.9    11.6
    12.5     9.9     3.8     6.7    11.2    12.8    13.1    13.4    13.8    13.0
    11.1     9.4     9.4     9.7     9.9    10.0     9.6    10.1    10.7    16.5
    15.3    12.4    10.9     9.3     7.0     6.8     7.2     9.8    13.7    17.7
    15.9    19.4    22.6    23.5    22.2    23.2    23.5    21.8    19.4    14.3
     8.6    12.2    12.0    12.3    13.2    13.9    14.6    15.1    14.6    12.4
     9.3     6.9     6.0     5.9     6.0
     5.9     5.1     4.7     4.7     5.2     6.3     6.2     3.8     4.3     6.8
     8.5     4.2    -1.0    -1.3      .6     4.0     6.3     7.8     8.7     8.3
     7.9     7.7     7.7     7.9     8.4     9.8    11.4    12.1    11.5    10.8
    10.8     9.0    11.7    10.1     6.7     6.2     5.7     5.3     9.3    10.5
    10.3    14.0    17.7    19.4    20.9    22.8    23.2    18.6    14.5    10.2
     9.1    10.0    10.8    11.5    12.4    13.2    13.9    14.3    13.1    10.2
     6.9     4.9     4.6     4.8     5.0
     4.7     4.7     4.5     4.1     3.6     2.7      .3    -2.6    -2.3     1.4
     5.3     2.8    -1.0    -2.2    -1.9    -1.0      .3     2.5     5.7     7.2
     7.5     7.5     7.5     7.5     8.0    10.0    12.3    12.5    11.1     9.2
     5.9     2.0     7.4    11.7    10.8     6.5     1.5     3.3     9.1    13.5
    13.5    14.1    14.8    15.6    16.9    19.0    19.6    15.4    12.7    12.0
    12.5    11.3    11.6    12.2    13.2    14.1    14.7    14.6    12.9     9.6
     6.2     4.4     4.2     4.3     4.5
     4.5     4.3     4.2     3.6     2.1     -.4    -2.8    -4.0    -3.9    -2.2
     3.0     4.4     2.8     -.2    -1.1    -1.1     -.5     1.4     5.1     7.0
     7.4     7.5     7.5     7.5     8.0    10.0    12.3    12.6    11.0     8.8
     5.1     -.1     6.6    20.3    25.2    20.6    19.4    19.9    27.1    34.4
    28.0    22.2    18.8    16.8    17.1    16.0    15.1    13.4    12.8    12.8
    13.3    13.7    13.7    14.1    14.8    15.3    15.5    14.8    12.6     9.0
     5.8     4.3     4.0     4.1     4.1
     4.5     4.3     4.1     3.3     1.2    -1.9    -3.2    -3.6    -3.1     -.2
     7.6    10.1    10.1     8.8     6.1     4.5     3.5     3.6     4.9     5.9
     6.5     7.1     7.3     7.5     7.9     9.5    11.7    12.2    11.1     9.4
     7.0     8.7    19.7    30.1    35.1    31.4    32.3    31.1    30.3    34.0
    30.4    28.7    25.6    23.1    23.3    19.4    13.8    12.2    13.1    14.1
    14.6    15.0    15.0    15.1    15.5    15.7    15.5    14.3    11.5     7.8
     5.1     4.0     3.8     3.9     4.0
     4.8     4.8     4.5     3.4     1.2    -1.7    -2.4    -2.2      .4     5.4
    10.0    11.0    11.1    10.8    10.2     9.2     7.7     5.6     4.5     4.3
     4.5     5.2     6.3     6.7     6.3     5.3     6.2     8.0     9.6    10.8
    12.7    17.6    27.5    32.0    30.1    27.5    24.4    19.1    20.1    21.9
    22.1    23.2    23.9    25.0    25.2    17.9    13.6    12.0    13.5    14.7
    15.3    15.4    15.3    15.4    15.5    15.6    15.1    13.3     9.9     6.5
     4.4     3.8     3.8     3.9     3.9
     4.9     4.9     4.6     3.7     2.0      .0      .3     1.8     5.5     9.4
    10.8    11.1    11.1    11.0    10.7     9.6     7.0     4.7     4.1     4.1
     4.1     4.1     4.0     2.5      .1      .1     2.1     5.1     7.8    10.5
    14.0    20.2    26.6    27.7    22.9    20.0    16.7    11.4    13.6    14.2
    14.5    14.5    16.3    20.6    20.6    16.7    12.4    11.6    13.5    14.8
    15.3    15.1    14.8    14.8    15.0    15.2    14.5    12.2     8.7     5.7
     4.2     3.8     3.9     3.9     3.9
     4.9     4.9     4.8     4.2     3.3     2.5     3.4     5.1     8.0    10.3
    10.8    10.9    10.9    10.8    10.2     7.8     5.1     4.1     4.0     4.0
     4.1     4.0     3.1     -.1    -2.4    -1.5      .9     3.6     5.6     8.1
    11.5    16.7    22.0    22.7    20.0    14.7    13.1     9.9     8.0     7.4
     7.7     6.1     7.2    13.9    16.0    14.4    12.2    11.5    12.5    13.8
    14.0    12.8    11.3    10.8    11.7    13.0    13.1    11.2     8.0     5.4
     4.2     3.9     3.9     3.9     3.9
     4.9     4.9     4.9     4.8     4.7     4.9     6.0     7.3     9.2    10.5
    10.8    10.8    10.8    10.6     9.4     6.5     4.5     4.0     4.0     4.0
     4.1     3.8     2.3    -2.0    -3.7    -3.4    -1.6      .5     1.6     2.7
     4.2     7.6    12.5    15.8    15.6    12.4     7.8     4.0     2.5     1.9
     1.3     1.0     2.2     5.1     7.1     6.7     5.5     5.8     7.7     9.5
     8.7     4.8      .5    -1.2      .6     4.3     7.1     7.5     6.1     4.7
     4.1     3.9     3.9     3.9     3.9
     4.9     4.9     5.0     5.2     5.7     6.6     7.6     8.7     9.7    10.5
    10.8    10.8    10.7    10.1     8.7     6.5     4.8     4.1     3.9     3.8
     3.3     2.0     -.2    -2.6    -3.9    -3.9    -3.3    -2.7    -3.0    -3.7
    -4.2    -3.0      .5     4.7     6.5     4.6      .9    -1.4    -1.9    -1.7
    -2.0    -2.4    -2.4    -2.0    -2.5    -4.3    -5.6    -5.0    -2.7    -1.0
    -2.3    -6.4   -10.6   -12.3   -11.4    -8.7    -5.4    -2.5     -.2     1.9
     3.2     3.8     3.9     3.9     3.9
     4.9     4.9     5.1     5.5     6.5     7.7     8.7     9.5    10.1    10.6
    10.8    10.8    10.7    10.0     8.4     6.3     4.5     3.6     3.2     2.6
     1.5     -.6    -3.0    -4.6    -5.0    -4.8    -4.4    -4.8    -5.7    -6.7
    -7.3    -7.3    -6.1    -4.0    -2.6    -3.2    -4.8    -5.4    -4.8    -4.1
    -3.7    -3.6    -4.0    -5.0    -6.8    -8.8    -9.9   -10.0    -9.6    -9.8
   -11.3   -13.6   -15.1   -15.6   -15.4   -14.7   -13.4   -11.0    -7.2    -2.5
     1.4     3.3     3.9     3.9     3.9
     4.9     4.9     5.1     5.7     6.8     8.1     9.1     9.8    10.3    10.6
    10.8    10.8    10.6     9.8     8.2     6.0     4.2     3.0     2.1     1.2
     -.3    -2.4    -4.6    -6.4    -6.5    -5.5    -5.4    -5.7    -6.6    -7.4
    -7.8    -7.9    -7.4    -6.5    -5.6    -5.8    -7.2    -7.4    -7.0    -5.5
    -4.9    -4.6    -5.1    -6.3    -8.1    -9.7   -10.5   -10.8   -11.2   -12.1
   -13.8   -15.1   -15.8   -15.7   -15.8   -15.6   -15.0   -13.2    -9.4    -4.2
      .3     3.0     3.8     3.9     3.9
   -11.8   -11.7   -11.5   -11.1   -10.6   -10.2    -9.9    -9.7    -9.6    -9.4
    -9.2    -8.9    -8.6    -8.5    -8.4    -8.4    -8.3    -7.9    -7.4    -7.0
    -6.7    -6.5    -6.4    -6.3    -6.3    -6.3    -6.3    -6.2    -5.8    -4.3
    -1.8      .7     2.2     2.6     2.7     2.7     2.5     1.8      .3    -1.5
    -3.0    -3.6    -3.8    -3.9    -3.9    -3.9    -3.9    -3.9    -3.9    -3.9
    -3.9    -3.7    -2.9    -1.2      .8     2.4     3.2     3.4     3.4     3.4
     3.4     3.4     3.4     3.4     3.5
   -11.7   -11.7   -11.5   -11.1   -10.6   -10.2    -9.9    -9.8    -9.8    -9.7
    -9.5    -9.2    -8.9    -8.6    -8.5    -8.3    -7.9    -7.2    -6.5    -6.3
    -6.3    -6.3    -6.3    -6.3    -6.3    -6.3    -6.3    -6.3    -5.9    -4.5
    -1.8      .9     2.3     2.7     2.7     2.7     2.6     1.9      .4    -1.6
    -3.1    -3.7    -3.9    -3.9    -3.9    -3.9    -3.9    -3.9    -3.9    -3.9
    -3.9    -3.7    -2.9    -1.3      .9     2.5     3.3     3.4     3.4     3.4
     3.4     3.4     3.5     3.5     3.5
   -11.5   -11.5   -11.4   -11.1   -10.6   -10.2   -10.0   -10.0   -10.0   -10.1
   -10.2   -10.0    -9.6    -9.1    -8.6    -7.7    -6.4    -5.0    -4.2    -4.5
    -5.4    -6.0    -6.3    -6.3    -6.3    -6.3    -6.3    -6.3    -5.9    -4.5
    -1.8      .9     2.3     2.7     2.7     2.7     2.6     1.9      .3    -1.6
    -3.1    -3.7    -3.9    -3.9    -3.9    -3.9    -4.0    -4.0    -4.0    -4.0
    -3.9    -3.7    -2.8    -1.2     1.0     2.6     3.3     3.4     3.4     3.4
     3.4     3.5     3.5     3.5     3.6
   -11.1   -10.9   -10.8   -10.7   -10.5   -10.3   -10.3   -10.1   -10.2   -10.3
   -10.6   -10.5   -10.0    -9.3    -8.2    -6.5    -4.6    -3.1    -2.6    -3.3
    -4.6    -5.7    -6.2    -6.3    -6.3    -6.3    -6.3    -6.3    -5.9    -4.5
    -1.8      .8     2.3     2.7     2.7     2.8     2.7     1.8      .2    -1.8
    -3.2    -3.8    -3.9    -3.9    -3.9    -4.0    -4.0    -4.0    -4.1    -4.1
    -3.8    -3.4    -2.5    -1.0     1.0     2.6     3.3     3.4     3.4     3.4
     3.4     3.5     3.6     3.7     3.9
   -11.4   -10.8   -10.5   -10.3   -10.3   -10.8   -11.1   -10.8   -10.1   -10.1
    -9.9    -9.7    -9.0    -8.1    -6.7    -4.9    -3.1    -2.1    -2.0    -2.6
    -3.7    -5.0    -5.9    -6.2    -6.3    -6.3    -6.3    -6.2    -5.7    -4.4
    -2.0      .5     2.0     2.5     2.7     2.8     2.6     1.5     -.3    -2.3
    -3.5    -3.9    -3.9    -3.9    -4.0    -4.0    -4.0    -4.1    -4.1    -3.9
    -3.3    -2.6    -1.8     -.6     1.2     2.7     3.4     3.4     3.3     3.3
     3.5     3.6     3.9     4.1     4.3
   -11.9   -11.1   -10.5    -9.2    -9.0   -10.1   -11.8   -11.5    -9.6    -8.2
    -7.5    -6.8    -5.9    -4.9    -3.9    -2.9    -2.1    -1.8    -1.8    -2.0
    -2.8    -3.8    -4.9    -5.6    -6.0    -6.1    -6.0    -5.7    -5.1    -4.1
    -2.3     -.4     1.0     1.7     2.1     2.4     2.0      .6    -1.3    -3.2
    -3.9    -4.1    -4.0    -4.0    -4.0    -4.0    -3.9    -4.0    -3.9    -3.3
    -2.5    -1.8    -1.0      .2     2.2     3.8     4.2     3.8     3.5     3.5
     3.7     4.0     4.3     4.6     4.8
   -14.8   -13.2   -10.1    -7.2    -5.9    -8.0   -10.2   -10.8    -8.7    -6.5
    -5.1    -4.3    -3.6    -2.8    -2.2    -1.9    -1.8    -1.8    -1.8    -1.7
    -1.8    -2.2    -2.8    -3.6    -4.3    -4.5    -4.4    -4.2    -3.9    -3.5
    -2.8    -1.7     -.5      .5     1.0     1.1      .5     -.8    -2.4    -3.6
    -3.8    -3.7    -3.7    -4.0    -4.1    -4.1    -4.0    -3.6    -3.0    -2.1
    -1.6    -1.1     -.2     1.9     5.1     7.1     7.1     5.9     4.6     4.2
     4.3     4.6     4.9     5.2     5.4
   -15.9   -12.3    -7.9    -4.5    -2.8    -4.4    -7.6    -8.0    -5.5    -3.6
    -2.9    -2.8    -2.7    -2.1    -1.5    -1.3    -1.5    -1.7    -1.7    -1.5
    -1.1     -.6     -.5     -.6     -.6     -.3     -.5    -1.0    -1.6    -2.2
    -2.4    -2.5    -1.8     -.4      .1     -.1    -1.2    -2.1    -2.6    -2.7
    -2.4    -2.1    -2.5    -3.4    -4.5    -4.3    -3.8    -2.5     -.8      .3
      .2      .0     1.2     4.4     8.6    11.6    11.8     9.6     7.3     5.7
     5.1     5.2     5.5     5.8     6.0
   -10.9    -9.7    -7.4    -5.8    -3.8    -3.2    -4.1    -2.3      .6     2.8
     1.9     -.3    -1.4    -1.3     -.7     -.5     -.8    -1.2    -1.4    -1.0
     -.3     -.1      .0      .3     1.2     2.4     2.3     1.3     -.2    -1.4
    -3.6    -5.1    -4.8    -2.8    -1.9    -2.0    -2.9    -2.6    -1.4      .1
      .9      .9     -.1    -1.6    -3.2    -3.6    -2.7      .2     4.3     5.7
     4.8     2.7     3.2     6.1     9.5    11.7    11.6    10.5     7.7     6.0
     5.4     5.4     6.0     6.4     6.4
   -10.9    -9.7    -8.9    -8.6    -7.7    -5.4    -4.2     -.4     4.1     5.6
     5.0     2.5      .7      .2      .3      .5      .2     -.4     -.9     -.6
      .1      .2     -.3      .4     1.8     4.2     4.6     3.1      .5    -3.3
    -7.1   -10.4   -10.2    -7.6    -5.6    -5.1    -4.6    -3.2     -.5     2.4
     4.0     3.5     2.5      .9     -.6    -1.4     -.2     2.4     6.6     8.2
     7.5     5.0     4.1     4.9     6.6     7.9     7.7     6.7     6.3     5.8
     5.6     5.8     6.7     7.1     7.0
   -10.1    -9.6    -9.6   -10.7   -11.3   -10.8    -6.9    -1.9     2.2     4.7
     4.6     2.8     1.7      .9      .7      .7      .6     -.7    -1.1     -.9
      .4     1.2     2.2     3.4     4.5     6.4     6.0     3.7     -.3    -6.1
   -11.8   -14.9   -13.9   -12.4   -10.2    -8.2    -6.5    -4.3    -1.2     2.7
     4.7     5.3     5.3     4.6     3.0     1.2      .6     1.8     5.3     7.2
     6.6     3.4     1.2      .3     1.0     1.9     2.5     3.1     4.7     5.7
     6.1     6.9     8.2     8.6     8.6
    -7.4    -5.8    -7.2   -10.2   -11.8   -12.0    -8.7    -4.8    -1.6      .1
      .8     1.1      .9      .3     -.7    -1.1     1.7      .1     -.6     -.1
     1.7     4.9     9.9    13.2    12.0    10.0     7.8     4.2    -1.6    -9.8
   -14.3   -16.3   -15.5   -15.2   -13.6   -11.2    -8.3    -5.1    -2.4     -.5
     1.5     3.2     6.7     8.5     7.2     3.8     1.8     1.5     2.5     3.9
     2.9      .5    -1.8    -2.8    -2.7    -1.7     -.9     1.0     3.7     5.7
     7.2     9.3    12.0    12.6     9.7
     1.2     4.6     1.3    -5.6    -9.9    -9.4    -9.3    -7.3    -5.1    -3.4
    -2.4    -2.1    -1.9    -3.3    -6.5    -7.8    -4.7    -1.2      .4     1.5
     3.2     8.4    18.8    23.5    21.3    13.8     9.4     4.9    -1.9    -8.8
   -12.9   -12.9   -14.6   -18.1   -17.5   -14.1   -10.5    -6.5    -4.1    -3.8
    -6.9    -5.8     1.1     6.7     8.2     5.7     3.1     2.6     3.3     3.2
     1.6     -.9    -3.6    -5.4    -6.0    -5.7    -4.8    -2.0     2.0     6.0
    10.0    15.0    19.2    17.1    16.2
    12.0    14.0     9.8     2.4     -.3    -4.2    -8.6   -12.3    -8.6    -6.7
    -6.4    -6.9    -7.9   -10.6   -14.5   -18.4   -13.3    -4.7     1.5     6.4
     8.7    14.3    23.2    27.6    25.3    16.2    10.5     5.5     -.5    -5.3
    -3.8      .8    -3.4   -16.0   -18.8   -15.4   -11.5    -7.6    -5.0    -6.3
   -11.1   -11.1    -7.7      .6     3.9     4.3     1.9     1.9     2.5     2.6
      .7    -2.1    -5.0    -7.9   -10.0   -11.8   -12.5    -9.1    -2.3     6.2
    15.1    23.0    29.8    29.8    26.9
    16.2    13.2     9.6     5.6     5.1     1.4    -7.1   -11.2   -12.0    -8.9
    -8.5    -9.0    -9.9   -11.7   -15.9   -21.1   -17.8    -9.3     5.1    15.1
    22.8    25.9    28.5    29.3    23.7    15.3     8.4     3.5    -3.8   -15.5
    -9.9      .2     1.1    -8.5   -14.8   -15.8   -13.5   -10.4    -8.4    -9.3
   -12.5   -13.7   -12.1    -7.5    -3.3    -2.7    -4.2    -2.5      .0      .8
     -.5    -4.2    -7.5   -10.3   -14.3   -17.4   -19.4   -14.3    -6.0     5.9
    18.4    28.3    35.2    35.2    33.6
    11.5     8.0     6.9     6.0     6.8     3.3    -1.5    -6.6    -9.1    -7.7
    -8.7    -9.5    -9.9   -11.0   -13.9   -16.4   -12.8    -4.3     6.3    17.7
    27.8    31.8    31.6    28.4    20.1    10.4     4.2      .9    -2.2   -15.6
   -15.4    -6.1     3.3    -3.3   -10.7   -15.6   -16.4   -15.1   -13.2   -12.8
   -14.4   -15.4   -14.8   -11.6    -8.7    -8.5   -11.6    -7.9    -1.9     1.8
    -1.0    -5.5    -9.4   -11.9   -16.0   -16.0   -15.5   -11.0    -4.8     5.1
    17.1    27.8    33.3    34.3    33.5
     8.2     7.3     7.1     9.0     7.1     2.7     -.2     -.2     -.3    -4.2
    -8.1   -10.0    -9.8    -9.9    -9.8    -8.3    -4.3      .8     6.7    15.1
    25.8    29.7    25.1    18.6    11.3     3.8     -.2      .1    -1.8    -7.8
   -16.4   -13.5    -3.4    -4.1   -10.7   -15.4   -17.4   -17.6   -16.7   -16.0
   -16.7   -17.0   -16.4   -12.3    -9.2    -9.3   -11.4    -9.7    -2.5      .5
    -4.8    -8.7    -9.0    -7.9    -5.5    -4.9    -3.1    -2.8     -.8     3.5
    12.0    22.2    29.4    32.6    33.2
     6.6     4.9     4.1     4.3     3.4    -1.4    -3.3      .3     1.9    -1.9
    -7.3    -9.7    -9.5    -8.9    -7.2    -4.3     -.9     1.4     3.5     7.6
    13.4    15.8    13.5    10.0    10.7     4.5     -.2    -2.3    -2.6    -4.8
    -8.1   -11.0    -9.7   -10.1   -12.9   -15.8   -17.0   -17.6   -18.3   -19.5
   -22.9   -22.1   -19.7   -15.5    -8.9    -7.1    -8.2    -8.1    -5.3    -1.8
    -7.3    -9.5    -8.5    -3.8     -.9      .4     1.3      .8      .4     1.6
     7.3    16.8    25.5    30.6    32.2
     6.1     4.1     2.4      .6     -.8    -4.5    -5.6    -1.2     2.2    -2.0
    -5.9    -7.7    -7.1    -5.5    -3.7    -1.5      .2      .7      .6      .8
     2.4     3.5     3.5     3.2     6.9     6.4     1.5    -1.8    -4.6    -5.2
    -9.5   -12.6   -10.7    -9.7   -12.9   -14.6   -13.6   -13.1   -12.5   -16.5
   -19.1   -19.1   -18.0   -15.0   -10.1    -5.7    -4.5    -5.3    -6.0    -6.1
    -8.2    -9.8    -7.9    -3.0      .0      .9     1.0      .5      .1      .7
     4.9    13.4    22.3    28.5    30.6
     7.0     5.3     3.0      .9    -1.5    -3.0    -4.3    -2.2      .0    -1.1
    -3.3    -3.9    -2.9    -1.5     -.3      .5      .8      .2     -.5    -1.5
    -1.6    -1.6    -1.4    -2.4    -2.2     2.1     3.1      .9    -2.2    -4.8
    -9.7    -8.7    -6.8    -6.8   -10.0   -12.3   -11.4   -11.0   -10.7   -11.2
   -12.3   -12.3   -12.2   -12.2   -14.7   -10.6    -4.3    -2.9    -4.8    -5.9
    -7.2    -7.6    -6.2    -3.7    -1.8     -.6     -.2     -.7     -.9     -.5
     2.6     9.6    18.2    25.1    27.6
     6.8     5.8     4.0     2.5      .8    -1.3    -3.1    -2.6     -.2     1.6
     2.3     2.0     1.2     1.1     1.1     1.1      .8      .2     -.6    -1.6
    -3.2    -3.9    -4.4    -5.8    -7.0    -2.0     2.7     2.4      .4    -3.3
    -5.2    -3.1    -3.5    -4.8    -7.4   -10.7   -11.0   -10.2   -10.2    -9.6
    -8.2    -7.5    -6.8    -7.4   -13.9   -10.7    -3.8    -1.4    -2.9    -4.2
    -5.1    -5.8    -5.7    -5.3    -3.7    -2.6    -1.6    -1.8    -1.7    -1.5
      .3     5.3    13.0    19.9    23.0
     5.5     5.6     4.4     3.1     1.3    -1.1    -3.1    -3.1     -.4     3.9
     5.8     4.7     2.7     1.6     1.4     1.2     1.0      .3     -.7    -2.3
    -4.2    -5.9    -5.9    -4.5    -3.0     -.6     1.5     3.0      .2    -3.0
    -4.5    -2.1    -3.2    -5.4    -8.1   -10.5   -10.6    -9.2   -10.4   -10.5
    -7.5    -6.8    -4.9    -2.5    -2.7    -3.4    -1.1     -.4     -.7    -1.7
    -2.5    -3.9    -4.3    -3.8    -2.9    -2.2    -1.5    -1.4    -1.4    -1.3
     -.4     2.6     8.3    14.1    17.3
     5.1     5.2     4.7     3.0      .5    -3.1    -4.7    -4.3    -1.5     1.9
     3.5     4.8     1.3      .9     1.3     1.3     1.2      .8     -.5    -2.3
    -4.7    -6.2    -5.3    -2.3    -1.4     -.4     1.2     1.7     -.7    -4.0
    -2.8    -2.8    -4.3    -7.0    -9.4    -7.8    -5.7    -7.8    -8.7    -9.5
    -7.7    -8.0    -7.7    -3.6     1.2     3.6     1.6     1.5      .9     -.1
     -.9    -1.7    -2.6    -2.3     -.3     1.1      .6      .2     -.3     -.4
     -.1     1.5     5.0     9.1    11.7
     4.7     4.5     3.8     2.6      .4    -2.8    -4.7    -4.5    -2.8    -1.2
     -.6    -2.7    -5.5    -3.5     -.6      .5      .7      .6      .0    -1.3
    -2.3    -3.4    -2.6    -1.2     -.9     -.6     -.3      .4    -1.2    -2.5
    -3.2    -2.6    -2.9    -5.5    -8.2    -6.6    -4.7    -3.3    -1.7    -1.3
    -3.2    -6.2    -8.3    -6.4    -2.8    -1.0      .7     2.3     1.6      .5
      .2      .1     -.8    -1.3     -.1      .9     1.1      .9      .7      .6
      .7     1.3     3.1     5.5     7.4
     3.8     3.6     3.2     2.5      .7    -2.2    -3.9    -3.4    -3.0    -3.5
    -4.4    -7.4    -8.8    -8.6    -7.4    -5.2    -3.7    -2.5    -1.2     -.4
     -.3     -.4     -.3     -.3     -.5      .1     1.3     1.7      .0    -2.8
    -2.7    -1.2    -1.2    -1.9    -4.2    -7.3    -5.5    -2.0     -.2      .5
      .7      .1    -3.8    -3.8    -2.7     -.8     1.3     1.9     1.1      .4
     -.1      .8      .7      .0      .5     1.4     2.3     2.6     2.5     2.0
     1.4     1.3     2.0     3.3     4.5
     3.4     3.1     2.9     2.6     1.7      .2     -.8     -.5     -.9    -2.6
    -6.0    -7.3    -8.6    -9.1    -9.0    -8.5    -7.5    -5.5    -2.1     -.4
      .0      .0      .0      .0      .2     1.1     2.2     2.3     1.2     -.1
     -.1     2.6     2.0     2.9     1.1    -5.4    -3.0    -1.9     -.4     1.1
     1.2     4.8     5.1     2.3     1.0      .6     1.8     2.3     2.8     1.5
      .4     1.1     1.5     1.9     2.7     3.6     4.4     4.6     4.1     2.9
     1.8     1.3     1.5     2.1     2.7
     3.2     3.0     2.9     2.7     1.9      .7      .2      .2      .0     -.5
    -1.7    -3.4    -4.8    -7.3    -8.2    -8.4    -7.9    -6.0    -2.2     -.4
      .0      .0      .0      .0      .2     1.2     2.3     2.5     2.0     1.8
     2.4     4.9     4.3     5.2      .9    -4.3    -4.8    -1.8     1.3     3.0
     1.3     4.0     8.1     5.6     2.8      .4     1.1     2.2     3.6     3.6
     3.2     3.0     3.3     3.8     4.8     5.4     5.7     5.4     4.5     3.1
     1.8     1.2     1.2     1.5     1.8
     3.3     3.2     3.1     2.6     1.6      .1     -.3      .1      .2      .6
     1.2     1.4     1.2      .1    -2.1    -3.6    -4.3    -3.5    -1.5     -.3
      .0      .0      .0      .0      .2      .9     1.9     2.3     2.3     2.2
     2.5     1.7    -2.9    -3.6    -2.2    -3.7    -4.5    -1.8     -.3      .8
     1.4     2.4     3.6     2.1     -.3    -1.3     -.6      .7     3.0     3.8
     4.0     4.2     4.4     4.9     5.6     5.9     5.9     5.3     4.1     2.6
     1.5     1.1     1.1     1.2     1.4
     3.4     3.4     3.2     2.7     1.5      .0     -.4     -.2      .3     1.1
     1.9     2.1     2.1     1.9     1.4      .6     -.1     -.4     -.2      .0
      .0      .0      .0      .0     -.3    -1.8    -2.1     -.1     1.5     2.4
     1.2    -1.4    -6.9    -6.9    -4.3    -2.0     -.6      .3      .2      .1
      .5     2.3      .2    -1.4    -2.3    -1.9    -1.4     -.3     1.8     3.4
     4.1     4.4     4.7     5.2     5.6     5.8     5.6     4.8     3.5     2.1
     1.3     1.0     1.0     1.1     1.2
     3.4     3.4     3.3     2.7     1.6      .3      .1      .3     1.0     1.7
     2.0     2.1     2.1     2.0     1.8     1.4      .6      .1      .0      .0
      .0      .0      .1      .3     -.6    -3.8    -5.2    -2.9     -.2     1.4
      .5    -2.6    -5.8    -5.4    -3.0     -.7     1.3     2.4     2.5     1.6
      .7     2.8      .3    -3.4    -2.6    -2.1    -1.5     -.5     1.4     3.1
     4.0     4.3     4.6     5.0     5.4     5.6     5.3     4.4     3.0     1.8
     1.2     1.0     1.0     1.1     1.1
     3.4     3.4     3.3     2.8     1.8      .7      .6      .9     1.4     1.8
     1.9     2.0     2.0     1.9     1.7     1.0      .3      .0      .0      .0
      .0      .0      .3     1.5     1.7    -1.6    -5.0    -4.3    -2.3     -.3
     -.1    -1.8    -3.7    -3.5    -2.1     -.5      .8     1.5     2.1     1.0
      .1     2.8     2.5    -2.3    -2.5    -1.6    -1.1     -.2     1.3     3.0
     3.7     3.8     3.8     4.1     4.6     5.0     4.9     4.0     2.7     1.6
     1.2     1.0     1.0     1.0     1.1
     3.4     3.4     3.3     2.9     2.1     1.1     1.1     1.3     1.6     1.9
     1.9     1.9     1.9     1.8     1.5      .7      .1      .0      .0      .0
      .0      .1      .7     2.7     3.3     1.9    -2.3    -5.1    -3.9    -2.3
    -1.4    -1.7    -2.3    -2.2    -1.6    -1.0     -.4      .4     -.5     -.9
     -.5     -.3     -.6    -1.3    -1.1     -.9     -.6      .0     1.3     2.5
     2.8     2.3     1.7     1.6     2.2     3.1     3.5     3.2     2.3     1.5
     1.1     1.0     1.0     1.0     1.0
     3.4     3.4     3.3     3.0     2.3     1.7     1.5     1.5     1.7     1.8
     1.9     1.9     1.9     1.7     1.3      .7      .3      .1      .1      .1
      .4     1.0     2.1     3.2     3.7     3.0     1.3    -1.0    -2.2    -2.1
    -1.6    -1.5    -1.7    -1.7    -1.7    -1.5    -1.3     -.7     -.8    -1.1
    -1.0     -.8     -.9     -.8     -.6     -.3     -.2      .1      .7     1.2
     1.1      .3     -.4     -.7     -.4      .2      .8     1.1     1.0     1.0
     1.0     1.0     1.0     1.0     1.0
     3.4     3.4     3.3     3.0     2.4     1.9     1.7     1.7     1.8     1.9
     1.9     1.9     1.9     1.7     1.3      .8      .5      .4      .5      .9
     1.5     2.7     4.1     4.9     4.9     4.3     2.9     1.2     -.4    -1.2
    -1.4    -1.5    -1.5    -1.9    -2.4    -3.0    -3.4    -2.7    -2.1    -1.5
    -1.4    -1.2     -.9     -.6     -.3     -.1     -.1      .0      .1      .1
     -.1     -.6    -1.2    -1.3    -1.3    -1.1     -.9     -.7     -.4      .0
      .5      .8      .9     1.0     1.0
     3.4     3.4     3.3     3.0     2.5     2.0     1.7     1.7     1.8     1.9
     1.9     1.9     1.9     1.7     1.4     1.0      .8      .9     1.2     1.8
     2.6     3.9     5.3     6.5     6.4     4.9     3.6     1.8      .1    -1.0
    -1.4    -1.5    -1.6    -2.1    -2.9    -3.7    -5.1    -5.0    -4.6    -3.2
    -2.4    -1.6    -1.1     -.7     -.3     -.1      .0      .0      .1      .1
      .1     -.4    -1.0    -1.1    -1.6    -1.5    -1.4    -1.3    -1.3     -.9
     -.4      .2      .7      .9     1.0
