diamond 2 10年11月26日08时500百帕高空观测
10 11 26 08  500 407
  1001   -8.66   70.93    9    1  539  -36   24   35   19
  1028   19.02   74.52   14    1  533  -40  4.9   60   15
  1152   14.37   67.27   13    1  524  -43    6   25   27
  1241    9.60   63.70    7    1  521  -37   20   45    3
  1415    5.63   58.88    9    1  521  -35   16  290    5
  2185   22.13   65.55   16    1  520  -38   20  105    3
  2365   17.45   62.53    6    1  520  -34   16  275    4
  2836   26.65   67.37  179    1  522  -41   13   85    8
  2963   23.50   60.82  103    1  521  -31  4.1  305    5
  3005   -1.17   60.13   84    1  523  -36   25  330   15
  3808   -5.31   50.22   88    1  538  -31  1.0  340   29
  3953  -10.24   51.93   14    1  548  -28  2.6  335   29
  4018  -22.59   63.97   38    1  563  -25   21  350   22
  4220  -52.74   68.70   47    1  559  -29   10  210   18
  4320  -18.66   76.77   12    1  553  -27   26  355   28
  4339  -21.96   70.48   66    1  558  -25   29  350   26
  4360  -37.62   65.60   52    1  567  -24   15  180    9
  6011   -6.76   62.02   39    1  531  -34   25  355   27
  6610    6.95   46.82  491    1  528  -34  4.5  210   16
  7110   -4.41   48.45  103    1  539  -29  4.0  340   33
  7510    -.69   44.83   45    1  536  -30   24  320   27
  8001   -8.41   43.37   67    1  555  -20   21  325   17
  8221   -3.54   40.45  582    1  555  -21   29  295   24
  8495   -5.34   36.15    5    1  566  -14  2.0  260   18
 10035    9.55   54.53   47    1  521  -35  3.3   50    2
 10393   14.12   52.22  112    1  524  -35  4.7  255   15
 10410    6.97   51.40  161    1  522  -38    7  300    4
 10739    9.20   48.83  311    1  526  -34  3.4  225   15
 10868   11.55   48.25  484    1  529  -33  4.6  245   16
 11035   16.37   48.25  209    1  530  -34   14  100    2
 11520   14.45   50.00  304    1  528  -34    8  255   14
 12120   17.53   54.75    2    1  522  -34  1.3  110    3
 12374   20.97   52.40   96    1  524  -34   11  250   11
 12425   16.98   51.13  116    1  526  -35  4.4  275   14
 12843   19.18   47.43  139    1  532  -33  4.8  240   16
 13275   20.42   44.77  204    1  537  -30  4.8  245   20
 15120   23.57   46.78  413    1  536  -31  2.9  230   17
 15420   26.13   44.50   91    1  545  -29  3.5  245   21
 16080    9.28   45.43  103    1  532  -32  3.1  230   14
 16320   17.95   40.65   10    1  548  -24    5  260   32
 16429   12.50   37.92   14    1  557  -19   10  270   33
 16560    9.05   39.25    3    1  552  -21  1.4  265   37
 17030   36.33   41.28    4    1  562  -21  2.4  230   25
 17062   29.08   40.97   40    1  555  -22  3.4  240   28
 17130   32.88   39.95  894    1  562  -21  2.0  255   23
 17220   27.17   38.43   25    1  561  -22    5  255   22
 17240   30.55   37.75  997    1  565  -20    5  230   26
 20046   58.05   80.62   20    1  540  -32  3.1  110   11
 20292  104.28   77.72   13    1  532  -31    8   80   14
 20674   80.40   73.50   50    1  514  -41   11   95   23
 20744   52.73   72.38   16    1  522  -42  2.2   25   10
 20891  102.47   71.98   33    1  515  -41    5  105   22
 21432  137.90   76.00   22    1  521  -36  2.4   25   12
 21824  128.92   71.58    8    1  518  -36  1.3   80   14
 21946  147.88   70.62   48    1  512  -37  1.2   30    7
 22113   33.05   68.97  120    1  523  -42    5   80    7
 22217   32.43   67.13   26    1  521  -41   10   95    6
 22271   44.13   67.88   16    1  522  -41    9   65    4
 22522   34.78   64.98   10    1  519  -35  3.9  250    5
 22550   40.50   64.58   13    1  523  -33  1.4  215    4
 22820   34.27   61.82  110    1  521  -28   .6  140    4
 22845   38.93   61.50  121    1  523  -30    6  215   10
 23205   53.02   67.65    7    1  522  -41    6  355    6
 23330   66.53   66.53   21    1  513  -43  3.2  335   14
 23418   57.10   65.12   67    1  519  -38   15  295   10
 23472   87.95   65.78   32    1  508  -47  4.1  225    7
 23804   50.85   61.67  121    1  528  -28  1.7  255   12
 23884   90.00   61.60   63    1  510  -44  2.5  355    5
 23921   60.43   60.68   86    1  532  -29  1.6  275   19
 23955   77.87   60.43   47    1  517  -38   13  300   31
 24125  112.43   68.50  203    1  500  -44  1.1  110   12
 24266  133.38   67.55  137    1  508  -42  2.2   90    3
 24343  123.40   66.77   78    1  508  -45  1.4   70    4
 24507  100.07   64.17  186    1  507  -43    7   50    3
 24641  121.62   63.77  118    1  509  -46  2.9  205    5
 24688  143.15   63.27  742    1  511  -38   16  240   13
 24726  113.87   62.53  357    1  509  -43    5  275    5
 24908  102.27   60.33  260    1  504  -45  1.8   55   12
 24944  120.42   60.40  134    1  509  -44  4.9  225    5
 24959  129.75   62.08  103    1  509  -44    8  180    3
 25400  150.90   65.73   43    1  510  -38   15  245   16
 25703  152.42   62.92  207    1  519  -35  3.4  220   18
 25913  150.78   59.58  118    1  523  -37  1.7  210   21
 26038   24.58   59.38   34    1  522  -30   10  290    6
 26063   30.30   59.97   74    1  522  -27  3.0   70    3
 26298   34.05   57.90  188    1  521  -30  2.2  215   11
 26477   30.60   56.38  111    1  522  -30  3.5  280   15
 26781   32.07   54.75  241    1  525  -30  3.0  260    9
 27037   39.87   59.28  127    1  522  -30  1.7  180   13
 27199   49.63   58.60  158    1  531  -29    6  225   14
 27459   44.00   56.27  157    1 9999 9999 9999 9999 9999
 27595   49.18   55.78  117    1  540  -25  2.6  225   21
 27612   37.57   55.75  191    1  522  -31   10  240   11
 27707   35.33   54.12  237    1  526  -28    6  245   18
 27730   39.70   54.63  158    1  528  -32  1.5  245   19
 27962   45.02   53.13  174    1  537  -26  2.3  215   17
 27995   49.43   52.98 9999    1  545  -24  4.2  215   24
 28275   68.18   58.15   54    1  536  -28  2.1  270   26
 28445   61.07   56.73  290    1  541  -28  1.7  275   21
 28698   73.40   54.93   94    1  544  -26   .1  275   28
 28952   63.62   53.22  171    1  551  -26    6  280   20
 29231   82.90   58.30   76    1  520  -41   12  300   43
 29263   92.15   58.45   78    1  510  -45  3.3  320    5
 29282   97.40   58.42  134    1  506  -46  2.5  355    8
 29612   78.40   55.37  120    1  541  -27   .3  285   34
 29634   82.90   55.03  152    1  537  -30  2.3  295   39
 29698   99.03   54.88  410    1  511  -47  3.1  300   20
 29862   91.32   53.77  256    1  525  -33  4.6  305   51
 30054  112.58   59.45  193    1  507  -45  1.7  160    6
 30230  108.12   57.77  258    1  502  -46  2.9  235    7
 30309  101.83   56.07  326    1  505  -47  1.2  290   19
 30372  118.37   56.92  711    1  508  -42  2.7  240    3
 30554  113.58   54.47  995    1  512  -45  3.0  260    8
 30635  108.98   53.43  470    1  512  -47  2.7  265   14
 30673  119.78   53.73  619    1  511  -42  1.1  275    9
 30758  113.33   52.02  671    1  517  -40  4.4  265   18
 30935  108.75   50.37  770    1  518  -41  1.4  265   12
 30965  116.52   50.38  684    1  521  -39  3.3  270   10
 31004  125.37   58.62  682    1  510  -41    8  310    1
 31088  143.20   59.37    6    1  517  -40    6  240   15
 31168  138.15   56.45    9    1  517  -41   .9  200    6
 31369  140.70   53.15   47    1  522  -36    9  210   22
 31510  127.50   50.27  137    1  515  -38   16  300   16
 31538  132.13   50.07  314    1  516  -40  4.2  265    6
 31736  135.23   48.53   72    1  519  -39    5  210   15
 31873  133.73   45.87  107    1  521  -39    6  285   15
 31977  132.05   43.27   82    1  531  -30   20  275   27
 32061  142.17   50.90   31    1  528  -35   .7  195   24
 32098  143.10   49.22    4    1 9999 9999 9999 9999 9999
 32150  142.73   46.92   21    1  536  -30  1.2  200   27
 32215  156.13   50.68   23    1  543  -30   11  265   17
 32389  160.83   56.32   28    1  533  -29  2.7  265    6
 32540  158.75   52.97   83    1  538  -29   16  295   12
 33393   23.95   49.82  325    1  530  -32  2.1  245   15
 33837   30.63   46.48   41    1  541  -30    6  250   17
 34009   36.18   51.65  245    1  532  -28   11  260   18
 34122   39.17   51.70   99    1  533  -29    9  245   19
 34172   46.03   51.57  168    1  540  -27  1.3  205   21
 34247   41.05   50.42   93    1  539  -30    6  240   21
 34300   36.28   49.93  152    1  537  -29   11  255   17
 34560   44.35   48.68  145    1  546  -24   16  250   40
 34731   39.82   47.25   77    1  544  -25   14  245   41
 34858   43.35   45.92   87    1  555  -20   14  245   32
 34880   48.03   46.27  -16    1  560  -20    9  250   22
 35121   55.10   51.75  113    1  552  -24    5  240   18
 35229   57.15   50.28  227    1  557  -21    8  255   18
 35394   73.13   49.80  555    1  560  -23   11  275   18
 35671   67.72   47.80  345    1  563  -21   13  275    7
 35700   51.85   47.02 9999    1  559  -20   11  260   21
 36003   76.95   52.28  146    1  553  -23  2.8  285   32
 36096   94.50   51.72  628    1  527  -33  4.9  310   51
 36870   76.93   43.23  847    1  566  -22   12  245    4
 37018   39.07   44.10 9999    1  556  -23    5  235   33
 37054   43.10   44.22  314    1  561  -20    8  245   24
 38341   71.38   42.85  642    1  564  -23  2.1  140    9
 40179   34.82   32.00   30    1  577  -17   11  245   11
 40582   47.98   29.22   55    1  581  -14   19  250    8
 40745   59.63   36.27  980    1  574  -17   19  310   10
 40848   52.58   29.53 1491    1  580  -15   36  255    8
 41217   54.65   24.43   27    1  582  -11   24  290   11
 41256   58.28   23.58   15    1  582  -12   31  300   14
 41923   90.38   23.77    9    1  582   -3   23  270   13
 42182   77.20   28.58  216    1  580   -7   45  250   22
 42314   95.02   27.48  111    1  576   -4 9999 9999 9999
 42361   78.25   26.23  207    1 9999 9999 9999 9999 9999
 42397   88.37   26.67  123    1  579   -4   30 9999 9999
 42647   72.63   23.07   55    1  581   -6 9999 9999 9999
 42809   88.45   22.65    6    1  580   -6   17  275    9
 42867   79.05   21.10  310    1  581   -9   31  230    5
 42971   85.83   20.25   46    1  584   -5   27  240    6
 43003   72.85   19.12   14    1  586   -5  1.7 9999 9999
 43128   78.47   17.45  545    1  585   -5   23  110    8
 43150   83.30   17.70   66    1  587   -5   21  135    7
 43185   81.15   16.20    3    1  583   -8   26  115    5
 43192   73.82   15.48   60    1  583   -6   23 9999 9999
 44231  100.17   49.63 1288    1  527  -36   25  305   46
 44292  106.98   47.93 1338    1  524  -39    9  290   20
 47058  125.78   39.03   38    1  542  -29    6 9999 9999
 47122  127.03   37.10   52    1  546  -28  3.2  270   17
 47138  129.38   36.03    6    1  549  -26   11  265   22
 47158  126.82   35.12   13    1  549  -26    6  270   25
 47401  141.68   45.42   11    1  537  -30   10  215   32
 47412  141.33   43.05   19    1  542  -28   18  215   37
 47580  141.38   40.70   39    1  548  -25   17  210   35
 47582  140.10   39.72   10    1  549  -25   25  220   31
 47600  136.90   37.38   14    1  550  -25   34  235   24
 47646  140.13   36.05   31    1  560  -19  3.1  230   34
 47678  139.78   33.10   80    1  567  -16  2.9  240   26
 47681  137.70   34.75   48    1  559  -18   44  240   35
 47778  135.77   33.45   75    1  561  -17   36  240   35
 47807  130.38   33.58   14    1  557  -23   23  275   27
 47827  130.55   31.57    5    1  563  -19   31  265   24
 47909  129.50   28.38    7    1  568  -18   44  265   22
 47918  124.17   24.33    7    1  574  -16   25  315   26
 47945  131.23   25.83   15    1  574  -12   19  245   34
 47971  142.18   27.08    8    1  581   -6    8  250   20
 47991  153.97   24.30    9    1  588   -7   11  235    5
 48327   98.98   18.78  314    1  586   -3   32  340    9
 48820  105.80   21.02    6    1  583   -2   35  295    7
 48855  108.18   16.03    7    1  586   -2   49   95    5
 48900  106.67   10.82   19    1  586   -5  4.6   85   13
 50527  119.75   49.22  611    1  522  -36  4.7  275   16
 50557  125.23   49.17  243    1  521  -36   16  300   17
 50745  123.92   47.38  148    1  526  -35  3.9  290   16
 50774  128.90   47.72  250    1  520  -39   29  290   16
 50834  121.23   46.61  500    1  528  -32    5  280   21
 50953  126.77   45.75  143    1  527  -33   34  305   21
 51076   88.08   47.73  737    1  555  -23  4.7  305   28
 51133   83.00   46.73  535    1  562  -23    7  300   17
 51243   84.85   45.60  428    1  564  -23   15  300   14
 51288   90.53   45.37 1651    1  560  -22   18  305   25
 51431   81.33   43.95  663    1  567  -23    5  280   12
 51463   87.62   43.78  919    1  564  -22   37  310    9
 51628   80.23   41.16 1105    1  569  -22  4.1  235    5
 51644   82.95   41.72 1100    1  569  -21   25  320    6
 51656   86.13   41.75  933    1  567  -21   34  320   11
 51709   75.98   39.47 1291    1  567  -20    8  195    9
 51777   88.17   39.03  889    1  569  -19   28  280   12
 51828   79.93   37.13 1375    1  569  -16   10  230   12
 51839   82.71   37.06 1410    1  570  -14   23  220    8
 51886   90.85   38.25 2945    1  570  -19   21  270   11
 52203   93.52   42.82  739    1  562  -22   27  300   19
 52267  101.07   41.95  941    1  557  -24   11  300   21
 52323   97.03   41.80 1770    1  563  -22   37  295   19
 52418   94.68   40.15 1140    1  567  -22   29  290   15
 52495  104.50   40.75 1329    1  557  -23   16  305   30
 52533   98.48   39.77 1478    1  565  -23   35  305   13
 52652  100.43   38.93 1483    1  565  -24   20  305   17
 52681  103.08   38.63 1367    1  563  -22   28  310   20
 52818   94.90   36.42 2809    1  571  -18   19  280   12
 52836   98.10   36.30 3192    1  570  -20   19  305   16
 52866  101.77   36.62 2262    1  566  -22   23  315   18
 52983  104.15   35.86 1875    1  566  -23   17  315   17
 53068  112.00   43.65  966    1  535  -29  2.9  275   25
 53336  108.52   41.57 1290    1  547  -26   24  290   32
 53463  111.68   40.82 1065    1  547  -26   18  285   29
 53513  107.40   40.77 1041    1  551  -24   36  310   19
 53543  109.98   39.83 1459    1  552  -25   16  300   34
 53614  106.22   38.48 1112    1  560  -23   19  315   25
 53772  112.55   37.78  779    1  554  -27   12  295   28
 53798  114.50   37.07   78    1  556  -26    6  295   24
 53845  109.50   36.60  959    1  560  -24   10  305   29
 53915  106.67   35.55 1348    1  566  -23   18  305   18
 54102  116.07   43.95  991    1  537  -29  4.1  275   26
 54135  122.27   43.60  180    1  537  -30   14  285   20
 54161  125.22   43.90  238    1  533  -31   34  300   19
 54218  118.97   42.27  572    1  541  -28    9  285   23
 54292  129.47   42.88  178    1  532  -32   23  280   23
 54337  121.12   41.13   70    1  542  -28   35  310   23
 54342  123.43   41.77   43    1  539  -29   28  300   18
 54374  126.92   41.72  333    1  537  -31   13  285   21
 54401  114.88   40.78  726    1  546  -26   18  275   22
 54497  124.33   40.05   14    1  543  -29   14  315   14
 54511  116.47   39.80   55    1  547  -27   25  280   19
 54539  118.90   39.43   12    1  548  -27   22  295   21
 54662  121.63   38.90   97    1  546  -27   23  315   23
 54727  117.56   36.73   69    1  554  -25   35  285   16
 54778  122.38   37.16   40    1  548  -26   35  315   26
 54857  120.33   36.07   77    1  553  -25   36  300   21
 55299   92.07   31.48 4508    1  577   -7   31  270   23
 55591   91.13   29.67 3650    1  581   -5   41  290   10
 55664   87.08   28.63 4302    1  580   -6   37  275    9
 56004   92.43   34.22 4535    1  573  -13   24  255    7
 56029   97.02   33.02 3682    1  574  -12   29  300    8
 56046   99.65   33.75 3968    1  573  -16   20  300   12
 56080  102.90   35.00 2910    1  569  -22   19  305   16
 56096  104.92   33.40 1079    1  571  -20   27  305   21
 56137   97.17   31.15 3307    1  577   -7   22  270   15
 56146  100.00   31.62 3394    1  576  -13   13  265    5
 56173  102.55   32.80 3493    1  573  -17   24  310   12
 56187  103.83   30.70  541    1  574  -15  3.0  285   10
 56247   99.10   30.00 2589    1  577   -5   12 9999 9999
 56312   94.47   29.57 3001    1  577   -5   33  285   13
 56492  104.60   28.80  342    1  575  -10   11  275   19
 56571  102.27   27.90 1599    1  577   -7   22  285   19
 56651  100.47   26.83 2394    1  580   -3   27  280   11
 56691  104.28   26.87 2236    1  577   -8   41  305   24
 56739   98.48   25.12 1649    1  580   -3   43  280   21
 56778  102.68   25.02 1892    1  580   -7   42  280   10
 56964  100.98   22.77 1303    1  583   -4   38  295   15
 56985  103.38   23.38 1302    1  581   -3   19  300   13
 57083  113.65   34.72  111    1  561  -24   17  310   29
 57127  107.03   33.07  509    1  570  -20   26  300   22
 57131  108.93   34.40  398    1  567  -23   11  305   19
 57178  112.58   33.03  131    1  566  -23   18  305   22
 57245  109.03   32.72  291    1  569  -20   15  310   23
 57328  107.50   31.20  311    1  572  -16   20  290   21
 57447  109.47   30.28  458    1  572  -15   12  280   19
 57461  111.30   30.70  134    1  571  -17   13  290   19
 57494  114.13   30.62   23    1  569  -20   25  295   21
 57516  106.48   29.52  265    1  574  -13  3.0  275   12
 57679  113.08   28.20   46    1  574  -14  1.4  270   17
 57749  110.00   27.56  261    1  576  -10   27  285   18
 57816  106.72   26.58 1074    1  577   -7   20  295   25
 57957  110.30   25.33  166    1  578  -12   16  300   21
 57972  113.03   25.80  185    1  577   -9   26  310   22
 57993  114.95   25.85  125    1  577  -12   16  270   21
 58027  117.15   34.28   42    1  559  -24   12  295   24
 58150  120.25   33.77    7    1  560  -23   16 9999 9999
 58203  115.83   32.93   39    1  563  -23   16  300   22
 58238  118.80   32.00   12    1  564  -21   25  285   23
 58362  121.46   31.41    5    1  564  -22   27  280   23
 58424  117.05   30.53   20    1  567  -20   14  285   25
 58457  120.17   30.23   43    1  566  -20   10  285   25
 58606  115.92   28.60   50    1  573  -16   20  290   23
 58633  118.87   28.97   71    1  570  -19  2.0  275   26
 58665  122.25   28.63    2    1  570  -19   15  300   24
 58725  117.43   27.33  192    1  573  -17  2.2  290   24
 58847  119.28   26.08   85    1  576  -14    9  285   29
 58968  121.52   25.03    9    1  575  -14   19  305   27
 59023  108.05   24.70  214    1  579   -9   23  305   22
 59134  118.08   24.48  139    1  578  -12   30  280   23
 59211  106.60   23.90  242    1  580   -5   19  295   15
 59265  111.30   23.48  120    1  582   -7   42  290   19
 59280  113.05   23.66   19    1  580   -8   41  275   23
 59293  114.68   23.73   41    1  580  -10   26  270   22
 59316  116.68   23.40    3    1  581  -11   40  275   17
 59362  121.62   24.02   14    1  576  -14   25  310   15
 59431  108.35   22.82   73    1  580   -5   25  310   13
 59644  109.10   21.48   16    1  584   -4   34  295   12
 59663  111.97   21.87   22    1  583   -6   28  285   17
 59758  110.35   20.03   15    1  584   -4   43  300   11
 59792  116.72   20.67    6    1  583   -9   16  280   13
 59948  109.52   18.23    7    1  585   -3   34  300    8
 59981  112.33   16.83    5    1  586   -2   43  280    0
 70026 -156.77   71.30    4    1  515  -33  1.1  235    9
 70133 -162.62   66.87    5    1  518  -32   11  315    5
 70200 -165.42   64.50    7    1  522  -34    6  255    8
 70231 -155.61   62.97  103    1  518  -35   13  275    3
 70261 -147.86   64.82  138    1  520  -35    7  260    8
 70273 -150.01   61.17   40    1  521  -34  4.2  160    7
 70308 -170.21   57.15    9    1  551  -24    7  285   29
 70316 -162.71   55.20   31    1  548  -24   12  320   35
 70326 -156.64   58.68   15    1  525  -32    6  315   27
 70350 -152.49   57.75    3    1  522  -30   16  310   20
 70361 -139.66   59.52    9    1  522  -32   15  130    4
 70398 -131.56   55.03   34    1  528  -27  2.9  180   15
 71043 -126.79   65.28   74    1  522  -30    7 9999 9999
 71081  -81.24   68.78    8    1  541  -33    8 9999 9999
 71082  -62.32   82.50   66    1  548  -29    8  245   12
 71109 -127.36   50.68   22    1  543  -25  2.6  240   35
 71119 -114.09   53.55  766    1  538  -25   15 9999 9999
 71600  -60.01   43.93    4    1  539  -26   18  315   22
 71811  -66.26   50.22   55    1  539  -29   14  315   14
 71815  -58.54   48.53   60    1  532  -30   21 9999 9999
 71816  -60.41   53.32   49    1  535  -26    6   60    7
 71836  -80.64   51.27   10    1  536  -25  1.4  200   23
 71867 -101.09   53.97  271    1  527  -27   13  350   15
 71906  -68.41   58.10   37    1  544  -30    7 9999 9999
 71907  -78.11   58.45    6    1  539  -32  1.4  155   14
 71909  -68.52   63.75   34    1  549  -30  4.5  135    9
 71913  -94.06   58.75   29    1  527  -31  1.2 9999 9999
 71915  -83.36   64.20   67    1  539  -32    8 9999 9999
 71917  -85.92   79.98   10    1  539  -33   17  190   26
 71924  -94.97   74.72   42    1  528  -36  3.1  160   31
 71925 -105.11   69.10   27    1  500  -39   20  140   10
 71926  -96.07   64.30   18    1  518  -36   18  190   35
 71934 -111.94   60.02  203    1  524  -24  2.2  270    5
 71945 -122.57   58.83  382    1  528  -29   11 9999 9999
 71957 -133.47   68.30   68    1  519  -30  2.6  275    5
 71964 -135.06   60.72  703    1  524  -31   18  175    6
 72201  -81.74   24.55    6    1  589   -6   48  200    2
 72208  -80.02   32.90   15    1  582   -9   21  250   22
 72235  -90.07   32.32  101    1  577  -10   21  225   29
 72240  -93.21   30.12   10    1  579   -7   48  235   24
 72250  -97.42   25.90    6    1  582   -4   49  235   16
 72261 -100.91   29.37  313    1  573   -9   30  245   36
 72265 -102.17   31.95  872    1  563  -18   21  250   43
 72317  -79.94   36.08  270    1  576  -11   42  240   25
 72327  -86.67   36.12  180    1  569  -10 9999  240   35
 72340  -92.24   34.83  165    1  572   -9  1.2  225   31
 72363 -101.69   35.23 1099    1  554  -23   19  260   26
 72365 -106.61   35.05 1620    1  556  -24   41  360   21
 72402  -75.47   37.85    3    1  573  -12   21  265   29
 72403  -77.44   38.95   98    1  570  -12   22  255   35
 72456  -95.61   39.07  270    1  546  -23  4.3  250   39
 72469 -104.86   39.75 1625    1  551  -25   31  320   18
 72476 -108.52   39.12 1475    1  558  -20   15  360   21
 72520  -80.21   40.50  373    1  563  -13  2.7  250   39
 72528  -78.72   42.93  215    1  558  -15  2.0  250   32
 72562 -100.67   41.13  849    1  545  -28   21  300   20
 72572 -111.96   40.78 1288    1  562  -20    9  350   17
 72597 -122.86   42.37  405    1  568  -18   18  285   18
 72645  -88.12   44.48  214    1  526  -20   13  225   64
 72662 -103.06   44.05  966    1  543  -24    9  345   29
 72681 -116.21   43.57  874    1  562  -20  3.0  295   19
 72694 -122.99   44.92   61    1  562  -21  3.0  275   27
 72712  -68.01   46.87  190    1  546  -22   36  310   29
 72747  -93.37   48.57  361    1  509  -40    9  345   21
 72764 -100.74   46.77  506    1  532  -28   19  330   24
 72768 -106.61   48.22  700    1  542  -22  3.0  315   26
 72797 -124.54   47.95   62    1  553  -21    8  265   34
 74494  -69.96   41.67   16    1  561  -17  3.3  295   22
 76644  -89.64   20.98    9    1  587   -5   49  160   14
 76679  -99.07   19.43 2234    1  585   -5   49  290    2
 78016  -64.67   32.37   28    1  577  -10   20  305   33
 78526  -65.99   18.43    4    1 9999 9999 9999 9999 9999
 81405  -52.36    4.83    9    1  587   -4   25   55    2
 91165 -159.34   21.98   45    1  585   -9   17   55    9
 91285 -155.06   19.72   11    1  581   -9   47   25   15
 91334  151.85    7.47    2    1  587   -4   11   90   54
 91348  158.22    6.97   46    1  586   -5   19   60   13
 91376  171.38    7.08    3    1  584   -7  1.1   85    2
 91408  134.48    7.33   33    1  585 9999 9999   85   16
 91413  138.08    9.48   17    1  587   -5    8  105   11
 98223  120.53   18.18    5    1  585   -6    9  245   16
 98646  123.97   10.30    9    1  588   -5  4.8 9999 9999
