diamond 2 10年11月29日20时500百帕高空观测
10 11 29 20  500 400
  1001   -8.66   70.93    9    1  553  -24   10   10    6
  1028   19.02   74.52   14    1  538  -31   16   10   15
  1152   14.37   67.27   13    1  541  -35   16    5   11
  1241    9.60   63.70    7    1  540  -35   20   55   20
  1415    5.63   58.88    9    1  533  -38   10   45   11
  2365   17.45   62.53    6    1  531  -39   10   50   15
  2836   26.65   67.37  179    1  534  -38  2.9   30   14
  2963   23.50   60.82  103    1  527  -39    6   75    7
  3005   -1.17   60.13   84    1  536  -36   14   85   15
  3808   -5.31   50.22   88    1  529  -37  3.4  135   12
  3953  -10.24   51.93   14    1  529  -40    5  115   11
  4018  -22.59   63.97   38    1  562  -23  2.0  360   19
  4220  -52.74   68.70   47    1  544  -27    8  185   28
  6011   -6.76   62.02   39    1  542  -33   12   60   17
  6610    6.95   46.82  491    1  527  -37   15  280   25
  7110   -4.41   48.45  103    1  528  -36    7  300   12
  7510    -.69   44.83   45    1  533  -33   15  265    9
  8001   -8.41   43.37   67    1  532  -31    7  245   19
  8221   -3.54   40.45  582    1  541  -19  2.6  225   39
  8495   -5.34   36.15    5    1 9999 9999 9999 9999 9999
  8579   -9.12   38.77  105    1  542  -18   44  250   38
 10035    9.55   54.53   47    1  529  -35   12  245    6
 10393   14.12   52.22  112    1  529  -31  2.3   70    7
 10410    6.97   51.40  161    1  528  -35  3.1  125    6
 10739    9.20   48.83  311    1  527  -33  3.4  115    8
 11035   16.37   48.25  209    1  529  -30  2.6  260   18
 11520   14.45   50.00  304    1  527  -29  3.6  270    6
 12120   17.53   54.75    2    1  530  -29  4.0  300    2
 12374   20.97   52.40   96    1  531  -22  1.9  155   16
 12425   16.98   51.13  116    1  528  -25  1.6  135    1
 12843   19.18   47.43  139    1  533  -26   27  230   23
 13275   20.42   44.77  204    1  542  -26   19  235   30
 15420   26.13   44.50   91    1  555  -19    8  230   29
 15614   23.38   42.65  595    1  556  -20   .9  235   38
 16080    9.28   45.43  103    1  531  -31   22  265   31
 16320   17.95   40.65   10    1  559  -19   11  260   33
 16429   12.50   37.92   14    1  565  -14    9  255   33
 16560    9.05   39.25    3    1  558  -17  4.4  255   37
 17030   36.33   41.28    4    1  573  -19  2.9  260   18
 17062   29.08   40.97   40    1  566  -19   20  245   28
 17130   32.88   39.95  894    1  573  -18    6  255   25
 17220   27.17   38.43   25    1  573  -14   12 9999 9999
 17240   30.55   37.75  997    1  577  -16   16  255   21
 20046   58.05   80.62   20    1  524  -32    6  320   11
 20674   80.40   73.50   50    1  512  -43    6   55   11
 20744   52.73   72.38   16    1  523  -40  4.8   40   13
 20891  102.47   71.98   33    1  512  -42  1.4  155    3
 21824  128.92   71.58    8    1  510  -45  2.2  350    4
 21946  147.88   70.62   48    1  508  -45  1.5  235    6
 22113   33.05   68.97  120    1  530  -39  2.7   25   13
 22217   32.43   67.13   26    1  528  -40  1.9   40   21
 22271   44.13   67.88   16    1  519  -41    5   25   11
 22522   34.78   64.98   10    1  523  -40  4.2   45   13
 22550   40.50   64.58   13    1  519  -36   .1   55    6
 22820   34.27   61.82  110    1  520  -38    7   15   10
 22845   38.93   61.50  121    1  514  -40  3.9   30   10
 23205   53.02   67.65    7    1  518  -39   13   30    5
 23330   66.53   66.53   21    1  518  -37  2.2  295    4
 23418   57.10   65.12   67    1  518  -37  2.2  280   11
 23804   50.85   61.67  121    1  520  -36  1.1  150    6
 23884   90.00   61.60   63    1  519  -37   12  320    5
 23921   60.43   60.68   86    1  520  -34  2.6   95    7
 23955   77.87   60.43   47    1  519  -32   11  205    3
 24125  112.43   68.50  203    1  511  -43  2.8  310    6
 24266  133.38   67.55  137    1  509  -45  3.9  345    1
 24343  123.40   66.77   78    1  508  -45  1.2   10    4
 24507  100.07   64.17  186    1  511  -42   10   55    3
 24641  121.62   63.77  118    1  511  -44  3.8  325    4
 24688  143.15   63.27  742    1  518  -37   10  235   18
 24726  113.87   62.53  357    1  513  -46    7  225    4
 24908  102.27   60.33  260    1  511  -43    5   20    8
 24944  120.42   60.40  134    1  514  -43    8  180    2
 24959  129.75   62.08  103    1  512  -41    9  240   16
 25400  150.90   65.73   43    1  515  -36   16  250   25
 25703  152.42   62.92  207    1  523  -33   10  240   11
 25913  150.78   59.58  118    1  522  -34   19  105   23
 26063   30.30   59.97   74    1  524  -35   13  315   14
 26298   34.05   57.90  188    1  526  -34   11  285   21
 26477   30.60   56.38  111    1  532  -26   13  280   27
 26781   32.07   54.75  241    1  538  -24  2.2  245   25
 27037   39.87   59.28  127    1  514  -40   10  300   23
 27199   49.63   58.60  158    1  518  -34   15  255   13
 27459   44.00   56.27  157    1  525  -34   14  275   32
 27595   49.18   55.78  117    1  529  -33   10  280   27
 27612   37.57   55.75  191    1  531  -26   12  275   41
 27707   35.33   54.12  237    1  540  -22   .8  250   36
 27730   39.70   54.63  158    1  537  -24  4.9  275   38
 27962   45.02   53.13  174    1  539  -24    7  285   41
 27995   49.43   52.98 9999    1  537  -29   14  295   34
 28275   68.18   58.15   54    1  515  -30  2.4   85    7
 28445   61.07   56.73  290    1  515  -32  2.0  345   10
 28661   65.40   55.47   79    1  513  -32    6  295    7
 28698   73.40   54.93   94    1  515  -32   17  240   20
 28952   63.62   53.22  171    1  518  -37  3.4  310   26
 29231   82.90   58.30   76    1  523  -29  2.7  235   15
 29263   92.15   58.45   78    1  523  -30   14  300   28
 29282   97.40   58.42  134    1  516  -36   15  310   23
 29612   78.40   55.37  120    1  523  -28   14  230   38
 29634   82.90   55.03  152    1  536  -23  3.4  245   30
 29698   99.03   54.88  410    1  524  -33   12  300   36
 29862   91.32   53.77  256    1  537  -26   13  295   34
 30054  112.58   59.45  193    1  508  -45  2.4  135    6
 30230  108.12   57.77  258    1  506  -44    7  325    3
 30309  101.83   56.07  326    1  515  -37   16  305   25
 30372  118.37   56.92  711    1  508  -43    8  140   10
 30554  113.58   54.47  995    1  510  -41    8  295   24
 30635  108.98   53.43  470    1  517  -39  1.7  285   25
 30673  119.78   53.73  619    1  508  -43    6  240    5
 30758  113.33   52.02  671    1  517  -38  2.6  295   31
 30935  108.75   50.37  770    1  529  -33  1.2  295   29
 30965  116.52   50.38  684    1  521  -37  3.3  300   27
 31004  125.37   58.62  682    1  514  -41   11  140    2
 31088  143.20   59.37    6    1  519  -36   12   95   14
 31168  138.15   56.45    9    1  514  -39   14   70   14
 31300  127.23   53.75  232    1  512  -40  3.7  130    3
 31369  140.70   53.15   47    1  508  -41  3.1   45   17
 31510  127.50   50.27  137    1  513  -41  1.9  290    8
 31538  132.13   50.07  314    1  514  -40  3.8  290    9
 31736  135.23   48.53   72    1  513  -42  3.9  325    9
 31873  133.73   45.87  107    1  516  -40    8  305   16
 31977  132.05   43.27   82    1  529  -34    5  285   36
 32061  142.17   50.90   31    1  503  -42   .8  335   19
 32098  143.10   49.22    4    1  504  -42  4.7  280   10
 32150  142.73   46.92   21    1  508  -42  4.6  275   13
 32215  156.13   50.68   23    1  519  -37   15  225   32
 32389  160.83   56.32   28    1  528  -33  3.7  185   15
 32540  158.75   52.97   83    1  522  -32    6  200   34
 34009   36.18   51.65  245    1  547  -20   .7  250   23
 34122   39.17   51.70   99    1  549  -21  1.9  260   25
 34172   46.03   51.57  168    1  546  -22  2.7  285   40
 34247   41.05   50.42   93    1  552  -24  1.8  260   24
 34560   44.35   48.68  145    1  557  -23  2.2  270   25
 34731   39.82   47.25   77    1  559  -21  1.1  255   24
 34858   43.35   45.92   87    1  560  -18   12  280   19
 34880   48.03   46.27  -16    1  562  -21    6  265   18
 35121   55.10   51.75  113    1  536  -35    7  290   28
 35229   57.15   50.28  227    1  538  -33    8  290   31
 35394   73.13   49.80  555    1  536  -25   21  235   52
 35671   67.72   47.80  345    1  538  -30   12  260   32
 35700   51.85   47.02 9999    1  560  -19    9  285   29
 36003   76.95   52.28  146    1  536  -23  2.5  230   44
 36096   94.50   51.72  628    1  545  -21   .2  270   30
 36870   76.93   43.23  847    1  566  -22    6  265   17
 37018   39.07   44.10 9999    1  568  -17  4.5  270   21
 37054   43.10   44.22  314    1  568  -19  2.9  280   25
 38341   71.38   42.85  642    1  569  -19    9  270   23
 40179   34.82   32.00   30    1  582  -13   21  235    6
 40582   47.98   29.22   55    1  582  -15   20   80    3
 40745   59.63   36.27  980    1  577  -16   22  265   14
 40754   51.35   35.68 1191    1  575  -16 9999  260   15
 40766   47.12   34.27 1322    1  580  -15   28  290   10
 40800   51.67   32.62 1590    1  581  -16   22  290   10
 40841   56.97   30.25 1754    1  581  -14   46   10    9
 41217   54.65   24.43   27    1  581  -13   27  260   11
 42182   77.20   28.58  216    1  576  -16   23  270   15
 42809   88.45   22.65    6    1  578   -9   17  265   18
 42971   85.83   20.25   46    1  582   -8   15  320   11
 43003   72.85   19.12   14    1  582   -5   25  270    4
 43150   83.30   17.70   66    1  585   -4   28 9999 9999
 43185   81.15   16.20    3    1  583   -6   28  130    5
 43333   92.72   11.67   79    1  588   -5   12   80    8
 43346   79.83   10.92    7    1  584   -5  2.8  135   10
 43371   76.95    8.48   64    1  581   -4    6 9999 9999
 44212   92.08   49.80  936    1  551  -22    7  305   28
 44292  106.98   47.93 1338    1  540  -29    6  305   30
 45004  114.17   22.32   66    1  585   -5   16  255   15
 47122  127.03   37.10   52    1  555  -24   12  270   31
 47138  129.38   36.03    6    1  559  -24   12  270   29
 47158  126.82   35.12   13    1  563  -22   21  265   23
 47401  141.68   45.42   11    1  511  -41 9999  270   21
 47412  141.33   43.05   19    1  519  -38   18  270   29
 47580  141.38   40.70   39    1  527  -32   18  275   42
 47582  140.10   39.72   10    1  536  -31   12  280   48
 47600  136.90   37.38   14    1  551  -26  3.2  280   41
 47646  140.13   36.05   31    1  557  -22   23  270   32
 47678  139.78   33.10   80    1  566  -21   43  270   26
 47681  137.70   34.75   48    1  561  -21   34  280   26
 47778  135.77   33.45   75    1  565  -22   36  270   24
 47807  130.38   33.58   14    1  565  -23   33  265   19
 47827  130.55   31.57    5    1  568  -18  1.8  270   25
 47909  129.50   28.38    7    1  575  -14   .8  255   26
 47918  124.17   24.33    7    1  581  -11  3.2  275   27
 47945  131.23   25.83   15    1  581   -9    9  255   30
 47971  142.18   27.08    8    1  583  -11    6  250   33
 47991  153.97   24.30    9    1  590   -8   11  255    8
 48855  108.18   16.03    7    1  587   -4   39   70    2
 48900  106.67   10.82   19    1  587   -5    5   55   10
 50527  119.75   49.22  611    1  522  -36    8  295   22
 50557  125.23   49.17  243    1  516  -38   18  300   22
 50745  123.92   47.38  148    1  524  -36   10  300   20
 50774  128.90   47.72  250    1  517  -40   18  275   10
 50834  121.23   46.61  500    1  527  -37    9  300   16
 50953  126.77   45.75  143    1  524  -36   12  290   24
 51076   88.08   47.73  737    1  560  -21  2.8  275   20
 51133   83.00   46.73  535    1  563  -20   37  265   20
 51243   84.85   45.60  428    1  565  -21   22  275   16
 51288   90.53   45.37 1651    1  563  -20   17  295   13
 51431   81.33   43.95  663    1  567  -20   37  240   14
 51463   87.62   43.78  919    1  566  -21   14  290   12
 51628   80.23   41.16 1105    1  569  -20   33  310    8
 51644   82.95   41.72 1100    1  569  -21   21  235    5
 51656   86.13   41.75  933    1  569  -20   34  255    5
 51709   75.98   39.47 1291    1  572  -20   18  290   14
 51777   88.17   39.03  889    1  571  -22   26  265    7
 51828   79.93   37.13 1375    1  573  -20   20  285    9
 51839   82.71   37.06 1410    1  573  -20   25  285    9
 51886   90.85   38.25 2945    1  570  -22   22  350    4
 52203   93.52   42.82  739    1  565  -22    6  310   17
 52267  101.07   41.95  941    1  562  -23   13  305   21
 52323   97.03   41.80 1770    1  566  -22   12  295   16
 52418   94.68   40.15 1140    1  568  -22   21  295    7
 52495  104.50   40.75 1329    1  562  -23   19  300   21
 52533   98.48   39.77 1478    1  567  -23   24  290   14
 52652  100.43   38.93 1483    1  567  -23   17  305   14
 52681  103.08   38.63 1367    1  566  -22   21  315   16
 52818   94.90   36.42 2809    1  571  -23    9  320    4
 52836   98.10   36.30 3192    1  571  -22   11  320    9
 52866  101.77   36.62 2262    1  567  -22   20  320   14
 52983  104.15   35.86 1875    1  568  -21   16  295   18
 53068  112.00   43.65  966    1  546  -30  3.1  305   32
 53336  108.52   41.57 1290    1  555  -25   25  295   24
 53463  111.68   40.82 1065    1  554  -27   21  295   21
 53513  107.40   40.77 1041    1  557  -24   36  300   22
 53543  109.98   39.83 1459    1  557  -25   19  305   18
 53614  106.22   38.48 1112    1  564  -22   31  305   16
 53772  112.55   37.78  779    1  561  -25   20  295   16
 53798  114.50   37.07   78    1  560  -24   16  290   21
 53845  109.50   36.60  959    1  564  -23   11  295   24
 53915  106.67   35.55 1348    1  568  -21   18  295   17
 54102  116.07   43.95  991    1  540  -31   21  305   31
 54135  122.27   43.60  180    1  535  -35    6  280   30
 54161  125.22   43.90  238    1  531  -35   12  280   26
 54218  118.97   42.27  572    1  543  -29   24  290   35
 54292  129.47   42.88  178    1  533  -34   12  280   33
 54337  121.12   41.13   70    1  544  -28   35  295   41
 54342  123.43   41.77   43    1  540  -32    9  280   29
 54374  126.92   41.72  333    1  538  -33  2.6 9999 9999
 54401  114.88   40.78  726    1  550  -28   18  290   28
 54497  124.33   40.05   14    1  547  -26   10  280   19
 54511  116.47   39.80   55    1  553  -25   36  285   23
 54539  118.90   39.43   12    1  553  -26   27  290   27
 54662  121.63   38.90   97    1  552  -25   31  285   25
 54727  117.56   36.73   69    1  559  -23   18  280   18
 54778  122.38   37.16   40    1  557  -24   36  265   26
 54857  120.33   36.07   77    1  560  -24   21  260   18
 55299   92.07   31.48 4508    1  575  -14   23  290    9
 55591   91.13   29.67 3650    1  575  -10   41  265    8
 55664   87.08   28.63 4302    1  576   -8   41  260   12
 56004   92.43   34.22 4535    1  573  -18   22  280   16
 56029   97.02   33.02 3682    1  572  -14   20  280   12
 56046   99.65   33.75 3968    1  572  -16   21  315   11
 56080  102.90   35.00 2910    1  570  -21  2.7  290    8
 56096  104.92   33.40 1079    1  571  -17   18  300    8
 56137   97.17   31.15 3307    1  575  -12   17  280   12
 56146  100.00   31.62 3394    1  572  -14  3.2  305    8
 56173  102.55   32.80 3493    1  571  -16   10  320   11
 56187  103.83   30.70  541    1  573  -14  1.5   15    1
 56247   99.10   30.00 2589    1  573  -11  3.6  245   12
 56312   94.47   29.57 3001    1  574  -12  2.2  205    4
 56492  104.60   28.80  342    1  573  -12  4.1  285    8
 56571  102.27   27.90 1599    1  574  -11    6  290   17
 56651  100.47   26.83 2394    1  577  -10   41  270   34
 56691  104.28   26.87 2236    1  574  -13   35  280   36
 56739   98.48   25.12 1649    1  580   -9   37  280   31
 56778  102.68   25.02 1892    1  580   -8    8  275   30
 56964  100.98   22.77 1303    1  583   -5   41  275   23
 56985  103.38   23.38 1302    1  584   -5   42  270   22
 57083  113.65   34.72  111    1  566  -20   19  290   23
 57127  107.03   33.07  509    1  570  -17  1.9  270    8
 57131  108.93   34.40  398    1  569  -19   23  280   14
 57178  112.58   33.03  131    1  569  -18   38  270   13
 57245  109.03   32.72  291    1  570  -16  2.9  265   15
 57328  107.50   31.20  311    1  571  -14  4.6  290   11
 57447  109.47   30.28  458    1  572  -15   14  260   10
 57461  111.30   30.70  134    1  572  -12   10  275   11
 57494  114.13   30.62   23    1  572  -14   25  250   14
 57516  106.48   29.52  265    1  571  -15   20  280    4
 57679  113.08   28.20   46    1  574  -13  1.7  270   22
 57749  110.00   27.56  261    1  574  -10   19  265   40
 57816  106.72   26.58 1074    1  574  -10   19  270   33
 57957  110.30   25.33  166    1  579   -7   10  270   28
 57972  113.03   25.80  185    1  578   -7   10  265   28
 57993  114.95   25.85  125    1  578   -7    7  265   30
 58027  117.15   34.28   42    1  565  -21   29  285   25
 58150  120.25   33.77    7    1  566  -22   24  280   24
 58203  115.83   32.93   39    1  568  -18   36  290   21
 58238  118.80   32.00   12    1  570  -17   31  280   20
 58362  121.46   31.41    5    1  570  -17   38  270   22
 58424  117.05   30.53   20    1  572  -14   39  270   16
 58457  120.17   30.23   43    1  572  -14   29  270   17
 58606  115.92   28.60   50    1  574  -11   11  240   20
 58633  118.87   28.97   71    1  573  -16   39  255   16
 58665  122.25   28.63    2    1  574  -17   24 9999 9999
 58725  117.43   27.33  192    1  576  -11   34  255   18
 58847  119.28   26.08   85    1  578   -7   25  270   24
 59023  108.05   24.70  214    1  581   -7   11  275   22
 59134  118.08   24.48  139    1  582   -6   10  270   26
 59211  106.60   23.90  242    1  583   -7   11  265   16
 59265  111.30   23.48  120    1  584   -6   11  270   18
 59280  113.05   23.66   19    1  583   -6   13  270   20
 59293  114.68   23.73   41    1  584   -5   13  270   22
 59316  116.68   23.40    3    1  585   -5   26  275   21
 59431  108.35   22.82   73    1  584   -4   43  265   18
 59644  109.10   21.48   16    1  585   -4   42  255   13
 59663  111.97   21.87   22    1  586   -4   34  270   16
 59758  110.35   20.03   15    1  587   -4   43  265    7
 59948  109.52   18.23    7    1  587   -5   34  290    3
 59981  112.33   16.83    5    1  588   -4   42   45    1
 70026 -156.77   71.30    4    1  516  -42    8  305   15
 70133 -162.62   66.87    5    1  529  -33   11  320   28
 70200 -165.42   64.50    7    1  537  -31  3.8  300   19
 70231 -155.61   62.97  103    1  524  -34   14  345   31
 70261 -147.86   64.82  138    1  520  -39    7  195    5
 70273 -150.01   61.17   40    1  516  -38    9   20   12
 70308 -170.21   57.15    9    1  547  -27  4.7  235    8
 70316 -162.71   55.20   31    1  547  -26    8  320   13
 70326 -156.64   58.68   15    1  532  -29   17  340   35
 70350 -152.49   57.75    3    1  524  -29   19  335   37
 70361 -139.66   59.52    9    1  525  -30  3.2  175   22
 70398 -131.56   55.03   34    1  542  -22  2.0  230   21
 71043 -126.79   65.28   74    1  526  -36   12  285   20
 71081  -81.24   68.78    8    1  524  -31  3.7   75    7
 71082  -62.32   82.50   66    1  532  -31  3.0  235   28
 71109 -127.36   50.68   22    1  553  -20  1.6  265   20
 71119 -114.09   53.55  766    1  540  -32   10  310   16
 71600  -60.01   43.93    4    1  549  -28   12  315   18
 71811  -66.26   50.22   55    1  542  -31   20 9999 9999
 71815  -58.54   48.53   60    1  543  -26   12  255    9
 71816  -60.41   53.32   49    1  535  -29    8 9999 9999
 71836  -80.64   51.27   10    1  549  -25  3.4 9999 9999
 71867 -101.09   53.97  271    1  536  -32   15 9999 9999
 71906  -68.41   58.10   37    1  525  -31  2.9  265   21
 71907  -78.11   58.45    6    1  530  -29  1.5 9999 9999
 71909  -68.52   63.75   34    1  512  -34   10  100    9
 71913  -94.06   58.75   29    1  530  -34  3.8  220    4
 71915  -83.36   64.20   67    1  523  -31  3.2   10   10
 71917  -85.92   79.98   10    1  528  -32  2.9  195   11
 71924  -94.97   74.72   42    1  527  -32    7  185    4
 71925 -105.11   69.10   27    1  522  -37    6  240    6
 71926  -96.07   64.30   18    1  526  -32   16 9999 9999
 71934 -111.94   60.02  203    1  528  -35   13 9999 9999
 71945 -122.57   58.83  382    1  539  -31    7  310   15
 71957 -133.47   68.30   68    1  520  -39  3.7 9999 9999
 71964 -135.06   60.72  703    1  531  -31  2.2  185   18
 72201  -81.74   24.55    6    1  588   -7   46  340   10
 72208  -80.02   32.90   15    1  581  -12   16  265   13
 72235  -90.07   32.32  101    1  573  -15    8  230   21
 72240  -93.21   30.12   10    1  576  -11 9999  235   26
 72250  -97.42   25.90    6    1  582   -8 9999  240   25
 72261 -100.91   29.37  313    1  570  -11 9999  250   36
 72265 -102.17   31.95  872    1  559  -16   23  250   42
 72274 -110.92   32.12  779    1  555  -20   18  275   31
 72317  -79.94   36.08  270    1  577  -13   17  270   13
 72327  -86.67   36.12  180    1  573  -14   18  230   23
 72340  -92.24   34.83  165    1  567  -15   24  230   26
 72363 -101.69   35.23 1099    1  546  -19   20  240   44
 72365 -106.61   35.05 1620    1  544  -29   16  290   14
 72402  -75.47   37.85    3    1  575  -15   29  270   13
 72403  -77.44   38.95   98    1  574  -17   20 9999 9999
 72451  -99.96   37.77  790    1  540  -24   36  235   22
 72456  -95.61   39.07  270    1  551  -20   12  215   39
 72469 -104.86   39.75 1625    1  540  -28   10  295    8
 72476 -108.52   39.12 1475    1  542  -30  4.2    5    8
 72520  -80.21   40.50  373    1  572  -16   40  265   16
 72528  -78.72   42.93  215    1  568  -19   17  260   11
 72562 -100.67   41.13  849    1  537  -28  2.5  310    7
 72572 -111.96   40.78 1288    1  544  -31  4.1   15    8
 72597 -122.86   42.37  405    1  562  -20    6  330   24
 72645  -88.12   44.48  214    1  559  -19   21  210   24
 72662 -103.06   44.05  966    1  540  -24  3.0  300    9
 72681 -116.21   43.57  874    1  547  -29   15  350   17
 72694 -122.99   44.92   61    1  560  -21  4.6  325   18
 72712  -68.01   46.87  190    1  553  -26    9  310   24
 72747  -93.37   48.57  361    1  546  -20   18  205   18
 72764 -100.74   46.77  506    1  536  -26  3.9   50    8
 72768 -106.61   48.22  700    1  541  -29   14  290    7
 72797 -124.54   47.95   62    1  556  -21  2.2  310   20
 74494  -69.96   41.67   16    1  566  -20   12  315   22
 76225 -106.07   28.63 1435    1  568  -10   41  260   41
 76256 -110.89   27.92   11    1  574   -9   31  280   35
 76458 -106.41   23.20    4    1  583   -8   42  265   17
 76644  -89.64   20.98    9    1  587   -6   36   85    2
 76679  -99.07   19.43 2234    1  588   -6   24  325    4
 78016  -64.67   32.37   28    1  579  -15   23  300   15
 78384  -81.34   19.28    3    1  587   -5   43   65    6
 78397  -76.77   17.93    2    1  587   -6   22   55    3
 78486  -69.87   18.43   14    1  587   -6   28  130    2
 78526  -65.99   18.43    4    1  586   -6   41   95    2
 78954  -59.47   13.07   56    1  586   -5 9999   50    2
 78970  -61.34   10.62   15    1  587   -5  4.4  130    3
 80222  -74.12    4.70 2548    1  586   -5   15   90    6
 81405  -52.36    4.83    9    1  587   -4   10   95    5
 91165 -159.34   21.98   45    1  583   -8   25  275    2
 91285 -155.06   19.72   11    1  583   -8 9999  280    8
 91334  151.85    7.47    2    1  583   -6   16   75    9
 91348  158.22    6.97   46    1  583   -5  2.6  130    9
 91376  171.38    7.08    3    1  584   -6   16   30    4
 91408  134.48    7.33   33    1  586   -5  3.9   95   18
 91413  138.08    9.48   17    1  587   -5   14   85   16
 98646  123.97   10.30    9    1  588   -5   19   90   11
