diamond 2 10年11月27日20时500百帕高空观测
10 11 27 20  500 398
  1001   -8.66   70.93    9    1  546  -34   16   50   18
  1028   19.02   74.52   14    1  546  -32   10   50   10
  1152   14.37   67.27   13    1  530  -41   10   50    8
  1241    9.60   63.70    7    1  527  -36    6  135    2
  2365   17.45   62.53    6    1  525  -36   24   65    4
  2836   26.65   67.37  179    1  525  -42   10   45    8
  2963   23.50   60.82  103    1  525  -34  3.9  305    2
  3005   -1.17   60.13   84    1  517  -39   22   75    8
  3808   -5.31   50.22   88    1  522  -37   22  340   10
  3953  -10.24   51.93   14    1  528  -40   14   40   13
  4018  -22.59   63.97   38    1  554  -29   11    5   22
  4220  -52.74   68.70   47    1  558  -19  3.9  170   25
  4320  -18.66   76.77   12    1  555  -29   13  330   11
  4339  -21.96   70.48   66    1  555  -31   11    5   18
  6011   -6.76   62.02   39    1  528  -40    9   15   22
  6610    6.95   46.82  491    1  529  -33  2.9  240   27
  7110   -4.41   48.45  103    1  522  -38    6  285    9
  7510    -.69   44.83   45    1  530  -29   32  265   28
  8001   -8.41   43.37   67    1  544  -23   28  285   23
  8221   -3.54   40.45  582    1  548  -22   43  275   13
  8495   -5.34   36.15    5    1  553  -16  4.7  240   18
 10035    9.55   54.53   47    1  520  -38   10  235    3
 10393   14.12   52.22  112    1  524  -36    6  205   11
 10410    6.97   51.40  161    1  521  -37    5  195    8
 10739    9.20   48.83  311    1  525  -35  4.3  245   16
 10868   11.55   48.25  484    1  528  -33    9  260   18
 11035   16.37   48.25  209    1  528  -35   12  260   12
 11520   14.45   50.00  304    1  526  -35   11  225    9
 12120   17.53   54.75    2    1  526  -34  3.7  205   14
 12374   20.97   52.40   96    1  529  -32  4.4  155   15
 12425   16.98   51.13  116    1  527  -33  4.8  180    5
 12843   19.18   47.43  139    1  530  -32   25  260   19
 15420   26.13   44.50   91    1  549  -19   23  250   40
 15614   23.38   42.65  595    1  551  -21  2.7  250   32
 16080    9.28   45.43  103    1  533  -32    6  255   21
 16320   17.95   40.65   10    1  554  -20  1.9  250   35
 16429   12.50   37.92   14    1  559  -20  4.1  245   24
 16560    9.05   39.25    3    1  553  -19  2.6  250   26
 17030   36.33   41.28    4    1  567  -18  1.8  255   24
 17062   29.08   40.97   40    1  564  -18    5  255   26
 17130   32.88   39.95  894    1  569  -15   15  250   29
 17220   27.17   38.43   25    1  569  -17  3.1  255   20
 17240   30.55   37.75  997    1  573  -14   32  240   28
 20046   58.05   80.62   20    1  532  -39  1.7   10   14
 20674   80.40   73.50   50    1  522  -38   .9  330    9
 20744   52.73   72.38   16    1  532  -34    5   55   19
 20891  102.47   71.98   33    1  519  -40   .9   60    4
 21824  128.92   71.58    8    1  515  -40  1.8   10   10
 21946  147.88   70.62   48    1  508  -41  1.2  285    7
 22113   33.05   68.97  120    1  526  -38   12   75   27
 22217   32.43   67.13   26    1  522  -42  2.3   30    7
 22271   44.13   67.88   16    1  517  -42   13   55   11
 22522   34.78   64.98   10    1  521  -39   10   10    4
 22550   40.50   64.58   13    1  520  -36   11  285    4
 22820   34.27   61.82  110    1  522  -33  2.5  355    2
 22845   38.93   61.50  121    1  523  -33   .5  140    1
 23205   53.02   67.65    7    1  518  -40    9  225    3
 23330   66.53   66.53   21    1  518  -39    8  290   10
 23418   57.10   65.12   67    1  518  -36   .6  245   10
 23472   87.95   65.78   32    1  516  -45    9   45    4
 23804   50.85   61.67  121    1  523  -33  2.4  285   10
 23884   90.00   61.60   63    1  517  -42    8  305   16
 23921   60.43   60.68   86    1  524  -34  4.1  260   11
 23955   77.87   60.43   47    1  527  -31  2.7  285    9
 24125  112.43   68.50  203    1  513  -41  1.5   85    9
 24266  133.38   67.55  137    1  510  -42  4.1   70    3
 24343  123.40   66.77   78    1  511  -43  1.3   50    9
 24507  100.07   64.17  186    1  511  -46  2.0   25    3
 24641  121.62   63.77  118    1  511  -45  4.3  325    7
 24688  143.15   63.27  742    1  510  -42    8  215   12
 24726  113.87   62.53  357    1  512  -45  1.8  160    2
 24908  102.27   60.33  260    1  512  -44    6  320    5
 24944  120.42   60.40  134    1  512  -46  4.2  190    3
 24959  129.75   62.08  103    1  510  -46    6  255    6
 25400  150.90   65.73   43    1  513  -40   10  240   17
 25703  152.42   62.92  207    1  520  -36  2.6  195   13
 25913  150.78   59.58  118    1  519  -37  1.2  115    9
 26063   30.30   59.97   74    1  524  -31    6  360    5
 26298   34.05   57.90  188    1  522  -33  4.0  335    7
 26477   30.60   56.38  111    1  525  -34  3.9  310   14
 26781   32.07   54.75  241    1  526  -34  4.3  300   16
 27037   39.87   59.28  127    1  522  -35    8  215    6
 27199   49.63   58.60  158    1  529  -31    8  260   23
 27459   44.00   56.27  157    1  529  -32  1.7  235   12
 27595   49.18   55.78  117    1  537  -29  2.8  220   15
 27612   37.57   55.75  191    1  524  -35    6  225   18
 27707   35.33   54.12  237    1  528  -33    8  270   17
 27730   39.70   54.63  158    1  528  -33  2.4  225   13
 27962   45.02   53.13  174    1  532  -28   16  235   32
 27995   49.43   52.98 9999    1  542  -28   10  240   25
 28275   68.18   58.15   54    1  526  -30   11  260   12
 28445   61.07   56.73  290    1  535  -31   10  285   29
 28661   65.40   55.47   79    1  536  -29   11  280   27
 28698   73.40   54.93   94    1  533  -29   15  270   30
 28952   63.62   53.22  171    1  545  -27   14  300   27
 29231   82.90   58.30   76    1  530  -31  3.1  260   17
 29263   92.15   58.45   78    1  524  -33    6  305   32
 29282   97.40   58.42  134    1  516  -43    7  305   12
 29612   78.40   55.37  120    1  536  -29   14  270   25
 29634   82.90   55.03  152    1  539  -29   11  265   25
 29698   99.03   54.88  410    1  522  -34   13  315   40
 29862   91.32   53.77  256    1  538  -30   .6  275   28
 30054  112.58   59.45  193    1  509  -49  2.5  140    8
 30309  101.83   56.07  326    1  517  -42    6  310   11
 30372  118.37   56.92  711    1  511  -46  2.5  160    8
 30554  113.58   54.47  995    1  507  -47  2.8  270    1
 30635  108.98   53.43  470    1  511  -45  2.7  325   18
 30673  119.78   53.73  619    1  512  -43  1.4  155   12
 30758  113.33   52.02  671    1  510  -45  3.4  305   14
 30935  108.75   50.37  770    1  515  -44    5  300   30
 30965  116.52   50.38  684    1  510  -45    6  305    9
 31004  125.37   58.62  682    1  511  -44    5  360    2
 31088  143.20   59.37    6    1  517  -39  3.0  100    1
 31168  138.15   56.45    9    1  516  -43  1.5  175    6
 31300  127.23   53.75  232    1  513  -41   11  285    4
 31369  140.70   53.15   47    1  522  -35  4.6  230   14
 31510  127.50   50.27  137    1  511  -40  2.7  165    8
 31538  132.13   50.07  314    1  516  -37  2.5  205   19
 31736  135.23   48.53   72    1  521  -36  2.4  195   20
 31873  133.73   45.87  107    1  519  -35  2.7  180   26
 31977  132.05   43.27   82    1  516  -39  1.9  235   14
 32061  142.17   50.90   31    1  526  -32    9  255   18
 32098  143.10   49.22    4    1  530  -30   11  250   14
 32150  142.73   46.92   21    1  533  -30   12  255   16
 32215  156.13   50.68   23    1  538  -24   21  225   22
 32389  160.83   56.32   28    1  539  -28  2.8  215   18
 32540  158.75   52.97   83    1  540  -27  1.5  215   23
 34009   36.18   51.65  245    1  533  -27   24  270   24
 34122   39.17   51.70   99    1  535  -23   26  260   26
 34172   46.03   51.57  168    1  539  -27    8  230   16
 34247   41.05   50.42   93    1  542  -28    6  245   24
 34560   44.35   48.68  145    1  549  -21  3.8  240   35
 34731   39.82   47.25   77    1  548  -24  2.2  250   39
 34858   43.35   45.92   87    1 9999 9999 9999 9999 9999
 34880   48.03   46.27  -16    1  559  -20    8  260   20
 35121   55.10   51.75  113    1  548  -25  2.4  260   21
 35229   57.15   50.28  227    1  553  -22    7  265   22
 35394   73.13   49.80  555    1  558  -23    9  270   20
 35671   67.72   47.80  345    1  561  -21  4.1  265   24
 35700   51.85   47.02 9999    1  559  -19    7  260   21
 36003   76.95   52.28  146    1  551  -22  4.0  260   35
 36096   94.50   51.72  628    1  543  -30  1.5  295   26
 36870   76.93   43.23  847    1  566  -22   14  255    4
 37018   39.07   44.10 9999    1  561  -19  3.2  240   29
 37054   43.10   44.22  314    1  562  -19  3.3  255   20
 38341   71.38   42.85  642    1  570  -18   15  245    3
 40179   34.82   32.00   30    1  581  -13   32  345    1
 40582   47.98   29.22   55    1  579  -16   19  280   11
 40745   59.63   36.27  980    1  574  -17   17  265    8
 40766   47.12   34.27 1322    1  578  -16   28  345    9
 40800   51.67   32.62 1590    1  576  -16   18  265    9
 40841   56.97   30.25 1754    1  577  -16   45  280    9
 42182   77.20   28.58  216    1  575  -13   34  255   16
 42809   88.45   22.65    6    1  579   -9   22  280   17
 42971   85.83   20.25   46    1  583   -6   19  250    6
 43003   72.85   19.12   14    1  596    9   42  245    3
 43150   83.30   17.70   66    1  584   -6   26  180    1
 43185   81.15   16.20    3    1  584   -5   42  140    4
 43333   92.72   11.67   79    1  585   -5   22   70   13
 43346   79.83   10.92    7    1  583   -3    8  130    9
 43371   76.95    8.48   64    1  577   -7  2.9 9999 9999
 44212   92.08   49.80  936    1  550  -25  3.9  300   28
 44292  106.98   47.93 1338    1  530  -34  3.8  310   42
 45004  114.17   22.32   66    1  583   -4   34  275   13
 47122  127.03   37.10   52    1  545  -25    8  275   35
 47138  129.38   36.03    6    1  553  -23   14  270   32
 47158  126.82   35.12   13    1  555  -21   17  275   31
 47401  141.68   45.42   11    1  534  -32    6  250   14
 47412  141.33   43.05   19    1  537  -30   12  245   14
 47580  141.38   40.70   39    1  542  -29   10  260   21
 47582  140.10   39.72   10    1  544  -29    7  255   26
 47600  136.90   37.38   14    1  549  -24   21  265   36
 47646  140.13   36.05   31    1  556  -23   30  265   26
 47678  139.78   33.10   80    1  563  -20   43  275   25
 47681  137.70   34.75   48    1  558  -21   34  280   25
 47778  135.77   33.45   75    1  562  -21   37  270   28
 47807  130.38   33.58   14    1  561  -22   10  275   25
 47827  130.55   31.57    5    1  566  -22   33  265   21
 47909  129.50   28.38    7    1  573  -16   39  265   26
 47918  124.17   24.33    7    1  582   -8   29  290   19
 47945  131.23   25.83   15    1  579  -12   13  255   33
 47971  142.18   27.08    8    1  581   -8   22  245   30
 47991  153.97   24.30    9    1  590   -6   24  265   10
 48855  108.18   16.03    7    1  587   -2   37  150    2
 48900  106.67   10.82   19    1  587   -5  4.3   80    6
 50527  119.75   49.22  611    1  511  -43    6  190    4
 50557  125.23   49.17  243    1  511  -40  4.1   90    3
 50745  123.92   47.38  148    1  512  -40  3.9  315    7
 50774  128.90   47.72  250    1  512  -43    6   65    1
 50834  121.23   46.61  500    1  513  -42    7  275    6
 50953  126.77   45.75  143    1  511  -40    6  290   16
 51076   88.08   47.73  737    1  560  -23    7  300   22
 51133   83.00   46.73  535    1  565  -22   13  295   11
 51243   84.85   45.60  428    1  566  -23   13  315   11
 51288   90.53   45.37 1651    1  561  -26    6  300   21
 51431   81.33   43.95  663    1  567  -23   34  300    4
 51463   87.62   43.78  919    1  565  -24   16  305   11
 51628   80.23   41.16 1105    1  568  -24  1.7  185    1
 51644   82.95   41.72 1100    1  568  -23   11  320    3
 51656   86.13   41.75  933    1  568  -23    9  300    6
 51709   75.98   39.47 1291    1  567  -24   12  245    3
 51777   88.17   39.03  889    1  568  -21   29   95    2
 51828   79.93   37.13 1375    1  569  -20   16  305    7
 51839   82.71   37.06 1410    1  569  -18   21  285    9
 51886   90.85   38.25 2945    1  569  -21   13  275    3
 52203   93.52   42.82  739    1  564  -24   10  305   15
 52267  101.07   41.95  941    1  560  -25   24  315   25
 52323   97.03   41.80 1770    1  564  -24   14  300   15
 52418   94.68   40.15 1140    1  567  -23   24  310   10
 52495  104.50   40.75 1329    1  558  -24   25  310   34
 52533   98.48   39.77 1478    1  566  -26  3.9  290   14
 52652  100.43   38.93 1483    1  565  -25    6  300   15
 52681  103.08   38.63 1367    1  565  -25    6  305   20
 52818   94.90   36.42 2809    1  570  -18   10  275    7
 52836   98.10   36.30 3192    1  570  -20   37  305   11
 52866  101.77   36.62 2262    1  566  -23   13  300   15
 52983  104.15   35.86 1875    1  565  -22   37  305   16
 53068  112.00   43.65  966    1  538  -32  2.9  300   33
 53336  108.52   41.57 1290    1  548  -30   17  305   26
 53463  111.68   40.82 1065    1  547  -30    7  300   26
 53513  107.40   40.77 1041    1  552  -28   33  305   28
 53543  109.98   39.83 1459    1  551  -28  3.2  295   31
 53614  106.22   38.48 1112    1  561  -24   12  300   25
 53772  112.55   37.78  779    1  556  -25   13  290   31
 53798  114.50   37.07   78    1  558  -23    9  285   33
 53845  109.50   36.60  959    1  563  -24    8  295   23
 53915  106.67   35.55 1348    1  565  -21   31  295   19
 54102  116.07   43.95  991    1  530  -34    6  300   41
 54135  122.27   43.60  180    1  519  -38   20  300   39
 54161  125.22   43.90  238    1  515  -39   14  290   16
 54218  118.97   42.27  572    1  531  -32    8  300   40
 54292  129.47   42.88  178    1  516  -37   16  295   19
 54337  121.12   41.13   70    1  532  -32   21  305   44
 54342  123.43   41.77   43    1  525  -32   27  300   49
 54374  126.92   41.72  333    1  518  -38   13  290   32
 54401  114.88   40.78  726    1  543  -31    7  295   29
 54497  124.33   40.05   14    1  536  -28   13  295   38
 54511  116.47   39.80   55    1  544  -29  3.5  290   32
 54539  118.90   39.43   12    1  544  -29    9  290   35
 54662  121.63   38.90   97    1  542  -28    6  285   37
 54727  117.56   36.73   69    1  555  -24  4.8  280   35
 54778  122.38   37.16   40    1  548  -24   11  285   40
 54857  120.33   36.07   77    1  555  -23    7  280   34
 55299   92.07   31.48 4508    1  575   -8   41  285   13
 55591   91.13   29.67 3650    1  576   -4   43  255   11
 55664   87.08   28.63 4302    1  576   -5   42  265   13
 56004   92.43   34.22 4535    1  571  -11   26  280   15
 56029   97.02   33.02 3682    1  571  -10   27  290   11
 56046   99.65   33.75 3968    1  571  -14   15  275    9
 56080  102.90   35.00 2910    1  569  -20    8  285   10
 56096  104.92   33.40 1079    1  570  -17    7  275   11
 56137   97.17   31.15 3307    1  575   -8   20  280    6
 56146  100.00   31.62 3394    1  574   -9   15  275    6
 56173  102.55   32.80 3493    1  571  -14   12  275    8
 56187  103.83   30.70  541    1  571  -12    9  290   14
 56247   99.10   30.00 2589    1  574   -8   11  270   13
 56312   94.47   29.57 3001    1  574   -7    8  225    6
 56492  104.60   28.80  342    1  572  -12   22  270   19
 56571  102.27   27.90 1599    1  576   -4   38  290   19
 56651  100.47   26.83 2394    1  579   -3   38  265   17
 56691  104.28   26.87 2236    1  576   -7   42  290   21
 56739   98.48   25.12 1649    1  581   -3   43  280   21
 56778  102.68   25.02 1892    1  581   -1   29  280   19
 56964  100.98   22.77 1303    1  583   -1   44  280   17
 56985  103.38   23.38 1302    1  583    0   44  275   19
 57083  113.65   34.72  111    1  563  -23  2.5  290   23
 57127  107.03   33.07  509    1  569  -17  2.0  275   12
 57131  108.93   34.40  398    1  567  -20  2.9  270   18
 57178  112.58   33.03  131    1  567  -18  2.4  285   22
 57245  109.03   32.72  291    1  569  -15  2.5  260   16
 57328  107.50   31.20  311    1  571  -14  2.6  250   13
 57447  109.47   30.28  458    1  572  -14  1.9  265   15
 57461  111.30   30.70  134    1  572  -15  1.9  275   17
 57494  114.13   30.62   23    1  570  -15  4.9  260   19
 57516  106.48   29.52  265    1  572  -12   12  275   20
 57679  113.08   28.20   46    1  574  -13  1.9  255   24
 57749  110.00   27.56  261    1  575  -11   31  260   19
 57816  106.72   26.58 1074    1  576   -7   37  285   20
 57957  110.30   25.33  166    1  579   -7   20  265   26
 57972  113.03   25.80  185    1  578  -11   40  255   21
 57993  114.95   25.85  125    1  581   -5   40  260   17
 58027  117.15   34.28   42    1  563  -23  4.1  290   28
 58150  120.25   33.77    7    1  562  -22   13  290   35
 58203  115.83   32.93   39    1  566  -20  3.4  265   25
 58238  118.80   32.00   12    1  568  -20  2.5  285   23
 58362  121.46   31.41    5    1  567  -19   15  290   28
 58424  117.05   30.53   20    1  570  -16  1.5  260   21
 58457  120.17   30.23   43    1  571  -17  4.4  275   26
 58606  115.92   28.60   50    1  574  -15  1.7  265   18
 58633  118.87   28.97   71    1  574  -16  2.1  270   19
 58665  122.25   28.63    2    1  574  -14   18  270   22
 58725  117.43   27.33  192    1  576  -12   19  245   16
 58847  119.28   26.08   85    1  578  -10   17  265   16
 59023  108.05   24.70  214    1  578   -8   41  275   24
 59134  118.08   24.48  139    1  580   -6   42  275   17
 59211  106.60   23.90  242    1  580   -3   17  280   20
 59265  111.30   23.48  120    1  582   -4   43  260   18
 59280  113.05   23.66   19    1  581   -5   42  260   17
 59293  114.68   23.73   41    1  582   -4   42  275   15
 59316  116.68   23.40    3    1  582   -4   42  280   15
 59431  108.35   22.82   73    1  583   -3   28  275   18
 59644  109.10   21.48   16    1  585   -3   27  270   16
 59663  111.97   21.87   22    1  584   -3   37  265   19
 59758  110.35   20.03   15    1  586   -3   43  275   14
 59948  109.52   18.23    7    1  585   -4   34  260    7
 59981  112.33   16.83    5    1  587   -3   43  260    6
 70026 -156.77   71.30    4    1  515  -38  4.5  290    2
 70133 -162.62   66.87    5    1  519  -36   11  280   16
 70200 -165.42   64.50    7    1  527  -32   12  275   20
 70231 -155.61   62.97  103    1  528  -30   14  285   23
 70261 -147.86   64.82  138    1  516  -37   14  265   29
 70273 -150.01   61.17   40    1  533  -30  3.8  290   19
 70308 -170.21   57.15    9    1  540  -27   13  245   15
 70316 -162.71   55.20   31    1  549  -25    5  230   20
 70326 -156.64   58.68   15    1  539  -29   19  275   28
 70350 -152.49   57.75    3    1  544  -27  3.7  275   24
 70361 -139.66   59.52    9    1  532  -31   22  310   13
 70398 -131.56   55.03   34    1  531  -35  4.2  265    6
 71043 -126.79   65.28   74    1  524  -33   10  240   10
 71081  -81.24   68.78    8    1  539  -28   21  100   10
 71082  -62.32   82.50   66    1  540  -30    7  205   12
 71109 -127.36   50.68   22    1  530  -35    6  355    7
 71119 -114.09   53.55  766    1  533  -33   14  270   11
 71600  -60.01   43.93    4    1  547  -16  2.5  245   48
 71811  -66.26   50.22   55    1  514  -32    7 9999 9999
 71815  -58.54   48.53   60    1  536  -22   22  220   24
 71816  -60.41   53.32   49    1  526  -24   13 9999 9999
 71836  -80.64   51.27   10    1  518  -29   16 9999 9999
 71867 -101.09   53.97  271    1  537  -28    9 9999 9999
 71906  -68.41   58.10   37    1  517  -24   20  110   11
 71907  -78.11   58.45    6    1  519  -26  2.3 9999 9999
 71909  -68.52   63.75   34    1  524  -25    6  100   26
 71913  -94.06   58.75   29    1  533  -29   13   25    3
 71915  -83.36   64.20   67    1  533  -29  1.1   40   12
 71917  -85.92   79.98   10    1  529  -35  2.7  155   28
 71924  -94.97   74.72   42    1  524  -31   19  210   25
 71925 -105.11   69.10   27    1  528  -33    5  215   14
 71926  -96.07   64.30   18    1  533  -30   26 9999 9999
 71934 -111.94   60.02  203    1  531  -30  4.2 9999 9999
 71945 -122.57   58.83  382    1  528  -34  3.7  290   10
 71957 -133.47   68.30   68    1  516  -34   12 9999 9999
 71964 -135.06   60.72  703    1  528  -32   12  280    6
 72201  -81.74   24.55    6    1  584   -8   22  210   15
 72208  -80.02   32.90   15    1  570  -12   33  260   25
 72235  -90.07   32.32  101    1  573  -13   18  290   17
 72240  -93.21   30.12   10    1  576  -11   28  270   13
 72250  -97.42   25.90    6    1  581   -9   47  290   10
 72261 -100.91   29.37  313    1  579  -11   34  290   14
 72265 -102.17   31.95  872    1  577  -12   27  275   12
 72274 -110.92   32.12  779    1  576  -14   35  245   14
 72317  -79.94   36.08  270    1  559  -14   24  270   39
 72327  -86.67   36.12  180    1  561  -17   15  290   34
 72340  -92.24   34.83  165    1  569  -13   43  295   24
 72363 -101.69   35.23 1099    1  574  -13   19  290   15
 72365 -106.61   35.05 1620    1  574  -14   19  240   13
 72402  -75.47   37.85    3    1  548  -16   43  275   45
 72403  -77.44   38.95   98    1  544  -21   16  275   37
 72451  -99.96   37.77  790    1  569  -15   19  295   21
 72456  -95.61   39.07  270    1  563  -18   32  305   22
 72469 -104.86   39.75 1625    1  567  -16   10  280   18
 72476 -108.52   39.12 1475    1  567  -15   36  250   20
 72520  -80.21   40.50  373    1  538  -24   14  290   36
 72528  -78.72   42.93  215    1  525  -29    5  295   33
 72562 -100.67   41.13  849    1  564  -18   19  295   19
 72572 -111.96   40.78 1288    1  562  -20   11  240   18
 72597 -122.86   42.37  405    1  545  -27   34  225   31
 72645  -88.12   44.48  214    1  541  -25    5  335   17
 72662 -103.06   44.05  966    1  558  -19   44  275   18
 72681 -116.21   43.57  874    1  551  -23  2.4  220   19
 72694 -122.99   44.92   61    1  539  -30   21  225   30
 72712  -68.01   46.87  190    1  520  -31    9  235   26
 72747  -93.37   48.57  361    1  540  -26   17  320   15
 72764 -100.74   46.77  506    1  551  -23   11  300   19
 72768 -106.61   48.22  700    1  549  -24   10  270   23
 72797 -124.54   47.95   62    1  532  -33   14  225   20
 74494  -69.96   41.67   16    1  533  -22   26  240   41
 76225 -106.07   28.63 1435    1  578  -11   47  255   15
 76256 -110.89   27.92   11    1  580   -9   35  245   11
 76458 -106.41   23.20    4    1  585   -6   36  255    6
 76644  -89.64   20.98    9    1  585   -7   27  260   11
 76679  -99.07   19.43 2234    1  587   -6   18  355    7
 78016  -64.67   32.37   28    1  580   -9   36  260   26
 78384  -81.34   19.28    3    1  586   -7   12  175    9
 78397  -76.77   17.93    2    1  587   -6   22  155    4
 78486  -69.87   18.43   14    1  588   -6   32  125    7
 78526  -65.99   18.43    4    1  589   -6   47   95   10
 78954  -59.47   13.07   56    1  587   -5   21   75   12
 78970  -61.34   10.62   15    1  587   -7   .8   95    9
 80222  -74.12    4.70 2548    1  586   -6  4.2  110    7
 81405  -52.36    4.83    9    1  588   -5   18   85    9
 91165 -159.34   21.98   45    1  584   -9   34   55    6
 91285 -155.06   19.72   11    1  581   -8   32    5   14
 91334  151.85    7.47    2    1  586   -4   21   50   18
 91348  158.22    6.97   46    1  585   -5   42   40   15
 91376  171.38    7.08    3    1  584   -6  3.5  225    7
 91408  134.48    7.33   33    1  586   -5  3.2   95   13
 91413  138.08    9.48   17    1  588   -5   14   90   15
 98646  123.97   10.30    9    1  589   -6  1.7  105    9
