diamond 2 10年11月28日20时500百帕高空观测
10 11 28 20  500 401
  1001   -8.66   70.93    9    1  552  -29   21    5   12
  1028   19.02   74.52   14    1  543  -33   18  345    5
  1152   14.37   67.27   13    1  539  -36  4.4   35   16
  1241    9.60   63.70    7    1  531  -36   24   80   12
  2836   26.65   67.37  179    1  528  -39    6   30   18
  2963   23.50   60.82  103    1  527  -37   16  315   11
  3005   -1.17   60.13   84    1  530  -37   10   50    9
  3808   -5.31   50.22   88    1  521  -40   10  255    3
  3953  -10.24   51.93   14    1  522  -40    9  340   18
  4018  -22.59   63.97   38    1  557  -27   24   15   29
  4220  -52.74   68.70   47    1  552  -22  2.9  160   30
  4320  -18.66   76.77   12    1  554  -25    6  305   13
  4339  -21.96   70.48   66    1  560  -22  4.8  355    8
  6011   -6.76   62.02   39    1  534  -37  3.0   35    9
  6610    6.95   46.82  491    1  534  -26   20  220   35
  7110   -4.41   48.45  103    1  522  -38  2.4  280    5
  7510    -.69   44.83   45    1  528  -33   19  240   24
  8001   -8.41   43.37   67    1  534  -32   12  300   21
  8221   -3.54   40.45  582    1  541  -27   31  265   25
  8495   -5.34   36.15    5    1  556  -18   44  265   28
  8579   -9.12   38.77  105    1  547  -23   27  265   26
 10035    9.55   54.53   47    1  525  -38  4.8  145    4
 10393   14.12   52.22  112    1  528  -35   18  240   18
 10410    6.97   51.40  161    1  524  -38    6  205    5
 10739    9.20   48.83  311    1  532  -28   16  230   32
 10868   11.55   48.25  484    1  536  -27    6  235   29
 11035   16.37   48.25  209    1  542  -23  4.1  240   24
 11520   14.45   50.00  304    1  536  -29   11  250   32
 12120   17.53   54.75    2    1  529  -37  2.2  200    6
 12374   20.97   52.40   96    1  533  -34   15  250   15
 12425   16.98   51.13  116    1  535  -30  3.2  245   31
 12843   19.18   47.43  139    1  548  -21  1.9  220   33
 13275   20.42   44.77  204    1  556  -20  2.7  230   17
 15420   26.13   44.50   91    1  563  -20  3.4  255   25
 15614   23.38   42.65  595    1  561  -20    7  245   23
 16080    9.28   45.43  103    1  539  -22  2.5  195   22
 16320   17.95   40.65   10    1  559 9999 9999 9999 9999
 16429   12.50   37.92   14    1  557  -17    5  230   27
 16560    9.05   39.25    3    1  550  -19  3.5  230   17
 17030   36.33   41.28    4    1  572  -20   10  270   22
 17062   29.08   40.97   40    1  570  -17   27  255   25
 17130   32.88   39.95  894    1  575  -17   24  270   20
 17220   27.17   38.43   25    1  575  -17  2.8  250   19
 17240   30.55   37.75  997    1  577  -17    7  260   18
 20046   58.05   80.62   20    1  529  -41  3.5   20   17
 20674   80.40   73.50   50    1  514  -42  3.6  325   10
 20744   52.73   72.38   16    1  525  -40  3.0   25    8
 20891  102.47   71.98   33    1  514  -42   .9  190    2
 21824  128.92   71.58    8    1  511  -45  1.5  355    6
 21946  147.88   70.62   48    1  508  -43  1.4  245    4
 22113   33.05   68.97  120    1  526  -40  3.8   45   13
 22217   32.43   67.13   26    1  523  -40  4.1   40   17
 22271   44.13   67.88   16    1  518  -39   16   65   17
 22522   34.78   64.98   10    1  516  -40   10   40   18
 22550   40.50   64.58   13    1  514  -40    9   95    4
 22820   34.27   61.82  110    1  515  -39   13  290   13
 22845   38.93   61.50  121    1  516  -35   13  255   14
 23205   53.02   67.65    7    1  520  -37    9  100    1
 23330   66.53   66.53   21    1  518  -39  1.7  285    8
 23418   57.10   65.12   67    1  519  -36  1.4  255    7
 23472   87.95   65.78   32    1  517  -40   10   50    3
 23804   50.85   61.67  121    1  521  -34  2.2  195    7
 23884   90.00   61.60   63    1  515  -40   10  355    7
 23921   60.43   60.68   86    1  526  -33  2.2  215    7
 23955   77.87   60.43   47    1  520  -37  2.4   35    3
 24125  112.43   68.50  203    1  513  -43  1.6   20    3
 24266  133.38   67.55  137    1  508  -43  4.3  190    1
 24343  123.40   66.77   78    1  510  -43  1.4   20    9
 24507  100.07   64.17  186    1  508  -46  1.9   90    6
 24641  121.62   63.77  118    1  511  -44  4.0  350    4
 24688  143.15   63.27  742    1  509  -43    6  255    6
 24726  113.87   62.53  357    1  512  -46    7  165    2
 24908  102.27   60.33  260    1  510  -44    6  280    2
 24944  120.42   60.40  134    1  513  -46    7  295    5
 24959  129.75   62.08  103    1  510  -45  1.5  280    8
 25123  161.28   68.80   32    1  514  -41    8  250    9
 25400  150.90   65.73   43    1 9999 9999 9999 9999 9999
 25703  152.42   62.92  207    1  516  -39  3.4  215   11
 25913  150.78   59.58  118    1  521  -36   17  295   27
 26063   30.30   59.97   74    1  526  -36  4.2  280   19
 26298   34.05   57.90  188    1  526  -34   11  285   19
 26477   30.60   56.38  111    1  530  -36    6  275   17
 26781   32.07   54.75  241    1  532  -35    6  240    8
 27037   39.87   59.28  127    1  520  -34  1.7  270   13
 27199   49.63   58.60  158    1  519  -34  3.4   50    2
 27459   44.00   56.27  157    1  520  -36    8  325   13
 27595   49.18   55.78  117    1  521  -34  4.1  295   10
 27612   37.57   55.75  191    1  528  -32   13  310   23
 27707   35.33   54.12  237    1  534  -32    8  280   13
 27730   39.70   54.63  158    1  528  -32   17  305   29
 27962   45.02   53.13  174    1  527  -33   17  280   24
 27995   49.43   52.98 9999    1  527  -32   10  270   20
 28275   68.18   58.15   54    1  532  -29  4.6  265   13
 28445   61.07   56.73  290    1 9999 9999 9999 9999 9999
 28661   65.40   55.47   79    1  532  -24  2.4  225   23
 28698   73.40   54.93   94    1  526  -35    7  280   29
 28952   63.62   53.22  171    1  538  -23   16  260   35
 29231   82.90   58.30   76    1  525  -35    5  280   24
 29263   92.15   58.45   78    1  521  -34  2.6  295   23
 29282   97.40   58.42  134    1  514  -37    6  295   31
 29612   78.40   55.37  120    1  538  -29  1.5  275   22
 29634   82.90   55.03  152    1  538  -30  3.6  280   26
 29698   99.03   54.88  410    1  526  -35  2.9  285   18
 29862   91.32   53.77  256    1  532  -32   .8  295   37
 30054  112.58   59.45  193    1  509  -47  2.3  150    9
 30230  108.12   57.77  258    1  508  -43    5  290    5
 30309  101.83   56.07  326    1  518  -36   .8  295   26
 30372  118.37   56.92  711    1  512  -44    5  170   11
 30554  113.58   54.47  995    1  511  -42    7  315   14
 30635  108.98   53.43  470    1  518  -36  2.5  305   26
 30673  119.78   53.73  619    1  513  -42   12  125   10
 30758  113.33   52.02  671    1  515  -37    9  315   32
 30935  108.75   50.37  770    1  527  -34  2.4  305   28
 30965  116.52   50.38  684    1  516  -40   11  315   20
 31004  125.37   58.62  682    1  512  -44  3.1  270    2
 31088  143.20   59.37    6    1  521  -36   11  250   19
 31168  138.15   56.45    9    1  521  -35  1.3  170   10
 31300  127.23   53.75  232    1  513  -40    6   70    7
 31369  140.70   53.15   47    1  513  -39  2.0  155   45
 31510  127.50   50.27  137    1  508  -40  1.9   25   11
 31538  132.13   50.07  314    1  507  -39  3.0   90   10
 31736  135.23   48.53   72    1  505  -41  2.4   25    2
 31873  133.73   45.87  107    1  505  -43  3.8  285    6
 31977  132.05   43.27   82    1  513  -43    9  275   25
 32061  142.17   50.90   31    1  512  -38   .6  115   20
 32150  142.73   46.92   21    1  508  -36    9  215   26
 32215  156.13   50.68   23    1  532  -29   16  260   18
 32389  160.83   56.32   28    1  533  -28   .7  175   11
 32540  158.75   52.97   83    1  532  -29   11  260   16
 34009   36.18   51.65  245    1  537  -33   12  260    7
 34122   39.17   51.70   99    1  536  -31   11  300   13
 34172   46.03   51.57  168    1  533  -31   17  290   18
 34247   41.05   50.42   93    1  537  -33   10  305    9
 34560   44.35   48.68  145    1  538  -27   18  265   48
 34731   39.82   47.25   77    1  548  -23   16  275   46
 34858   43.35   45.92   87    1  558  -20   20  270   36
 34880   48.03   46.27  -16    1  556  -21  2.9  265   39
 35121   55.10   51.75  113    1  532  -24   20  250   40
 35229   57.15   50.28  227    1  544  -21   11  250   36
 35394   73.13   49.80  555    1  555  -21  2.7  275   26
 35671   67.72   47.80  345    1  561  -19  3.8  290   21
 35700   51.85   47.02 9999    1  555  -18   11  260   36
 36003   76.95   52.28  146    1  548  -24  4.7  265   22
 36096   94.50   51.72  628    1  536  -33    6  295   33
 36870   76.93   43.23  847    1  567  -22  4.5  295   13
 37018   39.07   44.10 9999    1  564  -20  3.2  270   30
 37054   43.10   44.22  314    1  565  -19  3.9  275   30
 38341   71.38   42.85  642    1  570  -19    7  280   12
 40179   34.82   32.00   30    1  583  -13   20  250    7
 40582   47.98   29.22   55    1  581  -13   23    5    3
 40745   59.63   36.27  980    1  575  -17   33  360    7
 40754   51.35   35.68 1191    1  575  -14 9999  325   11
 40766   47.12   34.27 1322    1  581  -15   18  300   10
 40800   51.67   32.62 1590    1  578  -14   23  345    8
 40841   56.97   30.25 1754    1  578  -17   18  260    8
 41217   54.65   24.43   27    1  580  -12   29  265   15
 42809   88.45   22.65    6    1  579   -8   15  260   14
 42971   85.83   20.25   46    1  582   -8   21 9999 9999
 43003   72.85   19.12   14    1 9999 9999 9999 9999 9999
 43150   83.30   17.70   66    1 9999 9999 9999 9999 9999
 43185   81.15   16.20    3    1  587   -4 9999  105    3
 43333   92.72   11.67   79    1  583   -6    9  110    8
 43346   79.83   10.92    7    1  579   -6   10 9999 9999
 43371   76.95    8.48   64    1  581   -5   .4 9999 9999
 44212   92.08   49.80  936    1  547  -29   15  305   30
 44292  106.98   47.93 1338    1  537  -31    7  300   31
 45004  114.17   22.32   66    1  585   -4   30  270   20
 47122  127.03   37.10   52    1  547  -28    9  275   30
 47138  129.38   36.03    6    1  551  -27   17  275   33
 47158  126.82   35.12   13    1  554  -26   20  280   31
 47401  141.68   45.42   11    1  511  -38   23  235   31
 47412  141.33   43.05   19    1  522  -38    7  225   40
 47580  141.38   40.70   39    1  533  -31   13  245   44
 47582  140.10   39.72   10    1  536  -33    6  255   43
 47600  136.90   37.38   14    1  546  -28   17  265   36
 47646  140.13   36.05   31    1  554  -24   20  255   43
 47678  139.78   33.10   80    1  565  -20  1.7  245   33
 47681  137.70   34.75   48    1  557  -21  4.8  260   39
 47778  135.77   33.45   75    1  560  -20  2.5  260   36
 47807  130.38   33.58   14    1  560  -24   38  275   27
 47827  130.55   31.57    5    1  566  -18   14  270   29
 47909  129.50   28.38    7    1  574  -15  1.7  265   29
 47918  124.17   24.33    7    1  581   -8   15  270   25
 47945  131.23   25.83   15    1  581  -10   12  280   22
 47971  142.18   27.08    8    1  584  -10   21  250   24
 47991  153.97   24.30    9    1  589   -6   10  250    5
 48855  108.18   16.03    7    1  587   -5    7  200    5
 48900  106.67   10.82   19    1  587   -5  2.7   80   11
 50527  119.75   49.22  611    1  511  -42   24  325   13
 50557  125.23   49.17  243    1  510  -42    8   45    3
 50745  123.92   47.38  148    1  511  -42    7  290    3
 50774  128.90   47.72  250    1  508  -42    6   20    4
 50834  121.23   46.61  500    1  514  -40   18  310   28
 50953  126.77   45.75  143    1  511  -41   11  305   12
 51076   88.08   47.73  737    1  556  -24   36  305   15
 51133   83.00   46.73  535    1  561  -22   37  295   21
 51243   84.85   45.60  428    1  561  -25  3.4  285   15
 51288   90.53   45.37 1651    1  559  -24   17  285   23
 51431   81.33   43.95  663    1  565  -24  3.6  290   12
 51463   87.62   43.78  919    1  562  -23   17  305   13
 51628   80.23   41.16 1105    1  568  -21   27  330    5
 51644   82.95   41.72 1100    1  567  -23   19  340    8
 51656   86.13   41.75  933    1  565  -22   16  330    6
 51709   75.98   39.47 1291    1  571  -20   22  325    8
 51777   88.17   39.03  889    1  568  -23  3.6  270   12
 51828   79.93   37.13 1375    1  571  -21   26  285   14
 51839   82.71   37.06 1410    1  569  -21   24  270   24
 51886   90.85   38.25 2945    1  569  -20   17  270    7
 52203   93.52   42.82  739    1  562  -24   19  285   15
 52267  101.07   41.95  941    1  562  -22   18  280   15
 52323   97.03   41.80 1770    1  564  -22   37  275   13
 52418   94.68   40.15 1140    1  566  -23   27  280   11
 52495  104.50   40.75 1329    1  563  -23   16  300   17
 52533   98.48   39.77 1478    1  565  -23   24  280   12
 52652  100.43   38.93 1483    1  565  -22   18  305    8
 52681  103.08   38.63 1367    1  565  -24   19  275   12
 52818   94.90   36.42 2809    1  570  -17   27  275    8
 52836   98.10   36.30 3192    1  569  -19   16  280   10
 52866  101.77   36.62 2262    1  566  -21   24  285   15
 52983  104.15   35.86 1875    1  567  -21   37  300   14
 53068  112.00   43.65  966    1  544  -29   10  315   36
 53336  108.52   41.57 1290    1  556  -24   10  295   28
 53463  111.68   40.82 1065    1  554  -25    8  305   33
 53513  107.40   40.77 1041    1  559  -23   33  290   23
 53543  109.98   39.83 1459    1  558  -24   15  300   24
 53614  106.22   38.48 1112    1  564  -22   28  300   11
 53772  112.55   37.78  779    1  560  -23   22  315   19
 53798  114.50   37.07   78    1  560  -23   16  315   20
 53845  109.50   36.60  959    1  564  -22   18  320   11
 53915  106.67   35.55 1348    1  567  -21   33  305   16
 54102  116.07   43.95  991    1  536  -33  4.9  310   32
 54135  122.27   43.60  180    1  524  -33   20  310   44
 54161  125.22   43.90  238    1  516  -39   32  290   29
 54218  118.97   42.27  572    1  536  -32    9  310   33
 54292  129.47   42.88  178    1  515  -40   25  285   32
 54337  121.12   41.13   70    1  537  -31   21  310   36
 54342  123.43   41.77   43    1  529  -32   27  300   40
 54374  126.92   41.72  333    1  523  -33   33  300   23
 54401  114.88   40.78  726    1  548  -28   16  310   36
 54497  124.33   40.05   14    1  538  -30  4.4  290   38
 54511  116.47   39.80   55    1  548  -28   17  305   34
 54539  118.90   39.43   12    1  546  -31  3.0  290   30
 54662  121.63   38.90   97    1  544  -31  1.8  280   32
 54727  117.56   36.73   69    1  557  -24   17  300   30
 54778  122.38   37.16   40    1  550  -28   12  280   33
 54857  120.33   36.07   77    1  556  -26   20  290   34
 55299   92.07   31.48 4508    1  574   -9   33  275    8
 55591   91.13   29.67 3650    1  576   -5   28  255   10
 55664   87.08   28.63 4302    1  576   -8   41  255   13
 56004   92.43   34.22 4535    1  571  -13   25  265   16
 56029   97.02   33.02 3682    1  571  -11   23  275   10
 56046   99.65   33.75 3968    1  571  -14   14  275    9
 56080  102.90   35.00 2910    1  570  -20   17  280    9
 56096  104.92   33.40 1079    1  570  -17   11  295   10
 56137   97.17   31.15 3307    1  575  -10    7  225    1
 56146  100.00   31.62 3394    1  573  -11   10 9999 9999
 56173  102.55   32.80 3493    1  571  -14   19  290   14
 56187  103.83   30.70  541    1  573  -13   11  290   14
 56247   99.10   30.00 2589    1  574  -10    7  255   13
 56312   94.47   29.57 3001    1  575  -12  1.3  220    5
 56492  104.60   28.80  342    1  574   -8   24  285   22
 56571  102.27   27.90 1599    1  576   -8   21  285   22
 56651  100.47   26.83 2394    1  578   -5   12  275   33
 56691  104.28   26.87 2236    1  578   -5   42  285   24
 56739   98.48   25.12 1649    1  582   -6   42  265   22
 56778  102.68   25.02 1892    1  582   -4   16  270   24
 56964  100.98   22.77 1303    1  585   -4   42  275   13
 56985  103.38   23.38 1302    1  582   -7   14  275   18
 57083  113.65   34.72  111    1  565  -23   23  310   19
 57127  107.03   33.07  509    1  570  -17   10  300   11
 57131  108.93   34.40  398    1  568  -20   36  300   18
 57178  112.58   33.03  131    1  567  -19   20  295   20
 57245  109.03   32.72  291    1  570  -17  1.7  285   12
 57328  107.50   31.20  311    1  571  -15    6  300   10
 57447  109.47   30.28  458    1  573  -14  2.1  265   15
 57461  111.30   30.70  134    1  572  -15  1.9  275   19
 57494  114.13   30.62   23    1  571  -16   .4  280   24
 57516  106.48   29.52  265    1  573  -13   14  280   17
 57679  113.08   28.20   46    1  574  -14  1.3  260   19
 57749  110.00   27.56  261    1  576  -13  2.0  280   21
 57816  106.72   26.58 1074    1  578   -4   41  290   21
 57957  110.30   25.33  166    1  580   -4   28  275   29
 57972  113.03   25.80  185    1  579  -10   15  270   31
 57993  114.95   25.85  125    1  578  -12  3.3  280   27
 58027  117.15   34.28   42    1  564  -23   29  295   21
 58150  120.25   33.77    7    1  563  -24   27  295   23
 58203  115.83   32.93   39    1  567  -20   37  300   23
 58238  118.80   32.00   12    1  568  -18   38  290   25
 58362  121.46   31.41    5    1  568  -17   25  280   29
 58424  117.05   30.53   20    1  571  -15   11  270   21
 58457  120.17   30.23   43    1  570  -14   14  275   25
 58606  115.92   28.60   50    1  574  -14  3.6  270   20
 58633  118.87   28.97   71    1  573  -16   18  265   18
 58665  122.25   28.63    2    1  574  -14  1.4  255   28
 58725  117.43   27.33  192    1  575  -14  3.9  260   22
 58847  119.28   26.08   85    1  577  -13  1.5  260   21
 59023  108.05   24.70  214    1  581   -7   18  270   25
 59134  118.08   24.48  139    1  581   -6   26  270   27
 59211  106.60   23.90  242    1  581   -6   16  280   21
 59265  111.30   23.48  120    1  584   -4   43  275   23
 59280  113.05   23.66   19    1  582   -5   42  275   24
 59293  114.68   23.73   41    1  581   -7   41  270   24
 59316  116.68   23.40    3    1  584   -5   42  275   22
 59431  108.35   22.82   73    1  584   -3   39  295   20
 59644  109.10   21.48   16    1  587   -4   39  285   15
 59663  111.97   21.87   22    1  585   -4   38  275   18
 59758  110.35   20.03   15    1  587   -4   43  285   12
 59948  109.52   18.23    7    1  587   -3   34  280    7
 59981  112.33   16.83    5    1  588   -5   25  215    3
 70026 -156.77   71.30    4    1  514  -41  4.2  265    6
 70133 -162.62   66.87    5    1  518  -38   14  300   19
 70200 -165.42   64.50    7    1  529  -35    9  305   26
 70231 -155.61   62.97  103    1  520  -39   12  320   17
 70261 -147.86   64.82  138    1  522  -37    5  230   11
 70273 -150.01   61.17   40    1  524  -36  3.1  235    9
 70308 -170.21   57.15    9    1  549  -28    8  305   17
 70316 -162.71   55.20   31    1  543  -30   16  350   11
 70326 -156.64   58.68   15    1  534  -30   18  315   26
 70350 -152.49   57.75    3    1  534  -29   18  280   21
 70361 -139.66   59.52    9    1  532  -29    5  280   26
 70398 -131.56   55.03   34    1  538  -30   30  315   11
 71043 -126.79   65.28   74    1  517  -41  4.3  205   14
 71081  -81.24   68.78    8    1  526  -28    6  105   12
 71082  -62.32   82.50   66    1  536  -30  3.1  220   22
 71109 -127.36   50.68   22    1  540  -30   10  330   17
 71119 -114.09   53.55  766    1  531  -36    9  250    9
 71600  -60.01   43.93    4    1  540  -24   17  245   40
 71811  -66.26   50.22   55    1  523  -34  3.9 9999 9999
 71815  -58.54   48.53   60    1  522  -35   13  185   26
 71816  -60.41   53.32   49    1  520  -34  3.2 9999 9999
 71836  -80.64   51.27   10    1  533  -29   23 9999 9999
 71867 -101.09   53.97  271    1  534  -29   20 9999 9999
 71906  -68.41   58.10   37    1  512  -31  1.8  260   13
 71907  -78.11   58.45    6    1  518  -28  1.2 9999 9999
 71909  -68.52   63.75   34    1  520  -29  3.3  130   23
 71913  -94.06   58.75   29    1  528  -30   13  305    7
 71915  -83.36   64.20   67    1  520  -27    5   20   11
 71917  -85.92   79.98   10    1  527  -31    8  195   25
 71924  -94.97   74.72   42    1  528  -32  2.8  205   10
 71925 -105.11   69.10   27    1  524  -32  3.2  125    6
 71926  -96.07   64.30   18    1  526  -31  4.0 9999 9999
 71934 -111.94   60.02  203    1  527  -33    6 9999 9999
 71945 -122.57   58.83  382    1  529  -33   13  295   11
 71957 -133.47   68.30   68    1  511  -39   18 9999 9999
 71964 -135.06   60.72  703    1  530  -33   12  285   14
 72201  -81.74   24.55    6    1  584   -9   47  255   10
 72208  -80.02   32.90   15    1  576  -13   29  285   16
 72235  -90.07   32.32  101    1  576  -13   20  270   15
 72240  -93.21   30.12   10    1  577  -11   32  260   16
 72250  -97.42   25.90    6    1  582   -7   19  255   17
 72261 -100.91   29.37  313    1  576  -10   22  260   20
 72265 -102.17   31.95  872    1  570  -12   20  240   18
 72274 -110.92   32.12  779    1  561  -17   18  260   35
 72317  -79.94   36.08  270    1  570  -16   24  295   23
 72327  -86.67   36.12  180    1  572  -14   24  285   17
 72340  -92.24   34.83  165    1  573  -15   11  250   12
 72363 -101.69   35.23 1099    1  565  -14   39  220   25
 72365 -106.61   35.05 1620    1  558  -16   22  240   29
 72402  -75.47   37.85    3    1  561  -19   18  300   34
 72403  -77.44   38.95   98    1  560  -20   23  305   29
 72451  -99.96   37.77  790    1  561  -16   29  230   25
 72456  -95.61   39.07  270    1  563  -15   43  235   20
 72469 -104.86   39.75 1625    1  551  -19   16  230   24
 72476 -108.52   39.12 1475    1  546  -23  2.7  215   25
 72520  -80.21   40.50  373    1  559  -20   18  300   26
 72528  -78.72   42.93  215    1  552  -23   18  310   25
 72562 -100.67   41.13  849    1  555  -18   16  225   20
 72572 -111.96   40.78 1288    1  539  -27  3.4  295    2
 72597 -122.86   42.37  405    1  540  -31   40  325   24
 72645  -88.12   44.48  214    1  555  -23  3.2  290   23
 72662 -103.06   44.05  966    1  546  -20   20  225   14
 72681 -116.21   43.57  874    1  537  -31  3.3  235    7
 72694 -122.99   44.92   61    1  539  -35   12  330   19
 72712  -68.01   46.87  190    1  530  -33    6  315   22
 72747  -93.37   48.57  361    1  546  -24  2.8  265   22
 72764 -100.74   46.77  506    1  545  -23  4.0  235   18
 72768 -106.61   48.22  700    1  539  -26  3.6  220   13
 72797 -124.54   47.95   62    1  539  -33   16  335   16
 74494  -69.96   41.67   16    1  547  -28   11  290   26
 76225 -106.07   28.63 1435    1  572  -10   27  255   27
 76256 -110.89   27.92   11    1  574  -12   25  260   26
 76458 -106.41   23.20    4    1  583   -8   11  275   19
 76644  -89.64   20.98    9    1  586   -6   49  300    4
 76679  -99.07   19.43 2234    1  587   -5   28  265    2
 78016  -64.67   32.37   28    1  576  -15  4.2  260   30
 78384  -81.34   19.28    3    1  586   -9   10  215    6
 78397  -76.77   17.93    2    1  587   -6   28  200    4
 78486  -69.87   18.43   14    1  588   -7   22  140    6
 78526  -65.99   18.43    4    1  589   -6 9999  100    4
 78954  -59.47   13.07   56    1  587   -5   27   85    7
 78970  -61.34   10.62   15    1  586   -5    7   95    4
 80222  -74.12    4.70 2548    1  586   -5  4.4   95    6
 81405  -52.36    4.83    9    1  586   -5    7   90    9
 91165 -159.34   21.98   45    1  582   -9   29   40    3
 91285 -155.06   19.72   11    1  581   -7   41  325    9
 91334  151.85    7.47    2    1  585   -3   24   65   21
 91348  158.22    6.97   46    1  581   -6   26   60    9
 91376  171.38    7.08    3    1  585   -8   .9  170    2
 91408  134.48    7.33   33    1  587   -5  3.4   95   17
 91413  138.08    9.48   17    1  588   -4   21   90   17
 98646  123.97   10.30    9    1  588   -5  4.4  120   10
