diamond 2 10年11月27日08时500百帕高空观测
10 11 27 08  500 398
  1001   -8.66   70.93    9    1  544  -38   16    5   15
  1028   19.02   74.52   14    1  541  -34   12   70   21
  1152   14.37   67.27   13    1  526  -42   12  100   14
  1241    9.60   63.70    7    1  522  -38   13  135    6
  2365   17.45   62.53    6    1  524  -35   19  125    1
  2836   26.65   67.37  179    1  525  -42   13   60    9
  2963   23.50   60.82  103    1  523  -33  4.2   25    3
  3005   -1.17   60.13   84    1  524  -42  2.6  360   24
  3808   -5.31   50.22   88    1  525  -36  4.6  315    8
  3953  -10.24   51.93   14    1  529  -37   13  350   23
  4018  -22.59   63.97   38    1  557  -28   21  345   22
  6011   -6.76   62.02   39    1  533  -41    7   10   21
  6610    6.95   46.82  491    1  527  -33   24  280   10
  7110   -4.41   48.45  103    1  526  -35 9999  330   10
  7510    -.69   44.83   45    1  534  -30    6  270   23
  8001   -8.41   43.37   67    1  550  -23   30  320   19
  8221   -3.54   40.45  582    1  550  -19   44  285   16
  8495   -5.34   36.15    5    1  556  -15  4.7  270    9
 10035    9.55   54.53   47    1  520  -37  2.5  270    5
 10393   14.12   52.22  112    1  524  -35  3.8  210   13
 10410    6.97   51.40  161    1  522  -37    7  265    6
 10739    9.20   48.83  311    1  524  -36    6  275    5
 10868   11.55   48.25  484    1  524  -36  3.0  245    6
 11035   16.37   48.25  209    1  527  -31  3.0  195    8
 11520   14.45   50.00  304    1  526  -33  3.6  210   11
 12843   19.18   47.43  139    1  530  -29  2.1  185   11
 13275   20.42   44.77  204    1  534  -29   21  250   27
 15120   23.57   46.78  413    1  538  -26   .9  205   17
 15420   26.13   44.50   91    1  546  -24    9  240   38
 16080    9.28   45.43  103    1  527  -32   20  280   14
 16320   17.95   40.65   10    1  551  -20   29  255   35
 16429   12.50   37.92   14    1  557  -18   .8  255   31
 16560    9.05   39.25    3    1  551  -18  1.3  260   29
 17030   36.33   41.28    4    1  564  -20    8  260   28
 17062   29.08   40.97   40    1  560  -18    5  260   28
 17130   32.88   39.95  894    1  566  -17   11  250   29
 17220   27.17   38.43   25    1  569  -15    9  255   29
 17240   30.55   37.75  997    1  571  -15   40  250   26
 20046   58.05   80.62   20    1  538  -35   10  350   11
 20292  104.28   77.72   13    1  522  -41  1.8  335    6
 20674   80.40   73.50   50    1  527  -35  3.3   70   15
 20744   52.73   72.38   16    1  529  -36    9   80   30
 20891  102.47   71.98   33    1  521  -39   .9   75    9
 21432  137.90   76.00   22    1  510  -43  1.4  355    9
 21824  128.92   71.58    8    1  515  -38    6   10   11
 21946  147.88   70.62   48    1  507  -39  1.0  325    4
 22113   33.05   68.97  120    1  524  -41  2.6   45    8
 22217   32.43   67.13   26    1  522  -41    6   50    5
 22271   44.13   67.88   16    1  520  -41  2.7   20    6
 22522   34.78   64.98   10    1  523  -36    5  345    4
 22550   40.50   64.58   13    1  521  -34  1.8  310    3
 22820   34.27   61.82  110    1  522  -32    5  160    3
 22845   38.93   61.50  121    1  523  -32  2.8  165    2
 23205   53.02   67.65    7    1  519  -40    6  310    6
 23330   66.53   66.53   21    1  517  -48    5  285   12
 23418   57.10   65.12   67    1  519  -34  2.4  265    9
 23472   87.95   65.78   32    1  515  -47  4.6  130    5
 23804   50.85   61.67  121    1  522  -34  3.4  255    7
 23884   90.00   61.60   63    1  515  -45  4.1  315    2
 23921   60.43   60.68   86    1  526  -30  2.2  130    7
 23955   77.87   60.43   47    1  531  -30  2.9  285   29
 24125  112.43   68.50  203    1  512  -42  1.6   85   12
 24266  133.38   67.55  137    1  510  -42  3.8   65    6
 24343  123.40   66.77   78    1  510  -43  1.2   65    8
 24507  100.07   64.17  186    1  512  -44    6  360    5
 24641  121.62   63.77  118    1  511  -47  4.0  315    6
 24688  143.15   63.27  742    1  514  -42    5  230   11
 24726  113.87   62.53  357    1  511  -44   .9  195    3
 24908  102.27   60.33  260    1  512  -43  2.1   30    4
 24944  120.42   60.40  134    1  514  -45  3.7  185    4
 24959  129.75   62.08  103    1  511  -45    5  210    7
 25400  150.90   65.73   43    1  511  -39   15  250   17
 25703  152.42   62.92  207    1  518  -39   10  245   24
 25913  150.78   59.58  118    1  526  -34  1.0  205   17
 26038   24.58   59.38   34    1  523  -33  3.4  345    4
 26063   30.30   59.97   74    1  523  -30  4.9  100    3
 26298   34.05   57.90  188    1  523  -32    6  180    5
 26477   30.60   56.38  111    1  521  -34    6  255    7
 26781   32.07   54.75  241    1  528  -35  3.0  250   22
 27037   39.87   59.28  127    1  524  -32  1.0  250   13
 27199   49.63   58.60  158    1  527  -31  3.1  270   24
 27459   44.00   56.27  157    1  530  -32   14  255   30
 27595   49.18   55.78  117    1  536  -30   12  260   21
 27612   37.57   55.75  191    1  525  -34   10  230   22
 27707   35.33   54.12  237    1  530  -33   14  230   20
 27730   39.70   54.63  158    1  533  -31   11  245   23
 27962   45.02   53.13  174    1  540  -29   15  245   18
 27995   49.43   52.98 9999    1  542  -29   11  275   25
 28275   68.18   58.15   54    1  534  -29  3.0  210   10
 28445   61.07   56.73  290    1  530  -29    9  260   16
 28661   65.40   55.47   79    1  533  -27   13  255   26
 28698   73.40   54.93   94    1  543  -26   .7  255   24
 28952   63.62   53.22  171    1  542  -26   15  265   43
 29231   82.90   58.30   76    1  531  -31  3.9  300   35
 29263   92.15   58.45   78    1  517  -42    7  315   24
 29282   97.40   58.42  134    1  513  -44  3.0  325    7
 29612   78.40   55.37  120    1  546  -26   .4  265   21
 29634   82.90   55.03  152    1  544  -27  3.8  295   27
 29698   99.03   54.88  410    1  517  -40   10  300   31
 29862   91.32   53.77  256    1  536  -31   .0  305   36
 30230  108.12   57.77  258    1  505  -45    5   25    9
 30309  101.83   56.07  326    1  513  -45  3.4  320    8
 30372  118.37   56.92  711    1  509  -47  2.4  220   11
 30554  113.58   54.47  995    1  507  -48  4.5  220    7
 30635  108.98   53.43  470    1  510  -46  2.3  310   20
 30673  119.78   53.73  619    1  512  -43    6  180    8
 30758  113.33   52.02  671    1  510  -45    6  305    8
 30935  108.75   50.37  770    1  516  -42    7  315   25
 30965  116.52   50.38  684    1  514  -44  1.9  240    5
 31004  125.37   58.62  682    1  511  -44    6  355    1
 31088  143.20   59.37    6    1  520  -39  1.8  180    9
 31168  138.15   56.45    9    1  517  -42  1.4  170   21
 31300  127.23   53.75  232    1  512  -41    6  290   12
 31369  140.70   53.15   47    1  519  -36   11  270   12
 31510  127.50   50.27  137    1  514  -39    5  160    5
 31538  132.13   50.07  314    1  518 9999 9999 9999 9999
 31736  135.23   48.53   72    1  524  -34  2.5  235   19
 31873  133.73   45.87  107    1  527  -33    6  260   27
 31977  132.05   43.27   82    1  532  -33  1.7  235   30
 32061  142.17   50.90   31    1  523  -32   17  260   20
 32098  143.10   49.22    4    1 9999 9999 9999 9999 9999
 32150  142.73   46.92   21    1  534  -29   13  240   19
 32215  156.13   50.68   23    1  542  -25  1.1  210   29
 32389  160.83   56.32   28    1  542  -29  1.5  225   22
 32540  158.75   52.97   83    1  544  -27  1.5  200   26
 33658   25.97   48.27  220    1  540  -28   15  220   11
 33837   30.63   46.48   41    1  544  -26  2.4  240   23
 34009   36.18   51.65  245    1  536  -29  1.8  210   11
 34122   39.17   51.70   99    1  538  -28  1.6  215   18
 34172   46.03   51.57  168    1  545  -28   20  240   14
 34247   41.05   50.42   93    1  544  -28  1.8  230   33
 34300   36.28   49.93  152    1  535  -30  3.7  225   19
 34560   44.35   48.68  145    1  550  -26  1.5  265   28
 34731   39.82   47.25   77    1  548  -24  3.0  255   31
 34858   43.35   45.92   87    1  558  -21    8  255   26
 34880   48.03   46.27  -16    1  557  -22   10  265   25
 35121   55.10   51.75  113    1  547  -24   21  265   35
 35229   57.15   50.28  227    1  554  -22  3.4  240   26
 35394   73.13   49.80  555    1  560  -21    8  285   18
 35671   67.72   47.80  345    1  564  -20   13  255   13
 35700   51.85   47.02 9999    1  559  -21    6  250   21
 36003   76.95   52.28  146    1  555  -23    5  270   25
 36096   94.50   51.72  628    1  537  -31  2.4  305   33
 36870   76.93   43.23  847    1  566  -24    7  210    4
 37018   39.07   44.10 9999    1  559  -20    6  250   25
 37054   43.10   44.22  314    1  563  -19    7  250   23
 38341   71.38   42.85  642    1  568  -21   15  360    6
 40179   34.82   32.00   30    1  580  -14   31  315    5
 40582   47.98   29.22   55    1  580  -14   27  275    4
 40745   59.63   36.27  980    1  575  -15   19  315    5
 40848   52.58   29.53 1491    1  579  -14   34  285    6
 41217   54.65   24.43   27    1  582  -12   21  260    9
 41256   58.28   23.58   15    1  582  -11   31  275   10
 42182   77.20   28.58  216    1  576  -11   33  250   23
 42361   78.25   26.23  207    1 9999 9999 9999 9999 9999
 42397   88.37   26.67  123    1  572  -10   12 9999 9999
 42647   72.63   23.07   55    1  575  -12    6  230   17
 42724   91.25   23.88   16    1  580   -5   39  280   15
 42809   88.45   22.65    6    1  576   -7   29  270   14
 42867   79.05   21.10  310    1  586   -4   42  220    8
 42971   85.83   20.25   46    1  584   -5   11  255    8
 43003   72.85   19.12   14    1  581   -8  1.0 9999 9999
 43128   78.47   17.45  545    1  582   -6  2.3  170    4
 43150   83.30   17.70   66    1  580   -7   18  180    5
 43185   81.15   16.20    3    1  582  -10   10  145    5
 43333   92.72   11.67   79    1  584   -3   23   85   11
 44231  100.17   49.63 1288    1  536  -32    7  310   32
 44292  106.98   47.93 1338    1  530  -33    5  310   39
 45004  114.17   22.32   66    1  582   -4   30  260   22
 47058  125.78   39.03   38    1  539  -30    9  285   23
 47122  127.03   37.10   52    1  546  -27  3.7  265   26
 47138  129.38   36.03    6    1  551  -25   16  270   25
 47158  126.82   35.12   13    1  552  -25   13  275   24
 47401  141.68   45.42   11    1  537  -28   13  240   18
 47412  141.33   43.05   19    1  542  -27   18  250   15
 47580  141.38   40.70   39    1  546  -25   36  250   11
 47582  140.10   39.72   10    1  547  -25   36  245   14
 47600  136.90   37.38   14    1  550  -25   22  250   17
 47646  140.13   36.05   31    1  554  -23   31  235   22
 47678  139.78   33.10   80    1  559  -23   17  245   22
 47681  137.70   34.75   48    1  554  -24   29  260   18
 47778  135.77   33.45   75    1  557  -23   23  265   19
 47807  130.38   33.58   14    1  558  -22   19  295   27
 47827  130.55   31.57    5    1  563  -21   25  290   23
 47909  129.50   28.38    7    1  571  -15    8  270   40
 47918  124.17   24.33    7    1  579  -10   16  250   27
 47945  131.23   25.83   15    1  578  -11   17  255   34
 47971  142.18   27.08    8    1  579   -9   33  255   30
 47991  153.97   24.30    9    1  590   -7   15  280    9
 48327   98.98   18.78  314    1  586   -3   35  310    5
 48820  105.80   21.02    6    1  584   -2   25  295   11
 48855  108.18   16.03    7    1  587   -3   47  170    5
 48900  106.67   10.82   19    1  586   -5  4.1  145    8
 50527  119.75   49.22  611    1  513  -40    6  270    2
 50557  125.23   49.17  243    1  514  -38  2.3  145    3
 50745  123.92   47.38  148    1  513  -39  3.5   20    4
 50774  128.90   47.72  250    1  519  -37  3.7  190   14
 50834  121.23   46.61  500    1  514  -40  3.2  360    9
 50953  126.77   45.75  143    1  514  -41  3.1  200   34
 51076   88.08   47.73  737    1  559  -25   20  310   19
 51133   83.00   46.73  535    1  563  -24    6  295   15
 51243   84.85   45.60  428    1  563  -26  4.2  305   14
 51288   90.53   45.37 1651    1  560  -25   10  310   20
 51431   81.33   43.95  663    1  567  -24   18  295    6
 51463   87.62   43.78  919    1  564  -24   15  325   10
 51628   80.23   41.16 1105    1  568  -24   12  160    4
 51644   82.95   41.72 1100    1  568  -24    8  275    7
 51656   86.13   41.75  933    1  567  -23   29  320    8
 51709   75.98   39.47 1291    1  566  -25   14  110    6
 51777   88.17   39.03  889    1  568  -21   29  210    2
 51828   79.93   37.13 1375    1  568  -17   22  245   10
 51839   82.71   37.06 1410    1  568  -16   12  205    4
 51886   90.85   38.25 2945    1  568  -20   29  305    3
 52203   93.52   42.82  739    1  562  -24   13  305   17
 52267  101.07   41.95  941    1  557  -24    8  305   29
 52323   97.03   41.80 1770    1  562  -25   11  305   15
 52418   94.68   40.15 1140    1  565  -24   21  315   11
 52495  104.50   40.75 1329    1  557  -23    8  295   27
 52533   98.48   39.77 1478    1  563  -24   31  305   16
 52652  100.43   38.93 1483    1  563  -24   17  305   17
 52681  103.08   38.63 1367    1  562  -25   15  295   18
 52818   94.90   36.42 2809    1  568  -19   16  295    7
 52836   98.10   36.30 3192    1  568  -19   24  280   11
 52866  101.77   36.62 2262    1  564  -22   29  285   12
 52983  104.15   35.86 1875    1  565  -20   31  275   17
 53068  112.00   43.65  966    1  535  -31   15  310   42
 53336  108.52   41.57 1290    1  548  -27  3.0  300   33
 53463  111.68   40.82 1065    1  546  -27    8  300   36
 53513  107.40   40.77 1041    1  551  -23   10  295   34
 53543  109.98   39.83 1459    1  552  -23    8  300   34
 53614  106.22   38.48 1112    1  560  -23   18  265   12
 53772  112.55   37.78  779    1  555  -22   17  295   30
 53798  114.50   37.07   78    1  556  -23   12  285   32
 53845  109.50   36.60  959    1  562  -23    8  290   21
 53915  106.67   35.55 1348    1  565  -21   28  280   19
 54102  116.07   43.95  991    1  522  -36   15  315   44
 54135  122.27   43.60  180    1  514  -39    6  330   13
 54161  125.22   43.90  238    1  513  -40   31  235   20
 54218  118.97   42.27  572    1  522  -36   18  310   38
 54292  129.47   42.88  178    1  529  -31   11  225   31
 54342  123.43   41.77   43    1  517  -37   26  260   36
 54374  126.92   41.72  333    1  526  -30    6  240   41
 54401  114.88   40.78  726    1  539  -28   12  305   45
 54497  124.33   40.05   14    1  535  -29  4.9  265   38
 54511  116.47   39.80   55    1  543  -26   23  295   45
 54539  118.90   39.43   12    1  542  -28   21  290   44
 54662  121.63   38.90   97    1  539  -28   18  285   40
 54727  117.56   36.73   69    1  555  -22   21  290   34
 54778  122.38   37.16   40    1  548  -27   35  285   37
 54857  120.33   36.07   77    1  554  -23   21  290   35
 55299   92.07   31.48 4508    1  575   -8   41  270   25
 55591   91.13   29.67 3650    1  578   -6   42  275   17
 55664   87.08   28.63 4302    1  578   -7   30  270    9
 56004   92.43   34.22 4535    1  570  -12   27  275    7
 56029   97.02   33.02 3682    1  570  -10   30  275   16
 56046   99.65   33.75 3968    1  570  -13   20  275   12
 56080  102.90   35.00 2910    1  568  -18   19  290   13
 56096  104.92   33.40 1079    1  569  -17   15  270    9
 56137   97.17   31.15 3307    1  574   -6   35  260   15
 56146  100.00   31.62 3394    1  573   -9   15  280   14
 56173  102.55   32.80 3493    1  571  -13   24  270   12
 56187  103.83   30.70  541    1  573  -12   13  280   18
 56247   99.10   30.00 2589    1  573   -7   14 9999 9999
 56312   94.47   29.57 3001    1  575   -5   28  275   16
 56492  104.60   28.80  342    1  574   -7   22  290   20
 56571  102.27   27.90 1599    1  577   -4   24  265   16
 56651  100.47   26.83 2394    1  577   -2   39  270   15
 56691  104.28   26.87 2236    1  577   -5   42  275   16
 56739   98.48   25.12 1649    1  578   -4   43  280   23
 56778  102.68   25.02 1892    1  580   -4   26  275   24
 56964  100.98   22.77 1303    1  583   -2   21  285   15
 56985  103.38   23.38 1302    1  582   -4   29  280   16
 57083  113.65   34.72  111    1  563  -22   28  280   22
 57127  107.03   33.07  509    1  569  -18  3.1  260   13
 57131  108.93   34.40  398    1  567  -21   13  270   18
 57178  112.58   33.03  131    1  567  -22   11  290   21
 57245  109.03   32.72  291    1  569  -18   14  275   16
 57328  107.50   31.20  311    1  571  -15    6  255   10
 57447  109.47   30.28  458    1  573  -16  3.8  265    9
 57461  111.30   30.70  134    1  572  -17   23  290   17
 57494  114.13   30.62   23    1  569  -19   14  290   22
 57516  106.48   29.52  265    1  573  -12    5  270   15
 57679  113.08   28.20   46    1  574  -15  4.4  290   16
 57749  110.00   27.56  261    1  575   -8   26  300   19
 57816  106.72   26.58 1074    1  578   -4   19  300   23
 57957  110.30   25.33  166    1  578  -10   41  290   22
 57972  113.03   25.80  185    1  578  -12   13  295   19
 57993  114.95   25.85  125    1  576  -13    8  280   19
 58027  117.15   34.28   42    1  562  -22   28  290   25
 58150  120.25   33.77    7    1  562  -22   26  285   25
 58203  115.83   32.93   39    1  565  -21   37  290   19
 58238  118.80   32.00   12    1  566  -21   30  280   20
 58362  121.46   31.41    5    1  566  -21   37  265   17
 58424  117.05   30.53   20    1  569  -18   33  285   24
 58457  120.17   30.23   43    1  569  -19   38  280   21
 58606  115.92   28.60   50    1  573  -15    7  290   23
 58633  118.87   28.97   71    1  571  -18   17  285   25
 58665  122.25   28.63    2    1  571  -17   24  275   25
 58725  117.43   27.33  192    1  575  -14  1.9  260   20
 58847  119.28   26.08   85    1  576  -13  2.5  275   26
 58968  121.52   25.03    9    1  578  -12   10  250   24
 59023  108.05   24.70  214    1  579  -10   41  305   23
 59134  118.08   24.48  139    1  578   -9   20  260   28
 59211  106.60   23.90  242    1  580   -5   16  290   13
 59265  111.30   23.48  120    1  580   -5   32  280   20
 59280  113.05   23.66   19    1  580   -4   24  280   22
 59293  114.68   23.73   41    1  580   -6   42  260   25
 59316  116.68   23.40    3    1  580   -5   42  255   28
 59362  121.62   24.02   14    1  580   -9   21  250   24
 59431  108.35   22.82   73    1  582   -2   43  305   14
 59644  109.10   21.48   16    1  584   -3   35  265   15
 59663  111.97   21.87   22    1  584   -4   31  260   17
 59758  110.35   20.03   15    1  585   -3   43  255   15
 59792  116.72   20.67    6    1  584   -5   32  255   18
 59948  109.52   18.23    7    1  586   -2   35  240    9
 59981  112.33   16.83    5    1  587   -3   43  200    5
 70026 -156.77   71.30    4    1  514  -35  3.2  135    7
 70133 -162.62   66.87    5    1  513  -39   12  305   15
 70200 -165.42   64.50    7    1  524  -31   26  280   29
 70231 -155.61   62.97  103    1  529  -30  4.3  275   23
 70261 -147.86   64.82  138    1  522  -32   19  280   25
 70273 -150.01   61.17   40    1  533  -29    6  300   23
 70308 -170.21   57.15    9    1  544  -26  3.6  235   27
 70316 -162.71   55.20   31    1  555  -23  3.8  275   25
 70326 -156.64   58.68   15    1  542  -28   41  280   32
 70350 -152.49   57.75    3    1  544  -26    6  300   23
 70361 -139.66   59.52    9    1  528  -32   16  310    7
 70398 -131.56   55.03   34    1  527  -35  3.8  225    9
 71043 -126.79   65.28   74    1  525  -33  1.0 9999 9999
 71081  -81.24   68.78    8    1  541  -31    6 9999 9999
 71082  -62.32   82.50   66    1  549  -31  2.9  175   11
 71109 -127.36   50.68   22    1  531  -34  2.2  185   14
 71600  -60.01   43.93    4    1  553  -16   .0  260   31
 71811  -66.26   50.22   55    1  523  -27   20  225   15
 71815  -58.54   48.53   60    1  539  -18  2.2 9999 9999
 71816  -60.41   53.32   49    1  525  -22   38  245   16
 71836  -80.64   51.27   10    1  503  -30   12   70   33
 71867 -101.09   53.97  271    1  539  -27   11  295   10
 71906  -68.41   58.10   37    1  527  -24  2.0 9999 9999
 71907  -78.11   58.45    6    1  529  -29    8   45   11
 71909  -68.52   63.75   34    1  541  -24  1.6  125   14
 71913  -94.06   58.75   29    1  535  -30    7 9999 9999
 71915  -83.36   64.20   67    1  540  -31    5 9999 9999
 71917  -85.92   79.98   10    1  540  -33    6  155   16
 71924  -94.97   74.72   42    1  524  -36  3.0  145   33
 71925 -105.11   69.10   27    1  520  -33   13  260   22
 71926  -96.07   64.30   18    1  535  -30  1.9  210    4
 71934 -111.94   60.02  203    1  530  -29    7  295   17
 71945 -122.57   58.83  382    1  528  -31  4.2 9999 9999
 71957 -133.47   68.30   68    1  519  -32  2.8  260   10
 71964 -135.06   60.72  703    1  527  -32    7  245    4
 72201  -81.74   24.55    6    1  586   -5   49  205   10
 72208  -80.02   32.90   15    1  573  -10   43  240   39
 72235  -90.07   32.32  101    1  571  -12   39  255   37
 72240  -93.21   30.12   10    1  575  -11 9999  265   27
 72250  -97.42   25.90    6    1  582   -7   32  255   21
 72261 -100.91   29.37  313    1  578  -12   46  300    8
 72265 -102.17   31.95  872    1  577  -13   30  325    8
 72274 -110.92   32.12  779    1  579  -12   28  255   10
 72317  -79.94   36.08  270    1  560  -14  3.2  255   47
 72327  -86.67   36.12  180    1  557  -18   20  265   35
 72340  -92.24   34.83  165    1  566  -15   32  305   22
 72363 -101.69   35.23 1099    1  572  -13   16  305   17
 72365 -106.61   35.05 1620    1  575  -13   22  295   15
 72402  -75.47   37.85    3    1  557  -14  3.3  260   52
 72403  -77.44   38.95   98    1  549  -18   32  255   37
 72456  -95.61   39.07  270    1  560  -19   16  305   30
 72469 -104.86   39.75 1625    1  566  -19   18  295   22
 72476 -108.52   39.12 1475    1  570  -15   31  285   19
 72520  -80.21   40.50  373    1  540  -23   10  260   38
 72528  -78.72   42.93  215    1  528  -28   10  260   34
 72562 -100.67   41.13  849    1  560  -19   10  310   28
 72572 -111.96   40.78 1288    1  568  -18   24  285   16
 72597 -122.86   42.37  405    1  557  -23   20  245   24
 72645  -88.12   44.48  214    1  529  -29   15  300   26
 72662 -103.06   44.05  966    1  556  -24    7  310   26
 72681 -116.21   43.57  874    1  560  -20   21  250   25
 72694 -122.99   44.92   61    1  548  -24    5  245   33
 72712  -68.01   46.87  190    1  527  -24   12  235   33
 72747  -93.37   48.57  361    1  534  -26   18  345   20
 72764 -100.74   46.77  506    1  547  -26   .7  305   19
 72768 -106.61   48.22  700    1  550  -26    7  275   20
 72797 -124.54   47.95   62    1  537  -32    8  225   29
 74494  -69.96   41.67   16    1  543  -15   16  250   53
 76458 -106.41   23.20    4    1  585   -6   48  300   10
 76644  -89.64   20.98    9    1  586   -5   39  165    8
 78016  -64.67   32.37   28    1  581   -9   41  285   21
 78526  -65.99   18.43    4    1  589   -5   41  100   11
 81405  -52.36    4.83    9    1  587   -5   24   75    9
 91165 -159.34   21.98   45    1  585   -9   47   35    7
 91285 -155.06   19.72   11    1  582   -8 9999   25   17
 91334  151.85    7.47    2    1  588   -4   31   70   15
 91348  158.22    6.97   46    1  587   -4   24   50   17
 91376  171.38    7.08    3    1  584   -6    9  230   13
 91408  134.48    7.33   33    1  587   -5  3.8  110   13
 91413  138.08    9.48   17    1  589   -7    6  115   14
 98223  120.53   18.18    5    1  586   -6   31  255    8
 98646  123.97   10.30    9    1  589   -6    5  100   10
