diamond 2 10年11月28日08时500百帕高空观测
10 11 28 08  500 399
  1001   -8.66   70.93    9    1  551  -31   26   10   10
  1028   19.02   74.52   14    1  544  -34    8   15   12
  1152   14.37   67.27   13    1  533  -35   17   85   30
  1241    9.60   63.70    7    1  528  -36    8  330    3
  2185   22.13   65.55   16    1  526  -38   28   65   11
  2365   17.45   62.53    6    1  526  -37   16   15    3
  2836   26.65   67.37  179    1  530  -35   12   70   26
  2963   23.50   60.82  103    1  525  -36  2.4  240    3
  3005   -1.17   60.13   84    1  524  -37    6  125   16
  3808   -5.31   50.22   88    1  522  -38   16  270    7
  3953  -10.24   51.93   14    1  526  -39    7  345   18
  4018  -22.59   63.97   38    1  554  -28   19   15   31
  4220  -52.74   68.70   47    1  555  -24   12  180   20
  4320  -18.66   76.77   12    1  552  -27   21  325   15
  6011   -6.76   62.02   39    1  526  -39    9   65   14
  6610    6.95   46.82  491    1  532  -30   34  235   38
  7510    -.69   44.83   45    1  530  -31    6  250   26
  8221   -3.54   40.45  582    1  543  -22   34  280   19
  8495   -5.34   36.15    5    1  552  -19    9  280   24
 10035    9.55   54.53   47    1  522  -39  2.4  215    5
 10393   14.12   52.22  112    1  525  -36  2.5  215    9
 10410    6.97   51.40  161    1  522  -36   13  230    6
 10739    9.20   48.83  311    1  527  -35    7  235   20
 10868   11.55   48.25  484    1  531  -34  2.1  250   35
 11035   16.37   48.25  209    1  535  -31   17  260   21
 11520   14.45   50.00  304    1  530  -35    5  245   17
 12120   17.53   54.75    2    1  527  -36  2.7  175   10
 12374   20.97   52.40   96    1  530  -34  2.9  175    9
 12425   16.98   51.13  116    1  529  -35   10  255   14
 12843   19.18   47.43  139    1  539  -29   13  255   30
 15120   23.57   46.78  413    1  542  -26   24  260   36
 15420   26.13   44.50   91    1  555  -22  1.2  250   37
 16080    9.28   45.43  103    1  539  -27   19  245   32
 16320   17.95   40.65   10    1  559  -19  2.0  250   20
 16429   12.50   37.92   14    1  560  -19    9  235   25
 16560    9.05   39.25    3    1  555  -18  2.4  210   19
 17030   36.33   41.28    4    1  569  -18    6  270   19
 17062   29.08   40.97   40    1  568  -19    8  250   31
 17130   32.88   39.95  894    1  572  -18    7  275   20
 17220   27.17   38.43   25    1  573  -17    6 9999 9999
 17240   30.55   37.75  997    1  575  -17   11  275   20
 20046   58.05   80.62   20    1  531  -33  3.5  355   35
 20292  104.28   77.72   13    1  516  -42  1.6   60    5
 20674   80.40   73.50   50    1  518  -41  2.5  325    9
 20744   52.73   72.38   16    1  527  -39    6   45    7
 20891  102.47   71.98   33    1  516  -42  1.1    0    0
 21432  137.90   76.00   22    1  509  -42   .9   50    7
 21824  128.92   71.58    8    1  512  -43  1.4   25    7
 21946  147.88   70.62   48    1  508  -42  1.3  280    5
 22113   33.05   68.97  120    1  530  -36  2.9   45   23
 22217   32.43   67.13   26    1  525  -36    7   60   29
 22271   44.13   67.88   16    1  518  -39   16   75   20
 22522   34.78   64.98   10    1  520  -39    6    5    9
 22550   40.50   64.58   13    1  516  -37    9  260    7
 22845   38.93   61.50  121    1  520  -34   .6  285    5
 23205   53.02   67.65    7    1  519  -39    6  110    2
 23330   66.53   66.53   21    1  518  -38    8  295    7
 23418   57.10   65.12   67    1  519  -37  1.3  230   10
 23472   87.95   65.78   32    1  516  -42    5   50    8
 23804   50.85   61.67  121    1  522  -34    6  240   15
 23884   90.00   61.60   63    1  514  -40    9  310   20
 23921   60.43   60.68   86    1  526  -34    9  285   22
 23955   77.87   60.43   47    1  522  -33  2.1  295   10
 24125  112.43   68.50  203    1  513  -43  1.2   65    8
 24266  133.38   67.55  137    1  507  -44  3.0  100    2
 24343  123.40   66.77   78    1  510  -42  2.1   35    9
 24507  100.07   64.17  186    1  508  -46  2.1   65    4
 24641  121.62   63.77  118    1  510  -45  4.8  340    4
 24688  143.15   63.27  742    1  510  -42    8  195   12
 24726  113.87   62.53  357    1  511  -46  2.8  110    2
 24908  102.27   60.33  260    1  510  -44    5  290    2
 24944  120.42   60.40  134    1  514  -46    6  280    5
 24959  129.75   62.08  103    1  508  -46  1.5  290   10
 25123  161.28   68.80   32    1 9999 9999 9999 9999 9999
 25400  150.90   65.73   43    1  513  -40  2.3  210    8
 25703  152.42   62.92  207    1  515  -41  2.3  215    6
 25913  150.78   59.58  118    1  520  -36    8 9999 9999
 26038   24.58   59.38   34    1  527  -35   11  255   15
 26063   30.30   59.97   74    1  527  -32  4.0  305   11
 26298   34.05   57.90  188    1  523  -32    7  320   13
 26477   30.60   56.38  111    1  529  -33   10  300   20
 26781   32.07   54.75  241    1  530  -33   10  295   16
 27037   39.87   59.28  127    1  521  -36  1.8  310    7
 27199   49.63   58.60  158    1  524  -33  4.2  195   11
 27459   44.00   56.27  157    1  522  -36  2.5  260    6
 27595   49.18   55.78  117    1  528  -28    7  225   30
 27612   37.57   55.75  191    1  524  -32  4.0  295   16
 27707   35.33   54.12  237    1  529  -31   13  305   21
 27730   39.70   54.63  158    1  526  -32  3.6  290   19
 27962   45.02   53.13  174    1  529  -28   10  250   23
 27995   49.43   52.98 9999    1  535  -26  3.6  245   24
 28275   68.18   58.15   54    1  529  -33   11  280   26
 28445   61.07   56.73  290    1  535  -30  3.9  265   18
 28661   65.40   55.47   79    1  538  -27    6  270   20
 28698   73.40   54.93   94    1  539  -30    8  285   39
 28952   63.62   53.22  171    1  545  -26  2.5  270   27
 29231   82.90   58.30   76    1  522  -33  2.1  290    6
 29263   92.15   58.45   78    1  522  -34  1.9  290   21
 29282   97.40   58.42  134    1  517  -36  3.7  305   34
 29612   78.40   55.37  120    1  531  -31   12  280   37
 29634   82.90   55.03  152    1  532  -31   12  280   29
 29698   99.03   54.88  410    1  524  -33  2.7  290   26
 29862   91.32   53.77  256    1  533  -30   16  280   31
 30054  112.58   59.45  193    1  509  -48  2.1  170    9
 30309  101.83   56.07  326    1  518  -36    5  310   35
 30372  118.37   56.92  711    1  510  -45  3.9  145   10
 30554  113.58   54.47  995    1  507  -46  4.7  135    1
 30635  108.98   53.43  470    1  515  -41    7  305   14
 30673  119.78   53.73  619    1  511  -42  3.5  140   14
 30758  113.33   52.02  671    1  510  -42  3.2  320   21
 30935  108.75   50.37  770    1  521  -34   10  320   40
 30965  116.52   50.38  684    1  510  -42    9  320   14
 31004  125.37   58.62  682    1  510  -44  1.7   25    2
 31088  143.20   59.37    6    1  517  -41    8  255    9
 31168  138.15   56.45    9    1  517  -39  4.8  220   14
 31300  127.23   53.75  232    1  512  -41    9  135    3
 31369  140.70   53.15   47    1 9999 9999 9999 9999 9999
 31510  127.50   50.27  137    1  508  -42  2.9  140   10
 31736  135.23   48.53   72    1  510  -37  2.9  135   11
 31873  133.73   45.87  107    1  506  -40  2.8  230    7
 31977  132.05   43.27   82    1  514  -41  2.9  270   27
 32061  142.17   50.90   31    1  526  -32  1.9  175   18
 32098  143.10   49.22    4    1 9999 9999 9999 9999 9999
 32150  142.73   46.92   21    1  524  -31    9  175   32
 32215  156.13   50.68   23    1  535  -26   14  250   11
 32389  160.83   56.32   28    1  537  -27  1.0  205   18
 32540  158.75   52.97   83    1  536  -26  2.4  185   13
 33393   23.95   49.82  325    1  534  -35  1.8  265   15
 34009   36.18   51.65  245    1  535  -29   14  300    9
 34122   39.17   51.70   99    1  531  -29   15  270   18
 34172   46.03   51.57  168    1  536  -27   .0  240   24
 34247   41.05   50.42   93    1  536  -30   10  260   27
 34300   36.28   49.93  152    1  536  -30    9  255   15
 34560   44.35   48.68  145    1  546  -21  3.3  250   41
 34731   39.82   47.25   77    1  547  -22   19  250   36
 34858   43.35   45.92   87    1  554  -19  1.7  260   38
 35121   55.10   51.75  113    1  546  -24   .4  250   28
 35229   57.15   50.28  227    1  550  -22    6  260   28
 35394   73.13   49.80  555    1  554  -22   23  290   25
 35671   67.72   47.80  345    1  560  -20   18  275   22
 35700   51.85   47.02 9999    1  559  -18  3.4  265   29
 36003   76.95   52.28  146    1  548  -27   16  285   25
 36096   94.50   51.72  628    1 9999 9999 9999 9999 9999
 36870   76.93   43.23  847    1  563  -22   19  300    8
 37018   39.07   44.10 9999    1  562  -21  2.6  255   31
 38341   71.38   42.85  642    1  567  -20  2.2  285   12
 40179   34.82   32.00   30    1  583  -13   21  205    4
 40582   47.98   29.22   55    1  580  -13   46   10   10
 40745   59.63   36.27  980    1  573  -18   20  250    9
 40754   51.35   35.68 1191    1  574  -16   14  315   12
 40848   52.58   29.53 1491    1  578  -15   21  295    8
 41217   54.65   24.43   27    1  580  -10   33  270   15
 41256   58.28   23.58   15    1  582  -10   33  280   17
 41316   54.08   17.03   20    1  584   -8   32  270    6
 41780   67.13   24.90   22    1  576  -13   23  280   16
 42314   95.02   27.48  111    1  575   -5   11  280   27
 42361   78.25   26.23  207    1 9999 9999 9999 9999 9999
 42369   80.88   26.75  128    1  576  -12  1.6  250   25
 42379   83.37   26.75   77    1  578  -12   .5 9999 9999
 42647   72.63   23.07   55    1  575  -12 9999  250   16
 42724   91.25   23.88   16    1  583   -6   37  280   16
 42809   88.45   22.65    6    1  581   -6   24  260   15
 42867   79.05   21.10  310    1  586   -7  1.4  235   13
 42971   85.83   20.25   46    1  582   -7  4.5 9999 9999
 43003   72.85   19.12   14    1  581   -9    5 9999 9999
 43128   78.47   17.45  545    1  584   -6   14  165   10
 43150   83.30   17.70   66    1  584   -5   24  185    3
 43185   81.15   16.20    3    1  583   -6   42  165    7
 43192   73.82   15.48   60    1  583   -5  4.1 9999 9999
 43333   92.72   11.67   79    1  591   -1    7  150    6
 44231  100.17   49.63 1288    1  541  -30  3.3  305   29
 44292  106.98   47.93 1338    1  535  -32  3.7  310   32
 47058  125.78   39.03   38    1  533  -36    7 9999 9999
 47122  127.03   37.10   52    1  545  -29   10  275   35
 47138  129.38   36.03    6    1  551  -26    8  270   39
 47158  126.82   35.12   13    1  550  -27    8  270   33
 47401  141.68   45.42   11    1  522  -30   33  205   35
 47412  141.33   43.05   19    1  528  -29   23  235   42
 47580  141.38   40.70   39    1  540  -28    6  235   41
 47582  140.10   39.72   10    1  542  -29  2.7  240   40
 47600  136.90   37.38   14    1  547  -25   12  250   37
 47646  140.13   36.05   31    1  557  -23   18  250   29
 47678  139.78   33.10   80    1  565  -19   44  265   34
 47681  137.70   34.75   48    1  558  -24   29  260   35
 47778  135.77   33.45   75    1  564  -19   30  260   35
 47807  130.38   33.58   14    1  560  -22  3.2  270   33
 47827  130.55   31.57    5    1  567  -20  2.3  255   30
 47909  129.50   28.38    7    1  576  -13   21  245   24
 47918  124.17   24.33    7    1  582   -7   29  250   24
 47945  131.23   25.83   15    1  582  -10   22  240   22
 47971  142.18   27.08    8    1  582  -12   15  260   33
 47991  153.97   24.30    9    1  591   -7    7  255    7
 48327   98.98   18.78  314    1  587   -5   32  265    2
 48820  105.80   21.02    6    1  586   -4   39  285   13
 48855  108.18   16.03    7    1  588   -5   33  130    6
 48900  106.67   10.82   19    1  587   -5  4.5  100    7
 50527  119.75   49.22  611    1  508  -44   18  315    2
 50557  125.23   49.17  243    1  508  -42    9  130    3
 50745  123.92   47.38  148    1  508  -43  4.9  280    3
 50774  128.90   47.72  250    1  508  -43    5  330   12
 50834  121.23   46.61  500    1  510  -46   24  300   16
 50953  126.77   45.75  143    1  509  -42  4.5  275    8
 51076   88.08   47.73  737    1  558  -24   10  275   24
 51133   83.00   46.73  535    1  562  -24   20  275   18
 51243   84.85   45.60  428    1  564  -23   18  270   15
 51288   90.53   45.37 1651    1  561  -22   13  300   16
 51431   81.33   43.95  663    1  565  -22   20  265    8
 51463   87.62   43.78  919    1  564  -23   29  285    9
 51628   80.23   41.16 1105    1  567  -24   17  255    6
 51644   82.95   41.72 1100    1  566  -24    7  260    6
 51656   86.13   41.75  933    1  566  -22   22  270    6
 51709   75.98   39.47 1291    1  567  -22   22  330    6
 51777   88.17   39.03  889    1  567  -21  2.1  210    8
 51828   79.93   37.13 1375    1  569  -22  3.0  265   12
 51839   82.71   37.06 1410    1  569  -20   17  250    9
 51886   90.85   38.25 2945    1  568  -21    7  225    5
 52203   93.52   42.82  739    1  564  -22   28  305    8
 52267  101.07   41.95  941    1  560  -23   23  320   17
 52323   97.03   41.80 1770    1  565  -22   37  325   12
 52418   94.68   40.15 1140    1  566  -23   28  300    8
 52495  104.50   40.75 1329    1  560  -25   15  300   23
 52533   98.48   39.77 1478    1  565  -24   17  300   12
 52652  100.43   38.93 1483    1  565  -23   18  300   12
 52681  103.08   38.63 1367    1  564  -24   13  300   16
 52818   94.90   36.42 2809    1  570  -18   11  285    5
 52836   98.10   36.30 3192    1  569  -19   14  275    7
 52866  101.77   36.62 2262    1  566  -22   30  295   14
 52983  104.15   35.86 1875    1  566  -21   35  285   16
 53068  112.00   43.65  966    1  539  -31    5  305   36
 53336  108.52   41.57 1290    1  551  -27   12  295   32
 53463  111.68   40.82 1065    1  550  -27   14  300   34
 53513  107.40   40.77 1041    1  555  -26   35  295   28
 53543  109.98   39.83 1459    1  555  -26   16  310   30
 53614  106.22   38.48 1112    1  562  -24   18  275   19
 53772  112.55   37.78  779    1  557  -26   27  305   24
 53798  114.50   37.07   78    1  556  -26   28  300   24
 53845  109.50   36.60  959    1  564  -23   15  300   18
 53915  106.67   35.55 1348    1  567  -23   18  290   12
 54102  116.07   43.95  991    1  527  -32   14  315   52
 54135  122.27   43.60  180    1  519  -43    6  280   36
 54161  125.22   43.90  238    1  515  -42   31  290   25
 54218  118.97   42.27  572    1  529  -37  4.6  285   45
 54292  129.47   42.88  178    1  517  -38   22  285   33
 54337  121.12   41.13   70    1  532  -36   13  295   49
 54342  123.43   41.77   43    1  525  -39   12  280   42
 54374  126.92   41.72  333    1  522  -37    7  285   44
 54401  114.88   40.78  726    1  544  -29   12  305   38
 54497  124.33   40.05   14    1  535  -32  2.5  290   41
 54511  116.47   39.80   55    1  545  -28   16  305   34
 54539  118.90   39.43   12    1  544  -29   16  305   36
 54662  121.63   38.90   97    1  542  -31    7  285   36
 54727  117.56   36.73   69    1  555  -25   20  315   29
 54778  122.38   37.16   40    1  547  -30   29  290   33
 54857  120.33   36.07   77    1  553  -28   35  290   32
 55299   92.07   31.48 4508    1  574  -10   36  265   25
 55591   91.13   29.67 3650    1  576   -7   42  265    7
 55664   87.08   28.63 4302    1  577   -9   25  260   12
 56004   92.43   34.22 4535    1  572  -14   25  175   18
 56029   97.02   33.02 3682    1  571  -11   40  275   13
 56046   99.65   33.75 3968    1  570  -13   20  265   14
 56080  102.90   35.00 2910    1  569  -19   21  280   13
 56096  104.92   33.40 1079    1  570  -17   14  255   12
 56137   97.17   31.15 3307    1  574  -10   22  270    9
 56146  100.00   31.62 3394    1  573  -10    9  265   13
 56173  102.55   32.80 3493    1  571  -15  1.7  250   15
 56187  103.83   30.70  541    1  573  -13   16  270   15
 56247   99.10   30.00 2589    1  574  -10    6  275   11
 56312   94.47   29.57 3001    1  575  -13  1.3  260   13
 56492  104.60   28.80  342    1  575  -12   16  270   16
 56571  102.27   27.90 1599    1  576  -10   12  265   18
 56651  100.47   26.83 2394    1  578   -3   27  270   33
 56691  104.28   26.87 2236    1  577   -9   21  280   27
 56739   98.48   25.12 1649    1  581   -4   38  280   25
 56778  102.68   25.02 1892    1  582   -4   22  265   23
 56964  100.98   22.77 1303    1  583   -3   29  275   17
 56985  103.38   23.38 1302    1  582   -4   43  285   17
 57083  113.65   34.72  111    1  563  -23   37  300   22
 57127  107.03   33.07  509    1  569  -19   24  290   11
 57131  108.93   34.40  398    1  567  -20   37  290   21
 57178  112.58   33.03  131    1  567  -18   38  295   21
 57245  109.03   32.72  291    1  570  -18   17  280   15
 57328  107.50   31.20  311    1  571  -15  4.7  280   13
 57447  109.47   30.28  458    1  573  -13    6  285   18
 57461  111.30   30.70  134    1  572  -15    8  285   20
 57494  114.13   30.62   23    1  570  -15  3.9  260   22
 57516  106.48   29.52  265    1  574  -14  1.8  260   17
 57679  113.08   28.20   46    1  574  -14    8  275   19
 57749  110.00   27.56  261    1  576  -12   40  285   19
 57816  106.72   26.58 1074    1  578  -11    6  260   15
 57957  110.30   25.33  166    1  579   -9   12  275   18
 57972  113.03   25.80  185    1  579  -11  2.1  255   17
 57993  114.95   25.85  125    1  579  -12  4.0  270   23
 58027  117.15   34.28   42    1  562  -23   33  295   28
 58150  120.25   33.77    7    1  562  -23   18  285   30
 58203  115.83   32.93   39    1  565  -19   38  290   27
 58238  118.80   32.00   12    1  567  -18  2.0  285   26
 58362  121.46   31.41    5    1  567  -17  1.9  275   32
 58424  117.05   30.53   20    1  571  -15  1.6  270   26
 58457  120.17   30.23   43    1  570  -15  4.1  270   24
 58606  115.92   28.60   50    1  574  -13  2.0  275   26
 58633  118.87   28.97   71    1  573  -13  1.4  260   27
 58665  122.25   28.63    2    1  573  -14  1.7  245   30
 58725  117.43   27.33  192    1  577  -12  1.9  270   25
 58847  119.28   26.08   85    1  578  -13  2.4  290   20
 58968  121.52   25.03    9    1  579   -9   13  255   25
 59023  108.05   24.70  214    1  580  -11   40  290   25
 59134  118.08   24.48  139    1  580  -12  3.8  285   21
 59211  106.60   23.90  242    1  580   -9   10  275   20
 59265  111.30   23.48  120    1  583   -6   25  275   22
 59280  113.05   23.66   19    1  582   -7   29  280   21
 59293  114.68   23.73   41    1  581   -7   35  270   22
 59316  116.68   23.40    3    1  574   -5   42  265   21
 59362  121.62   24.02   14    1  581   -7   28  255   23
 59431  108.35   22.82   73    1  582   -8   21  285   20
 59644  109.10   21.48   16    1  585   -3   18  280   14
 59663  111.97   21.87   22    1  585   -3   33  275   17
 59758  110.35   20.03   15    1  586   -4   43  265   11
 59792  116.72   20.67    6    1  587   -5   23  265   17
 59948  109.52   18.23    7    1  586   -4   34  270    7
 59981  112.33   16.83    5    1  589   -4   43  250    2
 70026 -156.77   71.30    4    1  514  -39   11  200    7
 70133 -162.62   66.87    5    1  517  -40    8  260    9
 70200 -165.42   64.50    7    1  522  -40   14  315   21
 70231 -155.61   62.97  103    1  527  -34  2.9  255   14
 70261 -147.86   64.82  138    1  522  -35   15  300   21
 70273 -150.01   61.17   40    1  532  -31    6  260   11
 70308 -170.21   57.15    9    1  545  -30   18  340   16
 70316 -162.71   55.20   31    1  542  -27  3.7  200    6
 70326 -156.64   58.68   15    1  537  -28   19  260   26
 70350 -152.49   57.75    3    1  542  -28  4.2  260   27
 70361 -139.66   59.52    9    1  533  -30   13  290   15
 70398 -131.56   55.03   34    1  534  -31   40  330   19
 71043 -126.79   65.28   74    1  523  -34   16 9999 9999
 71081  -81.24   68.78    8    1  530  -26  2.4 9999 9999
 71082  -62.32   82.50   66    1  536  -30   22  215   17
 71109 -127.36   50.68   22    1  535  -35   12  330    7
 71119 -114.09   53.55  766    1  531  -34  4.4 9999 9999
 71600  -60.01   43.93    4    1  541  -22   33  230   33
 71811  -66.26   50.22   55    1  516  -35  3.3  185   16
 71816  -60.41   53.32   49    1  525  -29  4.7  185   22
 71836  -80.64   51.27   10    1  527  -30    8  310   23
 71867 -101.09   53.97  271    1  532  -32   13  250   12
 71906  -68.41   58.10   37    1  510  -30   11 9999 9999
 71907  -78.11   58.45    6    1  519  -26    6   10   11
 71909  -68.52   63.75   34    1  526  -24   15  160   20
 71915  -83.36   64.20   67    1  525  -27  2.0 9999 9999
 71917  -85.92   79.98   10    1  527  -33  4.4  200   26
 71924  -94.97   74.72   42    1  529  -31   20  205   21
 71925 -105.11   69.10   27    1  526  -33  2.0  160    7
 71926  -96.07   64.30   18    1  529  -31   15  170    8
 71934 -111.94   60.02  203    1  529  -32    5  220   11
 71945 -122.57   58.83  382    1  528  -34  2.2 9999 9999
 71957 -133.47   68.30   68    1  510  -40   17  200   13
 71964 -135.06   60.72  703    1  530  -32   18  285   17
 72201  -81.74   24.55    6    1  584   -9   24  240   13
 72208  -80.02   32.90   15    1  572  -13   34  280   24
 72235  -90.07   32.32  101    1  576  -11   46  300   13
 72240  -93.21   30.12   10    1  578  -11   37  280   10
 72250  -97.42   25.90    6    1  582   -8   39  285   15
 72261 -100.91   29.37  313    1  579  -11   46  270   15
 72265 -102.17   31.95  872    1  575  -13   37  245   16
 72274 -110.92   32.12  779    1  571  -13   27  245   20
 72317  -79.94   36.08  270    1  562  -17   45  285   32
 72327  -86.67   36.12  180    1  567  -15 9999  300   23
 72340  -92.24   34.83  165    1  572  -13   45  290   19
 72363 -101.69   35.23 1099    1  571  -14   36  240   17
 72365 -106.61   35.05 1620    1  569  -16   27  245   18
 72402  -75.47   37.85    3    1  553  -21   13  270   28
 72403  -77.44   38.95   98    1  551  -22   17  275   22
 72451  -99.96   37.77  790    1  568  -15   22  265   16
 72456  -95.61   39.07  270    1  566  -15   20  275   20
 72469 -104.86   39.75 1625    1  561  -16   37  255   25
 72476 -108.52   39.12 1475    1  559  -17   23  245   30
 72520  -80.21   40.50  373    1  548  -24   18  285   20
 72528  -78.72   42.93  215    1  542  -25   14  300   26
 72562 -100.67   41.13  849    1  560  -16   45  245   18
 72572 -111.96   40.78 1288    1  550  -22  1.2  235   22
 72597 -122.86   42.37  405    1  538  -33    7  290   11
 72645  -88.12   44.48  214    1  549  -23   21  310   23
 72662 -103.06   44.05  966    1  554  -22   11  245   15
 72681 -116.21   43.57  874    1  541  -28    7  235   21
 72694 -122.99   44.92   61    1  536  -34    5  245    8
 72712  -68.01   46.87  190    1  514  -41    7  235    6
 72747  -93.37   48.57  361    1  545  -25   13  290   22
 72764 -100.74   46.77  506    1  549  -23   .8  260   16
 72768 -106.61   48.22  700    1  543  -25  2.2 9999 9999
 72797 -124.54   47.95   62    1  532  -35   11  325   11
 74494  -69.96   41.67   16    1  540  -22   28  280   34
 78526  -65.99   18.43    4    1  589   -6 9999   90    6
 78897  -61.51   16.27    8    1  589   -5   42   80    8
 91165 -159.34   21.98   45    1  582   -8   19   30    2
 91285 -155.06   19.72   11    1  580   -7 9999  360   11
 91334  151.85    7.47    2    1  587   -5   19   65   16
 91348  158.22    6.97   46    1  585   -4   42   55   14
 91376  171.38    7.08    3    1  585   -5  1.4  175   14
 91408  134.48    7.33   33    1  589   -5  2.9   95   14
 91413  138.08    9.48   17    1  589   -5   22   85   16
 98223  120.53   18.18    5    1  588   -4   36  270    8
 98646  123.97   10.30    9    1  590   -6  1.3   70    2
