diamond 2 10年12月02日08时500百帕高空观测
10 12 02 08  500 404
  1001   -8.66   70.93    9    1  519  -34   19  265   23
  1028   19.02   74.52   14    1  515  -30    8  270   23
  1152   14.37   67.27   13    1  541  -25  2.2  270   16
  1241    9.60   63.70    7    1  544  -27   13   85    3
  1415    5.63   58.88    9    1  537  -34   26   95   14
  2185   22.13   65.55   16    1  541  -27   21  315    9
  2365   17.45   62.53    6    1  543  -30    9   70    4
  2836   26.65   67.37  179    1  537  -26  2.4  305   15
  2963   23.50   60.82  103    1  542  -32   10   10    6
  3005   -1.17   60.13   84    1  541  -30   15   80   17
  3808   -5.31   50.22   88    1  524  -38    8   30    6
  3953  -10.24   51.93   14    1  527  -39   16   60   12
  4018  -22.59   63.97   38    1  540  -26    5  240   36
  4220  -52.74   68.70   47    1  541  -29  3.9  250   22
  4320  -18.66   76.77   12    1  520  -33    6   20   12
  4339  -21.96   70.48   66    1  524  -36    7  335   20
  6011   -6.76   62.02   39    1  547  -23    5   35   10
  6610    6.95   46.82  491    1  531  -32   19  250    7
  7110   -4.41   48.45  103    1  523  -38    9  320    4
  7510    -.69   44.83   45    1  529  -35    8  260   25
  8001   -8.41   43.37   67    1  535  -35    7  310   13
  8221   -3.54   40.45  582    1  542  -30  4.2  265   26
  8495   -5.34   36.15    5    1  555  -21   10  275   42
 10035    9.55   54.53   47    1  532  -30   13   95   11
 10393   14.12   52.22  112    1  527  -25  2.3  120   13
 10410    6.97   51.40  161    1  528  -30    8  155    8
 10868   11.55   48.25  484    1  529  -29  2.1  265    8
 11035   16.37   48.25  209    1  530  -30   12  210   25
 11520   14.45   50.00  304    1  527  -26  2.6  230   10
 12120   17.53   54.75    2    1  536  -27  3.6  100    8
 12374   20.97   52.40   96    1  540  -22  1.4  200   20
 12425   16.98   51.13  116    1  530  -27    7  200   20
 12843   19.18   47.43  139    1  543  -21   22  210   45
 13275   20.42   44.77  204    1  554  -18  1.9  225   35
 15120   23.57   46.78  413    1  554  -19   .2  240   29
 15420   26.13   44.50   91    1  565  -16  2.5  250   22
 16080    9.28   45.43  103    1  532  -30   20  220   16
 16320   17.95   40.65   10    1  562  -18    9  235   30
 16429   12.50   37.92   14    1  562  -17   15  245   40
 16560    9.05   39.25    3    1  550  -24  1.2  235   32
 17030   36.33   41.28    4    1  575  -13    7  275   27
 17130   32.88   39.95  894    1  577  -14  3.8  275   21
 17220   27.17   38.43   25    1  578  -15  2.4  250   18
 17240   30.55   37.75  997    1  580  -14  2.5  275   16
 20046   58.05   80.62   20    1  488  -40  1.9  360   26
 20292  104.28   77.72   13    1  501  -42    6  160    7
 20744   52.73   72.38   16    1  511  -35    6  325   29
 20891  102.47   71.98   33    1  500  -44  3.4  240    2
 21432  137.90   76.00   22    1  510  -41    6  190   15
 21824  128.92   71.58    8    1  507  -44  3.7  190    7
 21946  147.88   70.62   48    1  515  -41  2.4  200   14
 22113   33.05   68.97  120    1  529  -27  4.4  300   16
 22217   32.43   67.13   26    1  534  -28  4.5  310   16
 22271   44.13   67.88   16    1  523  -31  2.9  335   15
 22550   40.50   64.58   13    1  528  -31    9    5   16
 22820   34.27   61.82  110    1  536  -32  2.5    5   12
 22845   38.93   61.50  121    1  530  -34   .2  360   13
 23205   53.02   67.65    7    1  517  -33   11  345   16
 23330   66.53   66.53   21    1  508  -37  2.6  335    9
 23418   57.10   65.12   67    1  514  -36  2.8    5   14
 23472   87.95   65.78   32    1  502  -41    7  215    3
 23804   50.85   61.67  121    1  518  -35    8   25   15
 23884   90.00   61.60   63    1  508  -34   .7  245   17
 23921   60.43   60.68   86    1  509  -37    7  360    8
 23955   77.87   60.43   47    1  506  -29   .0  250    3
 24125  112.43   68.50  203    1  504  -43    5  265    9
 24266  133.38   67.55  137    1  507  -43  2.1  215    3
 24343  123.40   66.77   78    1  507  -44    6  280    7
 24507  100.07   64.17  186    1  507  -40  2.0  210   13
 24641  121.62   63.77  118    1  512  -42  3.4  295    8
 24688  143.15   63.27  742    1  514  -41  4.3  215    2
 24726  113.87   62.53  357    1  514  -41   11  255    6
 24908  102.27   60.33  260    1  516  -35  4.3  275   14
 24944  120.42   60.40  134    1  514  -42    8  235    1
 24959  129.75   62.08  103    1  510  -44  4.9  310    8
 25400  150.90   65.73   43    1  519  -36  2.8  170   10
 25703  152.42   62.92  207    1  518  -37  2.1  115    6
 25913  150.78   59.58  118    1  516  -39  1.4   85    5
 26038   24.58   59.38   34    1  542  -32   13   60    7
 26063   30.30   59.97   74    1  540  -31  4.4    5   12
 26298   34.05   57.90  188    1  531  -33   13   30   18
 26477   30.60   56.38  111    1  532  -30   15   20   13
 26781   32.07   54.75  241    1  534  -25   22  305   21
 27037   39.87   59.28  127    1  526  -36   10   35   18
 27199   49.63   58.60  158    1  514  -35    9   30   10
 27459   44.00   56.27  157    1  518  -40  3.3    5   13
 27595   49.18   55.78  117    1  515  -34    9  350    8
 27612   37.57   55.75  191    1  525  -37    9    5   13
 27707   35.33   54.12  237    1  532  -25   19  290   35
 27730   39.70   54.63  158    1  525  -36    9  325   14
 27962   45.02   53.13  174    1  519  -36   10  300   25
 27995   49.43   52.98 9999    1  515  -36   14  295   22
 28275   68.18   58.15   54    1  507  -33  4.9  335   10
 28445   61.07   56.73  290    1  510  -32  4.5  300   11
 28661   65.40   55.47   79    1  507  -29    8  355   17
 28698   73.40   54.93   94    1  508  -29   .4  240   18
 28952   63.62   53.22  171    1  513  -26   12  325   15
 29231   82.90   58.30   76    1  504  -36  3.8  235   20
 29263   92.15   58.45   78    1  520  -28  1.3  255   27
 29282   97.40   58.42  134    1  521  -28  3.8  285   29
 29612   78.40   55.37  120    1  512  -30   .0  245   24
 29634   82.90   55.03  152    1  521  -29  4.2  235   50
 29698   99.03   54.88  410    1  531  -24  4.9  295   30
 29862   91.32   53.77  256    1  536  -24   .3  270   35
 30054  112.58   59.45  193    1  513  -38   11   20    3
 30230  108.12   57.77  258    1  514  -35    8  315    7
 30309  101.83   56.07  326    1  525  -28    7  305   27
 30372  118.37   56.92  711    1  514  -40  1.4  235    4
 30554  113.58   54.47  995    1  517  -40  3.4  275    9
 30635  108.98   53.43  470    1  520  -37  4.1  320   21
 30673  119.78   53.73  619    1  518  -36    8  220   10
 30758  113.33   52.02  671    1  518  -40  3.9  275   11
 30935  108.75   50.37  770    1  527  -37  2.5  305   21
 30965  116.52   50.38  684    1  523  -36   12  295    8
 31004  125.37   58.62  682    1  515  -42   10  275    5
 31088  143.20   59.37    6    1  516  -42   10  185    5
 31168  138.15   56.45    9    1  519  -41   13  250    9
 31300  127.23   53.75  232    1  522  -34  4.0  225    9
 31369  140.70   53.15   47    1  524  -36   10  285   19
 31510  127.50   50.27  137    1  527  -32   .7  220   23
 31538  132.13   50.07  314    1  534  -28  2.0  240   27
 31736  135.23   48.53   72    1  541  -26  2.4  255   29
 31873  133.73   45.87  107    1  545  -26   13  240   24
 31977  132.05   43.27   82    1  550  -25   12  230   22
 32061  142.17   50.90   31    1  530  -30   16  290   35
 32098  143.10   49.22    4    1  538  -28  3.1  290   38
 32150  142.73   46.92   21    1  542  -25    9  280   31
 32215  156.13   50.68   23    1  518  -38    9  280   11
 32389  160.83   56.32   28    1  512  -39    6  210    6
 32540  158.75   52.97   83    1  514  -41    9  300    7
 33837   30.63   46.48   41    1  561  -18 9999  260   23
 34009   36.18   51.65  245    1  542  -19   11  295   36
 34122   39.17   51.70   99    1  535  -19   20  285   52
 34172   46.03   51.57  168    1  526  -28   25  290   54
 34247   41.05   50.42   93    1  544  -21  3.9  280   47
 34300   36.28   49.93  152    1  550  -17  1.4  270   32
 34560   44.35   48.68  145    1  549  -20  1.9  285   44
 34731   39.82   47.25   77    1  558  -17  2.0  265   30
 34858   43.35   45.92   87    1  561  -17  4.1  275   30
 34880   48.03   46.27  -16    1  558  -17  3.1  280   38
 35121   55.10   51.75  113    1  523  -29   16  265   29
 35229   57.15   50.28  227    1  526  -27   14  295   27
 35394   73.13   49.80  555    1  529  -23  3.9  250   53
 35671   67.72   47.80  345    1  535  -23   10  255   59
 35700   51.85   47.02 9999    1  549  -19    8  285   50
 36003   76.95   52.28  146    1  522  -27   13  235   53
 36096   94.50   51.72  628    1  543  -25   .0  280   24
 36870   76.93   43.23  847    1  560  -22   13  270   17
 37054   43.10   44.22  314    1  567  -16  3.6  270   24
 38341   71.38   42.85  642    1  565  -18    8  265   18
 40179   34.82   32.00   30    1  586  -12   20   35    3
 40754   51.35   35.68 1191    1  580  -14    9  285   14
 41217   54.65   24.43   27    1  585   -7   30  295   15
 41256   58.28   23.58   15    1  585   -8   25  300   16
 41780   67.13   24.90   22    1  577  -11 9999  290   19
 41923   90.38   23.77    9    1  579   -6   29  270   24
 42182   77.20   28.58  216    1  573  -14   35  255   12
 42314   95.02   27.48  111    1  573  -13   18  240   13
 42361   78.25   26.23  207    1  575  -11   37  255   24
 42724   91.25   23.88   16    1  578   -9   31  270   47
 42809   88.45   22.65    6    1  583   -5   34  275   17
 42867   79.05   21.10  310    1  575   -5   43  265   18
 42971   85.83   20.25   46    1  580   -6   31  255   10
 43003   72.85   19.12   14    1 9999 9999 9999 9999 9999
 43128   78.47   17.45  545    1  583   -4   24  235    2
 43150   83.30   17.70   66    1  583   -4   25 9999 9999
 43185   81.15   16.20    3    1  583   -5    9  215    2
 43192   73.82   15.48   60    1  584   -6   21 9999 9999
 43333   92.72   11.67   79    1  582   -5  4.8   95    8
 44231  100.17   49.63 1288    1  544  -23    7  315   31
 44292  106.98   47.93 1338    1  534  -35    7  315   22
 45004  114.17   22.32   66    1  584   -6   27  235   22
 47058  125.78   39.03   38    1  551  -29  4.0 9999 9999
 47122  127.03   37.10   52    1  559  -23  1.3  225   20
 47138  129.38   36.03    6    1  564  -21  4.2  215   21
 47158  126.82   35.12   13    1  562  -19  2.9  230   26
 47401  141.68   45.42   11    1  552  -23   38  275   32
 47412  141.33   43.05   19    1  560  -24   15  260   24
 47580  141.38   40.70   39    1  564  -23   23  240   14
 47582  140.10   39.72   10    1  565  -23   20  220   13
 47600  136.90   37.38   14    1 9999 9999 9999 9999 9999
 47646  140.13   36.05   31    1  569  -22   38  205    8
 47678  139.78   33.10   80    1  574  -15   22  280   18
 47681  137.70   34.75   48    1  570  -17   36  280   18
 47778  135.77   33.45   75    1  573  -17    9  250   17
 47807  130.38   33.58   14    1  569  -18    7  245   24
 47827  130.55   31.57    5    1  573  -15    7  250   30
 47909  129.50   28.38    7    1  576  -11   17  250   27
 47918  124.17   24.33    7    1  583   -9    9  240   24
 47945  131.23   25.83   15    1  585   -8   19  250   25
 47971  142.18   27.08    8    1  588   -7   29  265   23
 47991  153.97   24.30    9    1  592   -7   26  285   13
 48327   98.98   18.78  314    1  585   -4   32  295    9
 48820  105.80   21.02    6    1  583   -5   39  275   20
 48855  108.18   16.03    7    1  587   -6   14  185    4
 48900  106.67   10.82   19    1  586   -5    5  105   14
 50527  119.75   49.22  611    1  520  -33  4.7  335    6
 50557  125.23   49.17  243    1  527  -31   24  225   23
 50745  123.92   47.38  148    1  528  -31   22  215   37
 50774  128.90   47.72  250    1  538  -27  2.7  235   36
 50834  121.23   46.61  500    1  525  -34   17  220   26
 50953  126.77   45.75  143    1  538  -27  4.7  225   36
 51076   88.08   47.73  737    1  556  -24   11  275   25
 51133   83.00   46.73  535    1  558  -22    7 9999 9999
 51243   84.85   45.60  428    1  561  -22   22  260   19
 51288   90.53   45.37 1651    1  560  -22   24  265   21
 51431   81.33   43.95  663    1  562  -22   16  260   15
 51463   87.62   43.78  919    1  563  -21   19  290    9
 51628   80.23   41.16 1105    1  566  -22  4.4  265   10
 51644   82.95   41.72 1100    1  566  -21   21  245   13
 51656   86.13   41.75  933    1  566  -20   23  270   11
 51709   75.98   39.47 1291    1  568  -20   20  280    9
 51777   88.17   39.03  889    1  568  -21   23  280    6
 51828   79.93   37.13 1375    1  570  -19   17  300    5
 51839   82.71   37.06 1410    1  570  -19   17  275    6
 51886   90.85   38.25 2945    1  569  -20   25  260    7
 52203   93.52   42.82  739    1  564  -22   13  275   12
 52267  101.07   41.95  941    1  560  -22   14  325   25
 52323   97.03   41.80 1770    1  565  -22   13  310   17
 52418   94.68   40.15 1140    1  568  -21   30  260    6
 52495  104.50   40.75 1329    1  556  -25   11  315   32
 52533   98.48   39.77 1478    1  567  -22   15  305   14
 52652  100.43   38.93 1483    1  566  -22   15  320   18
 52681  103.08   38.63 1367    1  564  -22   15  320   28
 52818   94.90   36.42 2809    1  570  -20   22  250    6
 52836   98.10   36.30 3192    1  571  -21   22  295    7
 52866  101.77   36.62 2262    1  567  -21   22  195   13
 52983  104.15   35.86 1875    1  567  -21   22  320   17
 53068  112.00   43.65  966    1  535  -37    9  330   20
 53336  108.52   41.57 1290    1  544  -32   22  320   23
 53463  111.68   40.82 1065    1  541  -36   18  320   16
 53513  107.40   40.77 1041    1  548  -28   27  315   40
 53543  109.98   39.83 1459    1  544  -32   18  315   25
 53614  106.22   38.48 1112    1  558  -23   18  315   31
 53772  112.55   37.78  779    1  549  -27   22  280   39
 53798  114.50   37.07   78    1  552  -23   21  265   43
 53845  109.50   36.60  959    1  559  -22   10  290   40
 53915  106.67   35.55 1348    1  566  -21   19  310   26
 54102  116.07   43.95  991    1  527  -35   13  310   14
 54135  122.27   43.60  180    1  536  -31  3.7  215   37
 54161  125.22   43.90  238    1  540  -27    9  225   37
 54218  118.97   42.27  572    1  534  -33   26  225   27
 54292  129.47   42.88  178    1  550  -25   13  240   20
 54337  121.12   41.13   70    1  543  -27    7  240   39
 54342  123.43   41.77   43    1  543  -27    8  235   33
 54374  126.92   41.72  333    1  550  -25   17  235   21
 54401  114.88   40.78  726    1  536  -35   11  310   23
 54497  124.33   40.05   14    1  552  -25    7  240   24
 54511  116.47   39.80   55    1  539  -33   23  250   17
 54539  118.90   39.43   12    1  545  -28  3.5  225   40
 54662  121.63   38.90   97    1  551  -25    9  235   24
 54727  117.56   36.73   69    1  555  -25   10  260   31
 54778  122.38   37.16   40    1  556  -25   36  250   17
 54857  120.33   36.07   77    1  558  -23   17  260   21
 55299   92.07   31.48 4508    1  573  -15   24  210    9
 55591   91.13   29.67 3650    1  574  -15  3.0  220    7
 55664   87.08   28.63 4302    1  572  -13   40  265    6
 56004   92.43   34.22 4535    1  571  -17   23  235    7
 56029   97.02   33.02 3682    1  573  -18   22  265    8
 56046   99.65   33.75 3968    1  572  -21   22  290   12
 56080  102.90   35.00 2910    1  570  -20   31  290   13
 56096  104.92   33.40 1079    1  571  -20   30  305   12
 56137   97.17   31.15 3307    1  576  -18   25  285    6
 56146  100.00   31.62 3394    1  574  -19   23  310    9
 56173  102.55   32.80 3493    1  572  -21   31  310   13
 56187  103.83   30.70  541    1  573  -20   19  315   11
 56247   99.10   30.00 2589    1  575  -18   11  340    9
 56312   94.47   29.57 3001    1  574  -15   11  220    9
 56492  104.60   28.80  342    1  574  -20  2.3  270    6
 56571  102.27   27.90 1599    1  576  -15   24  245    8
 56651  100.47   26.83 2394    1  576  -14   39  270   13
 56691  104.28   26.87 2236    1  576  -17    6  265    9
 56739   98.48   25.12 1649    1  579   -8   41  280   23
 56778  102.68   25.02 1892    1  578   -8   27  280   23
 56964  100.98   22.77 1303    1  581   -6   42  285   20
 56985  103.38   23.38 1302    1  580   -6   42  280   23
 57083  113.65   34.72  111    1  562  -23   12  280   20
 57127  107.03   33.07  509    1  569  -20   31  310   15
 57131  108.93   34.40  398    1  565  -21   29  305   27
 57178  112.58   33.03  131    1  566  -22   23  305   18
 57245  109.03   32.72  291    1  568  -20   20  305   16
 57328  107.50   31.20  311    1  570  -20   38  295   12
 57447  109.47   30.28  458    1  571  -18   38  305   13
 57461  111.30   30.70  134    1  570  -18   32  310   13
 57494  114.13   30.62   23    1  567  -18   38  315   15
 57516  106.48   29.52  265    1  572  -19   31  290   11
 57679  113.08   28.20   46    1  571  -14   23  300   16
 57749  110.00   27.56  261    1  573  -15   39  295   11
 57816  106.72   26.58 1074    1  575  -18  4.3  290   12
 57957  110.30   25.33  166    1  576  -10   28  260   26
 57972  113.03   25.80  185    1  575  -10   28  255   30
 57993  114.95   25.85  125    1  575  -10   41  250   32
 58027  117.15   34.28   42    1  562  -23   19  300   21
 58150  120.25   33.77    7    1  562  -21   24  270   14
 58203  115.83   32.93   39    1  564  -22   37  295   13
 58238  118.80   32.00   12    1  565  -19    7  270   16
 58362  121.46   31.41    5    1  565  -18  2.3  245   16
 58424  117.05   30.53   20    1  567  -19   25  275   16
 58457  120.17   30.23   43    1  568  -17  3.5  260   16
 58606  115.92   28.60   50    1  570  -15   39  275   12
 58633  118.87   28.97   71    1  568  -18   19  255   22
 58665  122.25   28.63    2    1  571  -15   17  250   32
 58725  117.43   27.33  192    1  572  -15   35  250   30
 58847  119.28   26.08   85    1  577  -11   28  245   35
 58968  121.52   25.03    9    1  581   -7   38  245   29
 59023  108.05   24.70  214    1  579   -9   41  260   23
 59134  118.08   24.48  139    1  581   -7   42  245   31
 59211  106.60   23.90  242    1  579   -6   37  270   25
 59265  111.30   23.48  120    1  581   -6   23  265   25
 59280  113.05   23.66   19    1  581   -7   42  260   29
 59293  114.68   23.73   41    1  580   -6   42  255   31
 59316  116.68   23.40    3    1  583   -7   42  245   25
 59362  121.62   24.02   14    1  582   -6   44  235   25
 59431  108.35   22.82   73    1  582   -6   42  280   25
 59644  109.10   21.48   16    1  584   -5   42  260   21
 59663  111.97   21.87   22    1  584   -6   42  260   22
 59758  110.35   20.03   15    1  586   -5   42  260   13
 59792  116.72   20.67    6    1  586   -5   32  235   12
 59948  109.52   18.23    7    1  586   -4   34  255    5
 59981  112.33   16.83    5    1  586   -5   42  190    6
 70026 -156.77   71.30    4    1  519  -36    9  285   29
 70133 -162.62   66.87    5    1  529  -33    6  190   10
 70200 -165.42   64.50    7    1  529  -31    5  190   13
 70231 -155.61   62.97  103    1  533  -28   18  290   13
 70261 -147.86   64.82  138    1  531  -33   20  350    7
 70273 -150.01   61.17   40    1  534  -28   16  305   19
 70308 -170.21   57.15    9    1  528  -41   13  255   23
 70316 -162.71   55.20   31    1  541  -29   26  225   29
 70326 -156.64   58.68   15    1  541  -26    5  240   18
 70350 -152.49   57.75    3    1  544  -25   13  295   20
 70361 -139.66   59.52    9    1  531  -31   22  335   10
 70398 -131.56   55.03   34    1  529  -36    7  190    7
 71043 -126.79   65.28   74    1  522  -34   32 9999 9999
 71081  -81.24   68.78    8    1  531  -29    8 9999 9999
 71082  -62.32   82.50   66    1  517  -37  3.9  145    8
 71109 -127.36   50.68   22    1  540  -30  3.2  235   18
 71119 -114.09   53.55  766    1  543  -28   14 9999 9999
 71600  -60.01   43.93    4    1  571  -14   40   15   28
 71811  -66.26   50.22   55    1  569  -13    6  195   21
 71815  -58.54   48.53   60    1  574  -15   39 9999 9999
 71816  -60.41   53.32   49    1  573  -14   27  230   12
 71836  -80.64   51.27   10    1  532  -22  3.1  170   30
 71867 -101.09   53.97  271    1  539  -29  3.9  330   13
 71906  -68.41   58.10   37    1  557  -15  2.2 9999 9999
 71907  -78.11   58.45    6    1  535  -25   24  210   24
 71909  -68.52   63.75   34    1  545  -22  2.4  225   23
 71913  -94.06   58.75   29    1  531  -29   31   15    9
 71915  -83.36   64.20   67    1  532  -27  4.5 9999 9999
 71917  -85.92   79.98   10    1  512  -38  3.3  160    9
 71924  -94.97   74.72   42    1  509  -42   12  250   12
 71925 -105.11   69.10   27    1  521  -32  3.8  235   23
 71926  -96.07   64.30   18    1  535  -30  4.7  285    5
 71934 -111.94   60.02  203    1  528  -33   24  225   18
 71945 -122.57   58.83  382    1  531  -37  3.9 9999 9999
 71957 -133.47   68.30   68    1  517  -41   14  275   14
 71964 -135.06   60.72  703    1  528  -32   40  345    8
 72201  -81.74   24.55    6    1  584  -10    6  255   14
 72208  -80.02   32.90   15    1  568  -17   29  250   36
 72235  -90.07   32.32  101    1  571  -15   24  275   23
 72240  -93.21   30.12   10    1  576  -14   23  280   19
 72250  -97.42   25.90    6    1  583  -11   46  290   13
 72261 -100.91   29.37  313    1  580  -13   28  290   19
 72265 -102.17   31.95  872    1  577  -15   10  290   21
 72274 -110.92   32.12  779    1  580  -12   16  280   13
 72317  -79.94   36.08  270    1  549  -20   37  255   46
 72327  -86.67   36.12  180    1  554  -22   16  300   37
 72340  -92.24   34.83  165    1  566  -18   14  290   22
 72363 -101.69   35.23 1099    1  571  -16   14  300   21
 72365 -106.61   35.05 1620    1  576  -14   22  315   19
 72402  -75.47   37.85    3    1  555  -18   35  210   46
 72403  -77.44   38.95   98    1  539  -25   20  215   34
 72451  -99.96   37.77  790    1  565  -19    6  320   17
 72456  -95.61   39.07  270    1  559  -20    8  305   23
 72469 -104.86   39.75 1625    1  566  -19   10  310   23
 72476 -108.52   39.12 1475    1  571  -18    8  305   24
 72520  -80.21   40.50  373    1  533  -33   15  270   13
 72528  -78.72   42.93  215    1  533  -30   13  230   12
 72562 -100.67   41.13  849    1  559  -21  2.0  295   28
 72572 -111.96   40.78 1288    1  569  -19    6  275   27
 72597 -122.86   42.37  405    1  562  -21  4.5  250   29
 72645  -88.12   44.48  214    1  534  -28    9  305   14
 72662 -103.06   44.05  966    1  553  -25   14  290   32
 72681 -116.21   43.57  874    1  561  -22    8  265   30
 72694 -122.99   44.92   61    1  553  -26  2.0  245   31
 72712  -68.01   46.87  190    1  569  -13  1.3  185   16
 72747  -93.37   48.57  361    1  532  -28   19  325   20
 72764 -100.74   46.77  506    1  545  -27  3.3  295   15
 72768 -106.61   48.22  700    1  548  -28    5  305   13
 72797 -124.54   47.95   62    1  546  -29  3.1  240   13
 74494  -69.96   41.67   16    1  569  -13  3.4  190   24
 76458 -106.41   23.20    4    1  586   -7   22  310   10
 76644  -89.64   20.98    9    1  586   -7   38  300    9
 76679  -99.07   19.43 2234    1  587   -7   42  350    6
 78016  -64.67   32.37   28    1  579  -10   15  345   17
 78526  -65.99   18.43    4    1  585   -5 9999   35    5
 81405  -52.36    4.83    9    1  586   -4    7  165    5
 91165 -159.34   21.98   45    1  585   -8   26   10    4
 91285 -155.06   19.72   11    1  584   -9   29    5    9
 91334  151.85    7.47    2    1  588   -4   12   65    9
 91348  158.22    6.97   46    1  586   -5   42   50    9
 91376  171.38    7.08    3    1  586   -5   32   50    9
 91413  138.08    9.48   17    1  587   -6   16  125   13
 98223  120.53   18.18    5    1  588   -5   21  200    6
 98646  123.97   10.30    9    1  588   -4   23   85   12
