diamond 2 10年12月01日20时500百帕高空观测
10 12 01 20  500 396
  1001   -8.66   70.93    9    1  538  -23    7  245   31
  1028   19.02   74.52   14    1  525  -27  3.0  270   18
  1152   14.37   67.27   13    1  542  -27   17  350   12
  1241    9.60   63.70    7    1  544  -29    9   55    6
  1415    5.63   58.88    9    1  536  -35   27   95   17
  2365   17.45   62.53    6    1  540  -31    8   60   11
  2836   26.65   67.37  179    1  535  -30    8   30   11
  2963   23.50   60.82  103    1  535  -33    7   45   11
  3005   -1.17   60.13   84    1  540  -31   23   70   22
  3808   -5.31   50.22   88    1  526  -38   18    0    5
  3953  -10.24   51.93   14    1  531  -38    6   25   16
  4018  -22.59   63.97   38    1  557  -21   23  270   17
  4220  -52.74   68.70   47    1  540  -33   17  240   17
  4320  -18.66   76.77   12    1  517  -31   11  320    7
  4339  -21.96   70.48   66    1  531  -31   18  255   28
  6011   -6.76   62.02   39    1  549  -24   21   40   23
  6610    6.95   46.82  491    1  530  -28  1.7  210   13
  7110   -4.41   48.45  103    1  523  -38 9999  360   13
  8001   -8.41   43.37   67    1  534  -34    8  285   20
  8221   -3.54   40.45  582    1  538  -29   11  270   15
  8495   -5.34   36.15    5    1  550  -23   36  270   37
  8579   -9.12   38.77  105    1  545  -28   21  285   19
 10035    9.55   54.53   47    1  532  -33   26   80    4
 10393   14.12   52.22  112    1  535  -28    8  200   12
 10410    6.97   51.40  161    1  529  -31    7  175   15
 10739    9.20   48.83  311    1  530  -27  2.9  190    8
 10868   11.55   48.25  484    1  536  -23  2.5  200   21
 11035   16.37   48.25  209    1  544  -17  1.0  215   30
 11520   14.45   50.00  304    1  537  -22  2.8  215   23
 12120   17.53   54.75    2    1  536  -31   17  260    5
 12374   20.97   52.40   96    1  540  -27    9  255   17
 12425   16.98   51.13  116    1  538  -24  3.5  245   11
 12843   19.18   47.43  139    1  549  -16  1.4  220   22
 15420   26.13   44.50   91    1  565  -15  3.1  255   25
 15614   23.38   42.65  595    1  564  -13  2.6  245   26
 16080    9.28   45.43  103    1  534  -24    5  205   21
 16320   17.95   40.65   10    1  564  -15  2.5  240   30
 16429   12.50   37.92   14    1  563  -14   12  240   32
 16560    9.05   39.25    3    1  554  -17   19  235   38
 17030   36.33   41.28    4    1  574  -14    5  275   23
 17062   29.08   40.97   40    1  573  -12    9  260   23
 17130   32.88   39.95  894    1  576  -12   10  260   19
 17220   27.17   38.43   25    1  577  -12   10  250   18
 17240   30.55   37.75  997    1  580  -12   14  265   17
 20046   58.05   80.62   20    1  490  -41  2.8   20   33
 20744   52.73   72.38   16    1  510  -36   11  310   17
 20891  102.47   71.98   33    1  504  -44  2.5  260    4
 21824  128.92   71.58    8    1  507  -45  3.9  180    7
 21946  147.88   70.62   48    1  514  -41    8  135   13
 22113   33.05   68.97  120    1  529  -32  3.2  350   19
 22217   32.43   67.13   26    1  531  -32  3.6    5   18
 22271   44.13   67.88   16    1  523  -33   .2  330   10
 22550   40.50   64.58   13    1  522  -33  3.5   25   18
 22820   34.27   61.82  110    1  543  -50   12   20   25
 22845   38.93   61.50  121    1  520  -37    6   45   10
 23205   53.02   67.65    7    1  518  -34  2.3  330   10
 23330   66.53   66.53   21    1  510  -37    7   35    9
 23418   57.10   65.12   67    1  512  -37   10   40   11
 23472   87.95   65.78   32    1  507  -42    8  245    6
 23804   50.85   61.67  121    1  514  -37    8   30    9
 23884   90.00   61.60   63    1  513  -38  4.7  275   11
 23921   60.43   60.68   86    1  510  -31  2.2  260   11
 23955   77.87   60.43   47    1  516  -31  3.1  250   25
 24125  112.43   68.50  203    1  507  -44  1.5  285    9
 24266  133.38   67.55  137    1  507  -40   10  165    5
 24343  123.40   66.77   78    1  506  -43  1.1  285    3
 24507  100.07   64.17  186    1  510  -40   10  215    8
 24641  121.62   63.77  118    1  511  -42    7  310    7
 24688  143.15   63.27  742    1  511  -41  2.7  185    6
 24726  113.87   62.53  357    1  514  -43   11 9999 9999
 24908  102.27   60.33  260    1  514  -37  1.8  350    2
 24944  120.42   60.40  134    1  514  -42    7  305    4
 24959  129.75   62.08  103    1  509  -43    8  270    8
 25123  161.28   68.80   32    1  522  -38   13  275   10
 25400  150.90   65.73   43    1  516  -38  3.2  180   14
 25703  152.42   62.92  207    1  518  -37  2.6  145   12
 25913  150.78   59.58  118    1  515  -38  2.5  110    7
 26063   30.30   59.97   74    1  526  -36   12   30   28
 26298   34.05   57.90  188    1 9999 9999 9999 9999 9999
 26477   30.60   56.38  111    1  521  -39    9  320   17
 26781   32.07   54.75  241    1  524  -34   15  295   23
 27037   39.87   59.28  127    1  514  -39  3.7   25    8
 27199   49.63   58.60  158    1  512  -29   16  305    9
 27459   44.00   56.27  157    1  515  -33   14  275   16
 27595   49.18   55.78  117    1  517  -27    7  270   10
 27612   37.57   55.75  191    1  518  -38    6  290   10
 27707   35.33   54.12  237    1  523  -33   18  285   26
 27730   39.70   54.63  158    1  519  -34   14  270   26
 27962   45.02   53.13  174    1  521  -27   22  290   21
 27995   49.43   52.98 9999    1  519  -29  4.2  265   12
 28275   68.18   58.15   54    1 9999 9999 9999 9999 9999
 28445   61.07   56.73  290    1  506  -34  2.7   25    6
 28661   65.40   55.47   79    1  509  -31  4.2  225   17
 28698   73.40   54.93   94    1  525  -27   .3  240   46
 28952   63.62   53.22  171    1  513  -28  2.9  270   24
 29231   82.90   58.30   76    1  522  -28  2.2  265   29
 29263   92.15   58.45   78    1  520  -34   12  300   22
 29282   97.40   58.42  134    1  515  -37  3.4  295   13
 29612   78.40   55.37  120    1  533  -23   .4  260   39
 29634   82.90   55.03  152    1  537  -23  1.9  270   28
 29698   99.03   54.88  410    1  522  -36  4.0  300   30
 29862   91.32   53.77  256    1  533  -27  2.0  305   38
 30054  112.58   59.45  193    1  512  -41   12  100    2
 30230  108.12   57.77  258    1  514  -39  4.6  235    4
 30309  101.83   56.07  326    1  518  -37   .9  280   19
 30372  118.37   56.92  711    1  514  -40  3.5  270   10
 30554  113.58   54.47  995    1  520  -38    8  265   16
 30635  108.98   53.43  470    1  522  -40  2.5  290   21
 30673  119.78   53.73  619    1  520  -34    8  270   15
 30758  113.33   52.02  671    1  524  -34    9  310    9
 30935  108.75   50.37  770    1  527  -37  2.3  310   16
 30965  116.52   50.38  684    1  525  -33    6  240   17
 31004  125.37   58.62  682    1  514  -41   11  265    8
 31088  143.20   59.37    6    1  513  -43  4.8  175   10
 31168  138.15   56.45    9    1  512  -44    6   25   11
 31300  127.23   53.75  232    1  518  -37   10  290   19
 31369  140.70   53.15   47    1  515  -40    9  305    5
 31510  127.50   50.27  137    1  529  -30  1.0  265   27
 31538  132.13   50.07  314    1  527  -30    9  280   37
 31736  135.23   48.53   72    1  532  -27    9  290   38
 31873  133.73   45.87  107    1 9999 9999 9999 9999 9999
 31977  132.05   43.27   82    1  554  -21   10  270   28
 32061  142.17   50.90   31    1  517  -41    6  285   16
 32098  143.10   49.22    4    1  520  -41  3.0  300   10
 32150  142.73   46.92   21    1  527  -29   18  290   53
 32215  156.13   50.68   23    1  518  -36  1.7  225   27
 32389  160.83   56.32   28    1  514  -37  4.3  160    4
 32540  158.75   52.97   83    1  518  -37   10  235   21
 34009   36.18   51.65  245    1  532  -29   14  290   34
 34122   39.17   51.70   99    1  530  -28    9  280   28
 34172   46.03   51.57  168    1  526  -30    6  290   23
 34247   41.05   50.42   93    1  534  -30    7  290   36
 34560   44.35   48.68  145    1  540  -24   15  275   57
 34731   39.82   47.25   77    1  553  -20    6  285   42
 34858   43.35   45.92   87    1  556  -18  2.1  280   41
 34880   48.03   46.27  -16    1  554  -19  2.5  265   47
 35121   55.10   51.75  113    1  521  -28  1.8  285   21
 35229   57.15   50.28  227    1  525  -27   10  275   32
 35394   73.13   49.80  555    1  548  -21  4.4  245   25
 35671   67.72   47.80  345    1  551  -20  2.8  255   36
 35700   51.85   47.02 9999    1  547  -20  4.4  270   50
 36003   76.95   52.28  146    1  544  -21  2.0  250   27
 36096   94.50   51.72  628    1  536  -28  3.2  320   35
 36870   76.93   43.23  847    1  566  -21   18  240    7
 37018   39.07   44.10 9999    1  565  -16  3.9  275   29
 37054   43.10   44.22  314    1  564  -16  2.9  280   33
 38341   71.38   42.85  642    1  564  -20   10  250   13
 40179   34.82   32.00   30    1  585  -12   26   10    4
 40582   47.98   29.22   55    1  584  -13   22   25    1
 40754   51.35   35.68 1191    1  577  -13   13  295   14
 40766   47.12   34.27 1322    1  584  -13   22  280    9
 40800   51.67   32.62 1590    1 9999 9999 9999 9999 9999
 40841   56.97   30.25 1754    1  581  -12   46  345    8
 41217   54.65   24.43   27    1  584   -8   21  280   11
 42027   74.83   34.08 1587    1  575  -19  4.0  250    8
 42182   77.20   28.58  216    1  574  -12   36  260    9
 43003   72.85   19.12   14    1 9999 9999 9999 9999 9999
 43150   83.30   17.70   66    1  583   -3   17 9999 9999
 43185   81.15   16.20    3    1  584   -5   24  285    3
 43333   92.72   11.67   79    1  589   -2   15  100   10
 43346   79.83   10.92    7    1  576   -7  1.3 9999 9999
 44212   92.08   49.80  936    1  546  -24  3.9  320   38
 44292  106.98   47.93 1338    1  533  -35    9  335    7
 45004  114.17   22.32   66    1  584   -5   30  250   17
 47122  127.03   37.10   52    1  561  -21   23  235   14
 47138  129.38   36.03    6    1  564  -22   31  230   11
 47158  126.82   35.12   13    1  565  -19   17  275   18
 47401  141.68   45.42   11    1  538  -27   12  285   44
 47412  141.33   43.05   19    1  551  -26  2.7  290   37
 47580  141.38   40.70   39    1  558  -21   16  290   26
 47582  140.10   39.72   10    1  561  -22   16  285   21
 47600  136.90   37.38   14    1  566  -20   30  265   13
 47646  140.13   36.05   31    1  568  -21   31  270    9
 47678  139.78   33.10   80    1  570  -16  2.2  270   25
 47681  137.70   34.75   48    1  568  -20   43  215    7
 47778  135.77   33.45   75    1  570  -18   21  255   20
 47807  130.38   33.58   14    1  568  -18   34  270   26
 47827  130.55   31.57    5    1  573  -16   19  265   21
 47909  129.50   28.38    7    1  577  -10   31  275   35
 47918  124.17   24.33    7    1  584   -6   36  245   22
 47945  131.23   25.83   15    1  584   -8   26  255   26
 47971  142.18   27.08    8    1  585   -7   24  270   24
 47991  153.97   24.30    9    1  591   -7   19  280    8
 48855  108.18   16.03    7    1  586   -6  4.5  180    4
 48900  106.67   10.82   19    1  586   -4    5   95    9
 50527  119.75   49.22  611    1  530  -28  4.7  235   21
 50557  125.23   49.17  243    1  533  -27  1.8  255   26
 50745  123.92   47.38  148    1  537  -26    6  245   26
 50774  128.90   47.72  250    1  539  -27    9  275   26
 50834  121.23   46.61  500    1  537  -27  2.6  230   25
 50953  126.77   45.75  143    1  544  -25   14  260   23
 51076   88.08   47.73  737    1  558  -23  4.4  300   27
 51133   83.00   46.73  535    1  562  -21   13  255   20
 51243   84.85   45.60  428    1  564  -22   11  270   18
 51288   90.53   45.37 1651    1  560  -21   13  315   25
 51431   81.33   43.95  663    1  565  -21   26  260   14
 51463   87.62   43.78  919    1  566  -21   11  300   13
 51628   80.23   41.16 1105    1  568  -20   21  255    9
 51644   82.95   41.72 1100    1  568  -20   21  250   11
 51656   86.13   41.75  933    1  568  -21   17  300    9
 51709   75.98   39.47 1291    1  568  -20   13  265    8
 51777   88.17   39.03  889    1  571  -21   22  305    3
 51828   79.93   37.13 1375    1  571  -18   22  270    9
 51839   82.71   37.06 1410    1  570  -19   19  270    7
 51886   90.85   38.25 2945    1  572  -21   22  295    9
 52203   93.52   42.82  739    1  561  -20   22  325   27
 52267  101.07   41.95  941    1  548  -29    7  300   39
 52323   97.03   41.80 1770    1  562  -20   23  305   17
 52418   94.68   40.15 1140    1  567  -22   11  295   21
 52495  104.50   40.75 1329    1  551  -28    8  280   42
 52533   98.48   39.77 1478    1  563  -24    7  295   31
 52652  100.43   38.93 1483    1  561  -24    7  285   23
 52681  103.08   38.63 1367    1  560  -23    9  275   33
 52818   94.90   36.42 2809    1  572  -21   18  275   11
 52836   98.10   36.30 3192    1  571  -22   22  275   16
 52866  101.77   36.62 2262    1  565  -22   12  315   17
 52983  104.15   35.86 1875    1  565  -22   18  305   19
 53068  112.00   43.65  966    1  533  -34   13  255   22
 53336  108.52   41.57 1290    1  541  -32   17  275   34
 53463  111.68   40.82 1065    1  545  -30   25  265   30
 53513  107.40   40.77 1041    1  545  -31   34  280   36
 53543  109.98   39.83 1459    1  550  -27   22  265   40
 53614  106.22   38.48 1112    1  559  -25   10  270   31
 53772  112.55   37.78  779    1  558  -24   17  270   23
 53798  114.50   37.07   78    1  562  -23   .1  260   13
 53845  109.50   36.60  959    1  562  -23   15  295   21
 53915  106.67   35.55 1348    1  563  -22   17  300   12
 54102  116.07   43.95  991    1  538  -28   14  235   30
 54135  122.27   43.60  180    1  546  -23   15  245   24
 54161  125.22   43.90  238    1  550  -22   16  250   21
 54218  118.97   42.27  572    1  548  -23   19  230   25
 54292  129.47   42.88  178    1  554  -22   37  250   27
 54337  121.12   41.13   70    1  554  -22   37  270   19
 54342  123.43   41.77   43    1  552  -22   29  255   15
 54374  126.92   41.72  333    1  555  -22   37  220   22
 54401  114.88   40.78  726    1  550  -25   13  255   31
 54497  124.33   40.05   14    1  558  -22   13  235   15
 54511  116.47   39.80   55    1  554  -23   26  235   24
 54539  118.90   39.43   12    1  556  -22   16  245   13
 54662  121.63   38.90   97    1  556  -23   16  260   12
 54727  117.56   36.73   69    1  560  -23   19  265    8
 54778  122.38   37.16   40    1  559  -22   37  260   21
 54857  120.33   36.07   77    1  561  -23  4.6  255   19
 55299   92.07   31.48 4508    1  575  -16   27  250    3
 55591   91.13   29.67 3650    1  575  -13   27  205    3
 55664   87.08   28.63 4302    1  571  -10   41  220    4
 56004   92.43   34.22 4535    1  573  -17   20  295    4
 56029   97.02   33.02 3682    1  573  -19   21  265    9
 56046   99.65   33.75 3968    1  572  -20   19  290   12
 56080  102.90   35.00 2910    1  568  -21   22  300   17
 56096  104.92   33.40 1079    1  569  -20   30  325   18
 56137   97.17   31.15 3307    1  576  -18   21  305    3
 56146  100.00   31.62 3394    1  573  -18   15  285    6
 56173  102.55   32.80 3493    1  570  -20   23  275   12
 56187  103.83   30.70  541    1  571  -20    9  310   12
 56247   99.10   30.00 2589    1  574  -18    7  305    8
 56312   94.47   29.57 3001    1  574  -15   12  250    2
 56492  104.60   28.80  342    1  571  -17   17  285   18
 56571  102.27   27.90 1599    1  574  -15    6  285   17
 56651  100.47   26.83 2394    1  575  -17  4.9  300   13
 56691  104.28   26.87 2236    1  574  -16   10  295   11
 56739   98.48   25.12 1649    1  578   -8   41  280   25
 56778  102.68   25.02 1892    1  577   -8   41  280   28
 56964  100.98   22.77 1303    1  581   -4   43  275   27
 56985  103.38   23.38 1302    1  580   -6   40  275   31
 57083  113.65   34.72  111    1  563  -22   20  285   10
 57127  107.03   33.07  509    1  566  -20   31  325   16
 57131  108.93   34.40  398    1  564  -22   37  310   14
 57178  112.58   33.03  131    1  564  -20   37  280   14
 57245  109.03   32.72  291    1  565  -20   27  310   17
 57328  107.50   31.20  311    1  567  -20   37  295   13
 57447  109.47   30.28  458    1  567  -18   38  300   14
 57461  111.30   30.70  134    1  567  -19  2.1  285   11
 57494  114.13   30.62   23    1  566  -18  4.3  255   11
 57516  106.48   29.52  265    1  570  -19   27  295   14
 57679  113.08   28.20   46    1  568  -15   14  265   24
 57749  110.00   27.56  261    1  571  -14   14  270   19
 57816  106.72   26.58 1074    1  574  -15   11  295   19
 57957  110.30   25.33  166    1  576   -8   41  255   37
 57972  113.03   25.80  185    1  576  -10   39  255   35
 57993  114.95   25.85  125    1  577  -11   12  255   35
 58027  117.15   34.28   42    1  564  -20   14  255   18
 58150  120.25   33.77    7    1  566  -20   20  230   19
 58203  115.83   32.93   39    1  565  -19  3.3  255   11
 58238  118.80   32.00   12    1  567  -17  2.1  215   13
 58362  121.46   31.41    5    1  569  -17  2.6  225   16
 58424  117.05   30.53   20    1  567  -18  1.6  250   13
 58457  120.17   30.23   43    1  570  -17  1.5  235   16
 58606  115.92   28.60   50    1  569  -15   39  250   29
 58633  118.87   28.97   71    1  570  -15   39  255   32
 58665  122.25   28.63    2    1  573  -11   28  260   34
 58725  117.43   27.33  192    1  573  -11   40  250   35
 58847  119.28   26.08   85    1  577  -11   40  245   26
 59023  108.05   24.70  214    1  577   -7   42  265   36
 59134  118.08   24.48  139    1  582   -7   42  240   26
 59211  106.60   23.90  242    1  580   -8   27  260   30
 59265  111.30   23.48  120    1  581   -5   39  250   28
 59280  113.05   23.66   19    1  581   -6   42  250   28
 59293  114.68   23.73   41    1  581   -6   42  250   27
 59316  116.68   23.40    3    1  583   -6   42  245   22
 59431  108.35   22.82   73    1  581   -5   42  260   27
 59644  109.10   21.48   16    1  584   -5   42  270   20
 59663  111.97   21.87   22    1  584   -5   31  260   19
 59758  110.35   20.03   15    1  585   -4   43  250   12
 59948  109.52   18.23    7    1  586   -5   34  265    7
 59981  112.33   16.83    5    1  587   -5   24  200    5
 70026 -156.77   71.30    4    1  514  -39   14  290   18
 70133 -162.62   66.87    5    1  531  -33   13  345    7
 70200 -165.42   64.50    7    1  532  -31   10  300    6
 70231 -155.61   62.97  103    1  531  -32  2.0  255    8
 70261 -147.86   64.82  138    1  530  -32    7  305   10
 70273 -150.01   61.17   40    1  534  -30    9  265    7
 70308 -170.21   57.15    9    1  543  -26   13  220   27
 70316 -162.71   55.20   31    1  553  -21   24  270   21
 70326 -156.64   58.68   15    1  542  -26   14  290   25
 70350 -152.49   57.75    3    1  539  -27   21  325   32
 70361 -139.66   59.52    9    1  528  -32  3.0  305    8
 70398 -131.56   55.03   34    1  528  -34    5  200   18
 71043 -126.79   65.28   74    1  522  -32   .2  245   18
 71081  -81.24   68.78    8    1  526  -36    9  310   16
 71082  -62.32   82.50   66    1  523  -34  3.6  175    6
 71109 -127.36   50.68   22    1  542  -28   16  235   24
 71119 -114.09   53.55  766    1  543  -27    5  250    8
 71600  -60.01   43.93    4    1  568  -18   23   30   21
 71811  -66.26   50.22   55    1  571  -17   22 9999 9999
 71815  -58.54   48.53   60    1  570  -19   20   55    8
 71816  -60.41   53.32   49    1  572  -17   22 9999 9999
 71836  -80.64   51.27   10    1  533  -25   28 9999 9999
 71867 -101.09   53.97  271    1  539  -26    8 9999 9999
 71906  -68.41   58.10   37    1  558  -18  1.9  220   23
 71907  -78.11   58.45    6    1  540  -23  1.9 9999 9999
 71909  -68.52   63.75   34    1  546  -26  2.7  215   20
 71913  -94.06   58.75   29    1  531  -31   27   25   10
 71915  -83.36   64.20   67    1  533  -29  2.0  215   15
 71917  -85.92   79.98   10    1  518  -36  2.9  135   11
 71924  -94.97   74.72   42    1  510  -40   12  125    5
 71925 -105.11   69.10   27    1  522  -32  2.8  245   20
 71926  -96.07   64.30   18    1  535  -31    6 9999 9999
 71934 -111.94   60.02  203    1  536  -27  4.5 9999 9999
 71945 -122.57   58.83  382    1  528  -36  4.7  200    7
 71957 -133.47   68.30   68    1  518  -38   28 9999 9999
 71964 -135.06   60.72  703    1  525  -33  4.3   15    8
 72201  -81.74   24.55    6    1  586   -7   48  225   17
 72208  -80.02   32.90   15    1  574  -11  2.3  220   38
 72235  -90.07   32.32  101    1  565  -18   21  280   36
 72240  -93.21   30.12   10    1  574  -15   23  285   31
 72250  -97.42   25.90    6    1  583  -11   46  295   12
 72261 -100.91   29.37  313    1  580  -14   35  285   20
 72265 -102.17   31.95  872    1  577  -14   28  280   18
 72274 -110.92   32.12  779    1  581  -12   17  295   14
 72317  -79.94   36.08  270    1  563  -12   15  210   49
 72327  -86.67   36.12  180    1  538  -34   10  260   20
 72340  -92.24   34.83  165    1  556  -19   24  300   45
 72363 -101.69   35.23 1099    1  571  -16   14  300   18
 72365 -106.61   35.05 1620    1  575  -16   10  295   19
 72402  -75.47   37.85    3    1  571  -13  1.4  215   32
 72403  -77.44   38.95   98    1  565  -11  1.9  205   40
 72451  -99.96   37.77  790    1  564  -17   18  315   27
 72456  -95.61   39.07  270    1  551  -22   12  320   36
 72469 -104.86   39.75 1625    1  566  -18    8  320   18
 72476 -108.52   39.12 1475    1  570  -18    7  290   22
 72520  -80.21   40.50  373    1  549  -15   41  190   57
 72528  -78.72   42.93  215    1  554  -14  2.1  190   33
 72562 -100.67   41.13  849    1  558  -20    9  325   25
 72572 -111.96   40.78 1288    1  569  -19  1.5  275   26
 72597 -122.86   42.37  405    1  563  -19  3.7  260   32
 72645  -88.12   44.48  214    1  530  -29   13  260    6
 72662 -103.06   44.05  966    1  556  -20    7  315   26
 72681 -116.21   43.57  874    1  563  -21  2.6  255   23
 72694 -122.99   44.92   61    1  557  -24   19  250   22
 72712  -68.01   46.87  190    1  572  -15  1.4  230   12
 72747  -93.37   48.57  361    1  532  -29    6  340   12
 72764 -100.74   46.77  506    1  547  -24    6  320   28
 72768 -106.61   48.22  700    1  550  -23    7  280   26
 72797 -124.54   47.95   62    1  550  -26   16  250   15
 74494  -69.96   41.67   16    1  576  -14    6  230   11
 76225 -106.07   28.63 1435    1  580  -12   29  285   10
 76256 -110.89   27.92   11    1  584   -9   38  280    7
 76458 -106.41   23.20    4    1  586   -7   48  265    7
 76644  -89.64   20.98    9    1  584   -8   23  220    6
 76679  -99.07   19.43 2234    1  587   -7   30  305    2
 78016  -64.67   32.37   28    1  581  -11   15  335   20
 78384  -81.34   19.28    3    1  586   -6   33  140   10
 78397  -76.77   17.93    2    1  586 9999 9999 9999 9999
 78486  -69.87   18.43   14    1  587   -4   19   60   11
 78526  -65.99   18.43    4    1  586   -6 9999   50   10
 78954  -59.47   13.07   56    1  585   -4   29  295    8
 78970  -61.34   10.62   15    1  586   -4 9999  305    6
 81405  -52.36    4.83    9    1  587   -5   24  195    3
 91165 -159.34   21.98   45    1  586   -8   42   55    2
 91285 -155.06   19.72   11    1  585  -11   11   20    4
 91334  151.85    7.47    2    1  588   -4   14   50    6
 91348  158.22    6.97   46    1  586   -4   12   90    2
 91376  171.38    7.08    3    1  584   -3   42   60    8
 91408  134.48    7.33   33    1  585   -5  4.0  100    9
 91413  138.08    9.48   17    1  586   -6   11  100   13
