diamond 4 10年11月30日08时500百帕相对湿度场
10 11 30 08   0  500
  2.000 -2.000  32.0 160.0  80.0  12.0
  65  35    10.0      .0   100.0  1  0
    60.4    59.7    57.8    54.8    50.0    46.1    43.3    42.1    43.5    47.1
    53.5    62.9    74.3    81.2    83.3    82.2    82.2    82.1    79.8    76.7
    74.3    73.2    71.3    71.3    71.3    71.3    71.3    71.3    72.3    74.8
    76.8    78.1    78.6    78.5    78.6    78.6    78.7    78.7    78.6    77.5
    77.0    76.1    75.7    75.5    77.1    78.0    79.8    79.8    79.9    80.9
    80.9    82.0    82.0    82.0    82.0    81.9    82.8    83.7    83.7    83.6
    78.8    64.4    45.2    31.7    27.3
    60.4    59.7    58.5    54.8    50.1    45.6    42.3    40.2    40.1    41.9
    46.6    54.7    64.6    75.3    79.2    81.2    81.1    79.9    77.6    75.4
    73.8    72.2    71.3    71.3    71.3    71.3    71.3    71.3    72.2    74.0
    76.4    78.6    79.1    78.7    78.5    78.6    78.6    78.6    78.6    77.7
    76.6    74.9    73.8    73.7    75.3    77.9    78.9    79.8    79.9    80.9
    80.9    81.9    82.0    82.0    82.0    81.9    82.8    83.7    84.7    83.6
    79.7    65.2    45.2    30.9    25.9
    59.6    58.9    58.4    55.4    51.4    46.8    42.4    38.3    36.0    35.5
    36.8    40.9    47.6    56.0    65.3    72.3    75.8    75.6    75.5    74.5
    73.1    71.3    71.3    71.3    71.3    71.3    71.3    71.3    71.3    72.2
    74.8    78.4    80.3    80.3    79.9    79.3    78.8    78.7    77.3    76.3
    73.9    71.2    70.1    70.8    73.4    76.0    78.8    79.8    79.8    80.8
    80.9    81.0    82.0    82.0    82.0    82.9    83.8    83.7    84.6    84.6
    79.7    64.4    44.1    30.1    25.3
    57.4    56.8    56.3    54.8    52.0    48.6    44.1    39.9    36.1    34.3
    33.4    34.2    37.3    42.0    50.1    59.9    68.4    73.1    74.5    74.0
    73.1    72.2    71.3    71.3    71.3    71.3    71.3    70.5    69.7    68.8
    71.2    75.5    79.1    80.0    81.0    82.0    82.1    79.3    76.5    72.9
    70.2    68.4    68.3    68.2    69.8    72.4    76.0    79.8    81.7    81.8
    80.8    79.9    80.0    81.0    81.9    82.8    83.7    84.7    84.6    83.6
    77.9    61.5    42.1    29.4    25.0
    58.0    56.0    55.6    54.1    52.1    49.9    47.0    43.0    38.4    34.8
    33.9    34.3    36.5    41.1    48.1    58.3    67.4    72.7    74.6    74.0
    73.2    72.2    71.3    71.3    71.3    71.3    70.5    68.1    65.7    64.1
    65.6    68.7    72.8    76.3    79.9    80.9    80.9    78.1    74.5    70.9
    69.2    67.5    66.6    65.7    65.6    66.4    70.6    76.9    80.7    80.7
    77.9    76.1    76.1    77.1    79.0    80.8    82.7    85.6    85.6    83.6
    72.5    54.6    37.8    27.9    24.7
    59.5    57.5    56.5    53.7    51.6    50.1    48.8    46.5    42.6    38.0
    36.2    37.5    44.4    53.7    62.6    68.2    72.7    74.6    74.7    74.7
    74.1    71.5    69.0    68.1    68.9    68.9    68.1    66.5    64.2    61.9
    60.4    58.9    59.4    61.5    66.0    73.5    76.2    74.4    71.7    70.0
    68.3    67.4    66.6    64.9    60.9    59.3    61.6    69.7    76.9    76.9
    74.1    71.4    69.7    69.9    71.7    74.4    78.9    83.7    83.6    77.9
    63.8    46.4    33.7    26.9    24.3
    68.9    66.1    60.0    54.8    51.2    49.4    49.4    48.8    45.4    41.6
    39.7    44.7    59.3    75.4    82.6    79.2    77.1    75.6    75.6    73.8
    71.1    63.8    56.6    55.3    58.3    62.8    65.7    68.9    68.1    61.3
    53.8    45.9    40.9    39.2    42.6    50.6    57.8    62.9    65.9    67.5
    67.4    66.6    67.3    66.5    62.4    57.1    57.1    59.3    67.2    68.9
    69.7    68.0    67.2    65.1    63.1    64.0    67.9    72.0    71.9    61.0
    48.2    36.6    30.0    26.2    24.6
    76.4    66.4    56.3    53.7    49.4    47.7    50.0    51.1    50.4    47.5
    46.4    54.7    75.5    91.5    90.4    82.6    76.6    74.5    72.7    68.4
    60.5    47.5    37.3    35.1    41.1    53.2    62.5    65.8    59.2    52.2
    41.9    36.2    32.2    28.5    28.3    31.2    37.7    45.9    54.9    61.2
    63.3    64.0    68.9    74.1    81.7    68.0    59.4    53.8    52.6    53.3
    58.0    63.2    63.5    60.2    55.8    52.0    51.9    53.2    48.3    37.8
    30.3    27.2    26.5    26.2    25.0
    58.6    71.2    62.9    65.0    51.9    46.7    50.7    56.9    63.1    66.2
    66.2    68.5    82.7    94.0    90.5    82.9    72.9    64.5    57.4    50.3
    43.5    33.0    25.6    24.4    31.4    47.7    60.0    55.6    42.8    29.3
    30.7    33.3    34.2    29.8    26.3    25.1    28.0    34.1    44.6    49.5
    55.1    56.4    60.8    61.8    70.8    70.0    63.5    43.9    31.3    29.4
    34.6    48.0    55.9    57.1    53.7    51.4    51.3    50.7    47.8    35.0
    28.9    25.6    26.5    26.2    25.0
    56.3    75.7    77.4    60.6    48.3    38.2    43.9    56.7    72.2    74.9
    69.3    59.0    57.5    71.4    83.2    84.3    63.9    43.2    30.3    25.9
    25.0    23.2    20.3    22.4    32.1    56.5    65.6    48.7    27.2    25.3
    30.3    47.5    47.0    37.1    28.6    23.5    23.0    31.4    40.0    40.3
    40.0    45.1    46.3    34.4    37.4    45.8    45.9    37.7    26.2    22.8
    25.3    36.1    47.0    54.5    57.7    58.6    61.3    67.8    68.5    55.5
    41.3    33.0    30.3    26.8    24.7
    25.2    28.8    39.6    34.0    26.9    20.6    32.9    50.9    69.3    71.4
    50.6    28.5    18.3    29.9    53.6    72.1    58.5    32.9    21.9    18.0
    20.1    21.4    23.0    28.2    40.1    73.0    83.6    56.8    32.9    34.4
    55.8    73.8    62.6    48.2    33.3    27.2    27.3    36.8    49.0    36.7
    33.0    37.6    47.1    36.7    33.4    32.3    43.3    41.3    31.4    26.0
    27.1    37.2    48.7    58.3    64.5    71.7    77.5    85.3    95.2    84.8
    68.7    51.8    39.0    29.2    25.3
    18.8    17.2    25.1    38.5    22.8    18.8    35.0    56.6    69.5    64.5
    39.4    15.1    10.6    14.7    34.9    55.3    90.1    49.4    27.9    21.0
    22.2    26.6    35.3    47.3    63.4    72.1    75.0    62.5    54.3    70.9
    86.6    91.6    70.9    58.5    49.2    41.0    35.8    43.3    41.6    36.9
    29.0    36.2    70.6    77.9    60.5    40.4    51.3    52.7    49.6    44.4
    44.5    49.3    55.6    62.0    68.6    77.3    86.5    94.1   100.0   100.0
   100.0    77.6    52.9    35.8    24.7
    48.3    50.3    72.8    76.5    48.1    21.7    41.1    67.0    77.1    69.3
    46.6    23.3    12.9    13.3    21.3    32.9    62.8    66.7    38.9    24.0
    23.3    28.9    50.7    74.4    77.3    52.4    47.1    52.7    64.2    84.6
   100.0    91.8    76.2    66.5    66.2    57.7    41.5    26.2    18.3    15.6
    24.8    39.6    71.3    89.8    78.8    64.2    66.8    70.1    74.4    71.0
    67.8    63.4    62.1    64.0    67.2    73.7    82.9    91.6   100.0   100.0
   100.0    92.8    67.7    40.3    33.7
   100.0    99.0    74.7    58.2    15.6    10.9    35.2   100.0    97.2    88.1
    80.2    78.1    61.1    36.0    24.4    19.8    30.8    53.3    42.0    28.0
    22.5    27.9    45.1    66.5    70.8    40.6    34.9    44.4    63.9    81.3
    90.9    92.9    85.4    77.5    76.6    63.1    33.9    14.7     6.0     8.1
    27.4    42.9    56.9    57.6    56.9    57.6    69.2    76.2    78.1    78.1
    70.4    65.7    64.3    64.3    67.4    74.0    85.8    92.6    98.7   100.0
   100.0    95.2    94.1    75.3    58.4
   100.0    58.4    43.4    16.8     3.3     2.9    35.7    97.1   100.0    97.1
    91.6    98.1    76.2    48.0    27.7    15.9    17.0    21.4    25.7    18.2
    14.8    19.0    33.7    50.0    54.1    48.1    50.7    77.0   100.0   100.0
    93.0    91.1    88.3    82.1    78.7    63.3    43.8    27.7    24.1    26.1
    42.8    51.2    49.6    47.0    46.2    52.6    66.2    64.0    59.0    59.8
    59.8    60.3    61.8    62.8    74.8    88.0   100.0    94.4    87.9    81.7
    86.0    94.0   100.0    96.4    85.3
    58.5    61.8    52.0    37.4     7.9     8.0    46.7   100.0   100.0    79.2
    71.6    81.4    67.0    48.3    30.0    19.3    18.2    22.7    22.7    16.3
    12.1    13.8    23.9    40.0    60.3    79.7   100.0   100.0   100.0    99.0
    74.7    77.2    84.0    84.9    79.0    66.2    49.4    42.9    71.2   100.0
    75.6    62.0    49.1    44.6    46.3    56.4    79.3    62.1    48.5    47.7
    51.6    53.5    54.4    57.0    69.7    77.4    83.0    77.5    68.1    63.5
    68.8    84.1    95.2    94.1    87.4
    45.3    78.4    92.4    93.3    66.0    44.1    65.7    94.4    86.5    66.9
    57.0    55.1    52.5    44.8    36.5    29.1    27.1    28.5    25.9    19.0
    12.6    12.1    18.3    30.3    53.2    87.9   100.0   100.0    86.5    37.4
    26.2    40.8    65.4    71.3    70.0    57.5    39.9    32.1    45.3   100.0
    88.6    70.7    54.5    49.1    57.1    75.0    79.6    56.2    43.7    44.6
    46.6    48.3    39.7    28.7    42.7    38.2    61.3    55.1    52.4    47.8
    52.2    65.4    80.0    87.4    87.5
    35.3    41.3    51.7    71.1    82.9    67.1    69.4    82.3    81.5    66.3
    52.7    47.5    46.6    41.0    36.0    32.7    32.4    33.7    33.5    30.6
    24.5    22.1    25.9    26.0    21.5    42.9    78.7    74.8    31.5    10.5
     8.8    29.5    45.3    43.5    44.7    40.3    27.2    15.2    16.7    34.7
    84.3    64.5    69.9    79.0    71.3    69.2    57.7    33.0    25.0    29.6
    35.0    38.9    26.9    14.1     5.6    12.8    25.3    37.7    40.9    38.0
    41.2    52.5    67.0    79.2    83.3
    35.4    32.5    32.3    31.7    38.0    50.4    61.0    75.3    77.6    64.4
    52.8    43.8    34.9    26.6    22.2    23.0    28.9    36.5    42.6    46.3
    44.4    39.8    34.9    25.7    13.6    18.0    35.2    21.7    10.8     6.5
    16.1    40.1    16.1     8.8    26.0    31.4    17.9     7.9     7.2    12.3
    20.2    24.2    36.9    75.4    83.4    44.4    24.5    18.1    12.9    16.3
    23.5    33.3    33.7    22.3    22.6    16.9    11.9    23.7    26.9    27.5
    30.7    40.3    54.9    70.3    75.8
    45.5    39.1    29.4    24.8    23.6    36.3    50.7    61.6    61.7    52.6
    40.7    28.3    17.6    11.0     9.2    11.7    19.6    33.2    45.9    53.7
    53.4    48.7    39.4    23.2    12.9    15.2    14.7     6.6     4.2     5.3
    20.9    22.9     9.6    10.1    21.9    22.7    20.1     3.8     2.5     4.5
     3.0     3.9     9.7    43.3    46.2    18.1    10.2     9.2     7.9    10.5
    14.5    21.8    24.3    21.5    21.0    16.7    16.3    14.5    15.8    16.8
    19.7    27.2    40.5    57.2    65.6
    47.2    43.6    30.6    24.7    25.8    31.2    38.2    37.9    31.7    24.5
    17.7    12.1     8.1     6.2     5.9     7.2    12.1    23.0    38.4    49.3
    55.6    54.1    40.3    21.5    11.5    12.1     9.9     3.0     1.6     1.5
     3.6     8.8    10.2    16.6    17.7    16.9    16.7     5.4     4.0     7.0
     3.6     2.8     3.9    21.1    14.2    11.2    17.1    23.1    11.4     9.1
     9.2    15.5    20.7    23.0    13.6     7.8     3.9     9.0    10.6    11.7
    13.2    18.1    28.5    44.5    53.3
    38.8    43.3    32.7    27.7    26.3    26.9    23.4    16.9    12.5    10.0
     8.4     7.0     5.8     5.3     5.2     5.7     7.6    13.3    25.8    41.4
    49.8    52.2    37.2    18.2    10.8     8.9     5.7     1.8      .9     1.1
     3.2    16.4    20.8    19.3    11.9    10.6    11.8     8.6    12.0    23.2
    14.6    14.0    13.7     6.9     4.2     4.4    21.9    33.0    18.5     3.7
     5.7    10.0    14.3    15.1    14.3     8.2     5.8     6.2     8.1     9.6
    11.4    15.0    23.9    35.6    43.1
    30.1    32.9    30.4    27.3    24.6    19.8    11.7     7.2     7.1     7.8
     7.7     6.9     5.6     5.2     5.2     5.2     5.4     7.0    16.0    31.5
    38.0    38.9    29.0    10.8     7.8     6.6     3.6     1.0     1.1     1.4
    13.3    33.1    30.6    16.7    11.8     9.6     9.2     4.3     9.0    29.1
    25.7    23.5    11.5     4.8     5.2     7.0    10.1    18.3    12.9     6.5
     4.4     6.0     6.9    10.2    10.3     9.9     8.9     9.0     9.7    11.1
    13.4    18.0    24.4    31.6    36.4
    28.4    27.8    26.7    25.2    20.9    13.9     6.5     5.2     6.6     7.4
     7.4     7.1     5.6     5.2     5.1     5.2     5.3     5.8     8.3    11.6
    10.6     9.8     8.0     6.7     6.8     6.4     4.3     2.1     1.8     4.5
     6.9    20.5     9.0    13.2    20.4    15.6    11.2     6.1     6.5    11.2
     7.5    12.9    13.3     5.0     6.4    14.3    20.8    16.7    18.6    24.0
    19.0     3.0     3.0     6.4     9.6    11.3    12.3    13.0    14.7    16.9
    20.3    23.7    27.0    30.0    32.4
    26.4    26.1    25.6    23.9    18.1    10.0     4.3     3.5     4.2     5.1
     5.5     5.4     4.6     4.7     5.0     5.2     5.4     5.4     4.7     3.4
     2.7     2.3     2.0     2.2     3.6     4.2     3.1     2.3     1.9      .8
     2.2     9.9    11.9    24.4    33.6    25.2    21.7    17.8    16.6    21.0
    20.3    30.3    30.8    10.0    19.6    69.1   100.0    50.8    80.5    86.2
    55.9     5.3     2.1     5.1    10.7    17.1    22.2    27.0    29.3    29.0
    28.2    28.2    28.5    29.4    30.4
    25.8    25.6    25.3    22.9    16.1     8.0     3.6     3.0     3.2     3.9
     4.4     4.0     3.4     3.4     3.9     4.6     5.0     4.4     3.3     2.7
     2.0     1.7     1.7     2.1     3.2     4.1     2.9     2.4     2.4     2.8
     5.8    45.8   100.0    72.0    65.0    68.6    75.1    60.7    49.7    51.0
    58.6    69.7    59.9    47.3    68.6   100.0   100.0    95.5    95.5   100.0
    89.0    18.4     6.5     9.0    21.7    36.2    48.1    53.9    50.0    40.9
    33.4    30.1    29.4    29.5    29.7
    25.8    25.6    25.0    21.0    12.9     5.8     3.3     2.9     2.9     3.1
     3.0     2.3     2.0     1.9     2.2     2.6     2.8     3.0     3.0     2.8
     2.3     2.0     2.2     2.8     3.6     4.5     3.3     2.6     3.2     7.2
    22.0    55.3    49.9    42.6    44.8    68.6    81.3    67.2    61.8    74.8
    71.5    80.6    89.1    81.5    80.2    95.8   100.0    94.9    89.8    84.5
    67.0    41.1    27.0    33.6    51.5    66.0    73.8    69.5    58.3    43.6
    34.1    30.3    29.4    29.4    29.5
    25.8    25.6    24.2    18.6     9.9     4.2     3.1     2.9     2.8     2.5
     2.0     1.6     1.3     1.3     1.5     1.6     1.7     2.1     3.0     3.3
     3.0     2.7     2.9     3.4     4.1     4.6     3.7     2.3     3.4    19.3
    49.9    30.9    11.2     3.7     8.3    28.4    38.1    32.2    32.6    47.5
    40.0    56.7    64.0    38.4    41.4    65.1    79.5    82.9    73.8    70.2
    64.7    56.3    54.4    60.8    73.9    78.6    78.7    69.1    54.5    40.4
    32.3    29.6    29.3    29.4    29.3
    25.8    25.6    23.7    17.6     8.9     3.8     3.0     2.8     2.4     1.7
     1.2     1.1     1.2     1.3     1.5     1.6     1.6     2.3     4.1     5.1
     4.9     4.5     4.6     6.2     6.5     7.3    12.7     1.2     1.2     8.6
    41.4    38.2     1.5      .5      .8     5.2    10.2    14.8    25.7    18.8
    14.2    27.7    22.0    12.0    22.2    40.0    55.9    69.4    64.7    60.7
    58.2    58.6    62.3    69.2    75.3    76.6    73.4    62.7    47.8    36.3
    30.7    29.4    29.0    29.3    29.5
    25.8    25.6    23.5    16.9     8.3     3.6     2.8     2.6     2.2     1.7
     1.4     1.3     1.5     1.7     1.9     2.0     2.4     4.6     8.3     9.3
     9.1     8.6     9.4    10.9    12.2    18.9    76.7    17.5     2.4     4.0
    34.7    12.4     1.4      .3      .3      .7     1.1     3.5    12.2    11.7
     5.4    10.6     8.8     3.6     8.9    16.2    33.6    47.5    51.9    54.4
    56.9    59.6    62.8    66.8    70.9    72.7    68.4    56.9    42.9    33.8
    30.1    29.1    29.4    29.3    29.3
    25.8    25.3    22.8    16.0     8.3     4.0     3.4     3.5     3.7     4.0
     4.4     4.5     4.5     4.1     4.0     4.0     5.4     9.6    12.2    10.3
     9.8    10.0    10.7    13.0    17.3    18.8    51.9    44.6    14.9     8.7
    16.7    14.6     2.8      .9      .4      .4      .4     1.2     2.8     2.9
     4.0     4.8     4.6     3.7     3.5     4.5     7.5    13.7    25.7    41.0
    52.7    54.8    51.6    51.2    55.2    60.9    60.9    52.5    40.7    32.9
    30.1    29.4    29.4    29.4    29.3
    25.4    24.2    19.7    13.3     7.9     5.0     4.8     5.0     5.2     5.4
     5.5     5.6     5.6     5.4     5.4     5.7     8.5    12.5    13.2    10.9
     9.4     9.2    12.7    19.4    24.7    21.8    27.3    58.5    39.1    23.2
    22.8    18.6    10.1     4.2     2.3     1.4     1.8     5.7     5.6     3.7
     2.2     3.3     3.3     2.7     2.6     2.8     3.8     6.1    12.6    24.5
    33.5    30.4    23.3    20.8    24.2    32.2    39.3    39.8    35.3    31.5
    29.9    29.4    29.4    29.4    29.4
    23.2    20.4    14.9     9.8     6.8     5.5     5.4     5.4     5.5     5.6
     5.6     5.6     5.6     5.7     6.0     7.2     9.7    11.9    11.8    10.2
    10.0    13.8    22.2    34.7    40.0    29.7    20.5    30.0    39.6    41.6
    42.3    40.9    30.9    20.8    15.3    16.7    22.3    41.3    32.6    18.6
     9.9     6.1     4.2     3.3     3.0     3.7     5.1     7.2    11.0    16.2
    17.3    13.3     9.7     8.5     9.2    11.5    15.0    18.6    22.7    26.1
    28.8    30.0    29.7    29.4    29.4
    19.8    16.0    10.9     7.4     6.0     5.6     5.5     5.6     5.6     5.6
     5.6     5.6     5.6     5.7     6.1     7.4    10.0    12.3    12.1    11.3
    12.3    19.9    41.2    59.9    56.9    42.3    29.9    32.1    41.7    49.3
    53.8    54.9    51.3    46.4    43.8    45.8    56.4    90.5    91.2    79.4
    37.6    17.2     8.0     5.6     6.1     8.7    11.7    13.6    14.1    14.1
    11.9     9.0     7.0     6.5     6.5     7.0     7.8    10.5    16.8    26.2
    34.8    36.7    33.6    30.0    29.4
    17.4    14.0     9.7     7.0     5.9     5.6     5.6     5.6     5.6     5.6
     5.6     5.6     5.6     5.8     6.2     7.6    10.2    12.6    13.5    12.8
    16.3    26.5    52.7    71.9    68.4    45.9    36.9    38.0    44.7    52.4
    55.7    57.2    56.8    56.6    57.2    61.3    74.5    85.1    83.2    65.1
    48.8    24.9    13.4     9.0     9.1    13.6    16.9    18.2    15.9    14.7
    12.7     9.3     7.2     6.9     6.0     6.2     7.9    12.7    27.9    51.9
    69.3    64.6    44.9    34.0    29.4
