diamond 4 10年11月26日08时500百帕相对湿度场
10 11 26 08   0  500
  2.000 -2.000  32.0 160.0  80.0  12.0
  65  35    10.0      .0   100.0  1  0
    55.2    54.6    53.3    50.2    47.3    48.6    55.7    65.0    70.9    72.6
    72.0    70.8    69.7    69.2    69.4    69.4    69.2    67.2    59.4    48.3
    37.1    30.2    27.4    26.3    26.3    26.3    26.3    26.8    28.4    31.2
    35.0    37.8    38.6    39.0    38.8    38.6    38.2    38.2    38.5    39.5
    41.9    47.8    56.0    65.4    74.0    81.0    84.2    84.2    83.2    80.1
    77.2    75.3    74.3    74.3    74.3    75.2    78.0    80.9    84.0    85.0
    86.0    86.0    86.0    86.0    86.0
    55.9    54.5    53.3    49.6    46.2    46.8    53.6    64.2    72.3    75.1
    73.3    72.2    71.0    69.7    69.1    69.1    68.9    65.9    58.7    46.4
    35.1    28.6    26.7    26.3    26.3    26.3    26.3    26.7    28.0    31.3
    35.9    39.2    40.5    40.0    39.4    38.3    38.1    38.0    38.7    40.6
    45.5    53.4    62.1    70.8    77.6    83.0    84.2    84.2    83.2    81.2
    78.2    75.3    74.3    74.3    74.3    76.1    78.0    81.9    83.9    86.1
    86.0    86.0    86.0    86.1    85.0
    57.1    56.5    53.9    48.4    44.0    43.5    49.8    61.1    72.1    77.5
    78.4    76.9    73.0    71.4    70.0    69.1    67.8    65.9    59.5    47.0
    34.4    28.4    26.6    26.3    26.3    26.3    26.3    26.6    28.0    32.5
    38.6    43.7    46.1    45.3    43.6    41.0    39.5    40.0    42.9    49.0
    59.4    71.5    78.3    82.1    83.3    84.9    85.2    85.3    84.3    82.2
    79.2    77.2    75.3    74.3    74.3    77.1    79.9    82.9    85.0    86.0
    86.0    86.0    85.0    85.0    83.9
    62.1    62.9    58.5    50.1    42.3    39.4    43.4    54.0    67.1    76.4
    81.1    80.2    77.5    73.5    70.4    68.9    69.6    68.0    62.4    51.3
    38.2    30.2    26.9    26.3    26.3    26.3    26.6    27.5    30.3    36.2
    43.2    49.8    53.1    52.9    52.0    50.5    48.4    49.5    54.8    65.6
    76.4    83.8    85.8    85.9    86.0    84.9    85.0    85.2    85.4    84.3
    82.2    79.0    76.0    75.1    75.1    78.0    81.9    85.0    86.1    86.0
    86.0    85.0    83.9    82.9    81.9
    59.8    64.3    61.4    52.0    41.8    33.8    33.2    41.1    55.9    71.2
    77.3    76.4    69.6    63.4    60.5    63.3    66.2    67.7    66.0    57.8
    44.8    34.1    28.7    26.6    26.2    26.9    28.1    31.7    37.0    44.0
    50.1    53.0    54.6    54.8    55.5    55.6    55.6    59.0    66.3    77.1
    84.7    87.7    87.8    86.8    86.9    88.1    85.8    86.1    86.4    85.3
    81.9    78.6    76.5    74.6    72.9    74.8    79.8    87.2    88.2    88.2
    85.0    84.0    81.9    79.9    78.9
    57.1    62.2    59.5    57.7    47.6    35.7    27.8    30.7    43.8    58.1
    66.3    62.5    48.7    38.6    38.6    49.1    60.8    67.6    68.4    64.4
    54.4    42.1    32.1    27.7    27.6    29.9    34.0    40.7    48.2    53.2
    55.5    54.5    52.3    51.3    52.7    54.6    58.0    63.8    73.5    83.7
    88.8    89.8    88.8    87.7    87.8    88.9    89.1    85.8    85.0    82.8
    81.8    81.2    76.7    70.4    61.3    59.4    65.7    77.7    85.0    86.1
    81.9    78.9    77.0    75.2    75.2
    36.5    43.0    56.1    65.1    64.2    45.6    33.2    29.8    38.4    50.4
    56.9    45.8    28.4    20.2    22.6    37.6    57.2    67.5    70.0    67.6
    60.7    47.8    34.8    29.2    30.3    36.2    44.3    51.8    56.4    57.9
    57.4    53.0    47.2    43.0    44.3    48.8    55.8    65.2    77.0    86.7
    87.7    85.6    82.6    84.6    86.6    87.7    88.9    87.0    83.2    80.1
    80.3    78.3    71.2    53.7    36.8    30.8    36.1    48.5    66.2    74.0
    74.2    71.5    70.7    71.7    73.6
    31.6    43.8    62.2    85.5    92.0    69.7    43.7    37.5    44.8    52.9
    51.9    35.0    17.1    13.5    21.2    39.0    59.0    68.5    70.2    66.2
    56.1    41.1    29.5    26.0    28.9    37.9    47.5    55.7    60.1    61.8
    60.5    55.1    46.6    38.8    38.5    42.5    53.0    64.2    74.2    77.9
    76.0    69.9    66.5    73.0    80.4    82.4    82.5    78.8    71.8    69.4
    71.9    71.1    58.1    36.4    19.4    12.2    12.9    21.5    37.7    54.0
    62.3    64.1    66.7    70.2    74.8
    62.4    69.9    71.9    61.6    79.2    83.8    63.1    58.7    66.1    74.7
    58.0    32.5    16.9    17.6    34.1    57.0    71.0    73.0    70.9    62.1
    47.2    31.2    22.6    19.9    21.8    26.7    35.6    49.4    62.0    72.1
    69.6    61.7    51.4    43.3    43.4    48.5    58.9    66.5    68.2    65.0
    55.6    51.7    51.5    61.5    69.3    72.0    70.4    60.9    50.1    47.2
    51.0    55.8    46.7    28.8    16.2    11.1    11.9    17.1    35.1    52.1
    61.6    64.2    67.8    74.1    82.8
    82.8    93.6    81.9    49.2    56.6    86.3    76.9    75.4    88.6    88.7
    74.8    44.5    30.7    40.6    69.0    97.8    92.3    81.0    72.6    60.9
    42.1    27.2    19.2    17.3    16.2    16.4    20.6    34.8    60.9    75.0
    77.7    68.8    62.4    55.9    57.4    67.3    75.0    75.0    75.0    73.2
    65.8    56.2    52.2    55.9    58.5    57.8    51.8    45.4    38.1    37.5
    41.1    49.8    50.7    38.1    25.3    19.4    21.2    32.3    50.1    66.1
    69.0    68.4    72.3    82.9    93.3
    76.8    93.7    83.9    61.9    73.6   100.0    89.5    84.0    83.3    88.0
    74.6    49.6    36.1    52.1    83.8   100.0    93.6    83.7    77.2    67.7
    50.0    34.1    24.4    21.2    18.7    14.4    14.8    25.7    50.1    68.9
    71.3    70.4    70.4    71.2    77.6    82.5    83.5    76.7    72.1    80.5
    81.6    74.2    65.0    59.7    56.0    50.2    42.9    38.1    35.6    36.3
    43.3    62.8    84.9    81.1    59.1    45.3    44.1    53.7    70.4    79.9
    79.1    74.7    76.1    88.1    96.7
    74.8    79.0    61.8    53.9    80.6   100.0    88.7    78.1    74.2    71.0
    60.0    40.0    34.8    42.1    70.3    77.7    77.7    75.9    79.4    83.0
    81.0    70.4    57.0    45.7    32.6    26.6    23.3    30.2    44.7    59.7
    65.5    68.7    71.2    75.6    83.4    89.7    86.5    72.8    70.2    73.7
    86.5    85.6    74.3    68.5    61.4    51.9    41.2    36.1    35.1    39.6
    51.8    79.0   100.0   100.0    86.1    62.7    61.6    67.9    77.6    86.1
    83.1    71.1    65.2    71.6   100.0
    69.6    68.0    42.5    30.1    38.3    83.5    95.8    88.0    79.2    70.5
    57.6    45.0    35.3    36.6    47.4    56.2    61.5    66.6    76.2    88.9
   100.0   100.0   100.0    95.8    80.7    60.1    50.8    48.7    54.9    61.2
    63.8    66.7    70.5    78.4    84.3    86.4    86.4    73.5    69.8    69.9
    74.5    75.7    76.0    78.1    79.1    63.2    43.6    34.6    33.4    36.7
    52.8    82.0   100.0    87.1    63.1    51.9    56.8    65.9    73.8    77.0
    65.7    47.3    37.0    56.9    65.1
    66.5    58.1    39.0    27.2    46.3    83.4   100.0   100.0    95.9    78.5
    68.2    64.5    56.6    49.0    49.3    52.4    54.6    57.9    63.5    74.2
    90.1    95.0    94.0   100.0   100.0   100.0    95.8    83.5    82.0    67.8
    63.1    65.5    66.6    61.8    57.0    57.6    67.6    72.6    72.4    69.9
    66.2    65.7    72.6    88.0    90.1    73.0    43.8    33.3    28.7    28.4
    36.9    59.1    69.8    53.7    33.4    32.6    51.7    62.8    68.0    60.2
    41.5    26.1    16.4    17.9    24.4
    56.5    39.7    31.0    30.0    61.4    82.4    89.6   100.0   100.0    77.0
    66.4    64.3    54.9    46.3    47.0    48.9    48.1    44.1    39.3    39.9
    43.8    53.8    66.3    79.2    91.2    99.0   100.0   100.0   100.0   100.0
    73.3    60.5    43.7    24.4    11.7    15.5    27.7    54.0    82.6    83.7
    62.4    59.8    67.4    75.7    75.4    62.9    36.1    29.7    22.6    15.2
    16.2    28.4    36.6    26.2    36.2    57.1    95.3    89.7    76.7    51.2
    29.3    17.0    10.5    11.3    13.2
    41.0    30.6    25.6    26.5    40.8    41.3    27.0    43.7    63.1    48.0
    45.1    50.3    46.5    41.9    40.1    42.2    37.9    30.0    25.7    26.6
    28.1    33.9    44.8    59.4    73.7    81.5    94.1   100.0   100.0   100.0
    78.6    52.1    28.2     8.0     4.2     4.8    14.6    35.4    71.3    91.9
    65.5    62.1    65.9    60.6    54.3    49.3    36.7    16.5     9.5     5.0
     7.5    21.0    38.8    43.8    78.5   100.0   100.0   100.0    94.4    56.2
    29.8    16.7    12.1    11.9    13.3
    41.0    33.0    27.5    20.5    19.3    18.5    15.2    19.4    40.5    36.2
    33.2    35.0    37.2    36.5    36.2    34.1    29.6    24.7    24.2    25.1
    25.7    25.6    31.7    47.6    66.9    67.6    58.8    69.8    75.2    70.3
    44.4    32.1    17.8     5.8     4.2     6.4    15.7    27.6    46.1    93.9
    97.6    92.9    84.2    64.1    67.8    85.6    46.7     8.8     2.7     2.6
    14.2    50.4    64.1    60.3    84.9   100.0   100.0   100.0   100.0    71.1
    41.1    23.2    15.8    13.6    13.3
    48.8    45.2    41.4    34.1    25.2    21.7    20.0    29.3    40.0    38.0
    30.4    29.3    32.7    33.8    32.9    31.2    28.7    27.3    31.6    38.4
    39.9    29.9    19.1    41.4   100.0    63.3    30.7    15.5    12.0    18.3
    18.9    12.3     8.2     6.4    12.0    23.8    25.7    18.4    24.7    66.1
   100.0   100.0   100.0    97.7    71.4    48.8    17.3     1.9      .9     2.2
    17.8    58.2    76.9    40.1    32.6    48.1    77.4    97.8    95.7    72.2
    48.4    29.2    19.4    15.1    14.3
    64.4    64.8    63.2    68.3    54.3    34.3    28.1    31.4    43.9    37.7
    31.6    28.2    27.3    26.4    26.3    28.5    33.4    42.2    56.3    76.9
    70.7    45.5    22.6    30.2    81.6    41.8    10.0     2.6     1.3     4.5
     7.3     5.3     2.1     2.3    32.1    78.3    25.6     8.8     6.2    26.9
    82.7    84.6    66.6    84.6    60.7    20.6     3.9     1.5     2.3     4.5
    17.3    49.3    47.2    21.8    15.1    18.5    24.4    41.8    48.9    44.9
    36.1    26.3    19.4    16.0    15.3
    78.4    80.2    78.7    82.8    85.3    54.0    37.6    35.0    38.1    35.7
    29.7    24.9    20.9    18.1    18.2    22.6    33.7    54.2    77.7   100.0
    84.3    55.0    29.9    42.4    73.0    19.5     3.6     1.6     1.0     3.1
     4.8     3.4     1.3     1.4    13.0    34.2    25.1     3.7     2.3     9.4
    20.3    19.6    15.3    28.8     8.3     3.5     4.5     8.5    14.1     8.7
    10.2    13.5    10.7     8.2     8.9    12.3    14.7    17.0    19.7    20.6
    20.8    19.7    18.0    16.9    16.5
    80.5    83.8    79.8    79.8    78.1    62.6    44.0    34.8    30.9    26.6
    22.6    19.0    16.1    14.5    14.5    17.5    25.9    43.6    68.9    84.3
    83.5    53.7    44.0    55.8    65.8    16.1     2.9     2.4     3.1     5.8
     7.2     4.3     1.9     1.4     5.3     9.7     9.4     5.4     3.8    10.9
    15.4    12.1     6.8     4.8     2.7     3.6    13.6    39.6    56.9    15.5
     6.6     2.2     1.0     2.1     6.2    11.9    18.7    14.0    14.7    16.0
    17.2    18.5    19.3    19.5    19.4
    68.1    76.8    73.8    72.3    68.1    56.1    39.5    27.5    20.3    16.0
    14.2    14.1    13.8    13.6    13.6    14.7    18.5    28.3    46.1    61.7
    59.3    49.4    45.4    45.0    37.9    17.8     6.0     4.0     5.9     9.9
    12.3     9.2     6.9     4.7     7.1     6.4     5.7    11.9    15.8    27.2
    28.0    36.1    15.0     2.7     1.9     5.7    28.1    74.2    77.5    31.3
     8.0     1.0      .8     2.8    13.6    28.2    33.6    28.0    24.1    23.1
    23.9    25.0    25.1    24.3    23.7
    52.0    54.8    54.3    52.1    47.6    38.4    24.3    15.5    10.8     7.5
     7.4    10.7    12.8    13.4    13.5    13.5    13.9    17.0    30.6    49.4
    51.3    44.8    41.8    39.0    37.5    27.6    10.7     5.9     7.2    12.7
    13.2    13.7    12.8    13.2     9.9     8.9     8.8    11.7    22.0    40.1
    31.0    35.3    38.4     9.5     2.1     2.2    26.8    66.8    59.1    22.7
     6.2     1.6     1.1     8.6    69.8   100.0   100.0    82.5    51.3    40.1
    36.2    34.0    31.8    29.6    28.1
    41.4    38.9    37.5    36.4    33.2    26.2    18.0    15.1    11.0     5.3
     3.1     4.2     7.7    11.6    13.2    13.5    13.5    14.7    21.2    37.1
    45.4    44.6    41.0    36.7    34.6    27.1    13.0     5.0     5.0     7.0
     8.1     9.0     4.9     8.4    12.9     8.8     5.9     5.4     9.7    21.6
    13.7    13.6    21.3    15.9     7.8     8.2    13.8    42.7    28.4     9.9
     3.7     1.0     1.7    14.9    96.4   100.0   100.0    84.8    58.7    47.4
    41.8    38.6    35.9    33.7    32.3
    35.3    33.9    33.3    32.6    29.2    23.3    17.4    17.2    14.1     5.1
     1.7     1.5     2.4     5.5    10.3    12.4    12.9    14.2    20.1    33.1
    41.6    41.4    39.5    36.2    27.0    10.8     3.3     1.8     2.6     3.8
     4.8     5.4     6.2    14.9    25.5    13.3     7.2     8.3    12.7    22.0
    13.9     8.6    13.8    11.5     9.6     5.4     3.6    13.4     8.2     4.1
     2.1     1.0     1.9    19.2    86.7   100.0    94.1    67.9    55.3    47.6
    42.0    39.3    37.5    36.0    35.2
    34.0    33.0    32.7    32.0    28.4    22.9    19.0    18.5    14.5     5.3
     1.7     1.4     1.7     2.6     4.6     6.6     8.2    10.8    18.2    29.8
    32.0    25.2    20.6    16.7     7.9     2.6     1.6     1.5     2.2     3.1
     3.2     3.6     8.3    26.1    38.0    20.5    37.2    48.0    34.1    26.8
    28.4    13.4    13.4    33.6    30.4    11.9     4.5     7.3     4.7     2.5
     1.9     2.0     4.0    21.0    61.2    74.4    64.1    55.5    50.5    45.8
    41.4    39.2    38.5    37.4    36.8
    33.6    33.3    33.0    31.1    26.1    20.4    18.4    18.5    14.8     6.2
     2.3     2.8     3.7     3.6     3.4     3.6     4.6     7.0    17.6    36.9
    36.8    17.7     7.8     4.7     3.0     1.9     1.7     2.3     3.3     4.2
     2.6     2.9     5.5    19.4    14.8    14.0    29.4    43.0    22.3    10.7
    34.0    35.4    28.5    71.2    59.9    20.6    10.2     8.2     7.1     7.2
     7.5     8.2    12.4    28.7    47.6    53.7    52.2    50.4    48.1    44.2
    40.9    39.4    38.8    38.3    38.1
    33.6    33.6    32.7    29.5    23.0    16.8    16.1    17.3    16.3    12.2
     6.1     6.3     6.4     4.2     2.9     3.1     3.4     6.2    21.2    50.5
    51.9    21.8     6.5     3.6     2.8     2.2     2.1     4.2     7.0     7.6
     5.4     4.2     4.1     3.7     5.0     7.6    18.9    18.5    14.6    13.2
    13.9    17.3    27.1    32.9    29.2    15.8     8.9     7.2     9.9    13.7
    16.3    18.9    23.2    34.8    45.5    49.8    49.9    48.8    46.5    43.0
    40.2    39.0    38.9    38.8    38.3
    33.6    33.6    32.7    28.6    21.9    15.8    14.7    15.1    13.9    12.3
    13.1    11.3     7.0     4.1     2.8     2.6     3.3     7.4    33.3    89.0
    95.5    39.6     6.9     3.0     2.5     2.7     3.7    15.5    17.2    15.1
    10.8     7.7     4.6     3.1     1.8     7.3    22.5    16.9    12.3    12.1
     8.5     7.0     5.4     4.4     8.9     8.2     6.3     6.3    10.0    16.0
    19.8    21.5    26.6    36.1    45.2    49.3    49.8    48.3    45.2    41.8
    39.4    39.0    38.9    38.9    38.9
    33.6    33.6    32.3    28.1    21.0    14.9    13.2    12.4    11.2    11.6
    13.2    11.6     6.1     3.2     2.5     2.7     4.6    21.0    86.3   100.0
   100.0    85.0     9.6     3.1     2.7     3.3     3.7     9.9    22.0    21.7
    13.4     9.3     5.3     3.2     1.5     3.9     9.0     7.0     6.3     5.5
     6.9     6.3     4.4     1.5     5.3     6.9     7.8     7.8    11.3    15.9
    18.9    20.9    26.5    36.4    45.6    50.1    50.1    47.8    43.9    41.0
    39.4    39.0    39.0    38.9    38.9
    33.6    33.6    32.4    27.5    20.0    13.4    11.7    10.9     9.7     9.3
    10.2     7.5     4.2     3.0     2.6     3.6     9.5    41.7   100.0   100.0
   100.0   100.0    24.6     7.8     5.9    10.8     8.3     8.1    12.0    15.8
    12.9     8.5     6.1     4.6     3.7     1.7     2.3     2.3     2.7     3.3
     5.3     7.8    11.3    18.5    28.7    31.6    26.2    21.1    18.5    18.3
    18.6    20.8    27.4    37.8    46.4    50.5    50.1    47.3    43.4    40.6
    39.4    39.0    39.0    39.0    39.0
    33.6    33.6    32.0    27.0    18.8    12.3    10.4     9.7     8.9     8.2
     7.7     5.7     3.7     3.1     3.2     4.9    15.1    44.2    75.7    90.5
    64.5    44.5    26.1    12.7     9.6    12.4    14.8     9.0     8.9    10.0
     9.3     7.3     6.1     5.7     5.1     3.9     2.9     2.8     3.3     4.0
     5.4     9.2    19.5    38.1    49.4    51.9    46.3    38.9    31.3    25.6
    23.5    26.3    34.0    43.6    49.8    51.7    50.6    47.4    43.5    40.6
    39.4    39.0    39.0    39.0    39.0
    33.6    33.7    32.0    26.4    18.2    12.3     9.7     8.8     8.1     7.4
     6.6     5.4     4.3     3.9     4.3     6.6    12.9    20.9    23.2    20.9
    16.4    14.5    11.9    12.4     8.8     9.8    16.3    13.7    11.0     9.0
     7.4     6.2     6.0     6.3     6.9     7.4     7.6     8.1     7.8     7.1
     7.7    12.1    24.2    41.0    55.7    58.9    55.4    51.5    45.2    38.7
    36.5    39.3    45.1    50.1    52.0    52.0    50.9    48.6    44.5    41.5
    39.5    39.0    39.0    39.0    39.0
    33.6    33.3    31.7    25.9    17.5    11.5     9.0     8.0     7.4     6.8
     6.0     5.0     4.3     4.0     4.6     6.8    10.8    13.2    11.0     8.0
     6.1     6.0     6.2     8.3     6.3     6.6    11.1    13.2    12.6    10.4
     7.9     6.3     6.0     6.9    10.0    17.2    26.6    32.8    29.8    23.3
    19.6    22.2    32.5    45.8    55.4    60.2    62.8    62.2    59.6    55.0
    51.3    51.0    51.6    52.6    52.6    52.6    52.1    50.2    46.2    42.3
    39.7    38.8    38.7    39.0    39.0
    33.6    33.3    31.1    25.1    17.1    11.3     8.7     7.7     7.1     6.5
     5.8     4.9     4.3     4.1     4.7     6.8    10.3    11.8    10.3     6.9
     5.8     5.2     5.8     7.5     7.7     8.2     9.8    11.9    12.2    10.5
     8.4     7.2     7.3     9.1    14.4    25.2    47.9    57.3    53.8    37.2
    31.3    33.0    40.6    50.4    58.4    63.9    66.6    67.2    63.3    59.7
    56.2    53.9    53.1    52.2    52.7    52.7    51.8    49.5    45.2    40.7
    37.9    37.3    37.7    38.7    39.0
