diamond 4 10年11月28日08时500百帕相对湿度场
10 11 28 08   0  500
  2.000 -2.000  32.0 160.0  80.0  12.0
  65  35    10.0      .0   100.0  1  0
    68.9    66.2    57.9    44.5    32.7    28.3    31.6    40.1    47.8    52.9
    55.8    59.6    63.1    65.0    65.9    65.9    65.0    63.2    61.9    64.4
    69.2    72.7    74.9    74.8    74.8    74.8    74.8    74.8    75.7    77.4
    80.1    82.0    82.9    82.9    82.9    82.9    82.9    82.9    82.9    82.9
    83.9    83.9    84.8    84.8    84.8    84.8    84.8    84.8    85.8    86.8
    88.9    88.9    90.0    90.0    90.0    90.0    89.0    88.0    86.9    85.9
    85.9    85.9    85.9    85.9    85.9
    70.6    67.1    58.6    44.0    30.8    25.9    29.3    38.3    46.8    51.3
    53.5    56.3    59.7    63.2    64.1    64.1    62.4    59.1    57.8    61.7
    68.0    73.0    74.9    74.8    74.8    74.8    74.8    74.8    75.7    77.4
    80.1    83.0    83.9    83.9    82.9    82.9    82.9    82.9    82.9    82.9
    83.9    84.8    84.8    84.8    84.8    84.8    84.8    84.8    85.8    86.8
    87.9    88.9    90.0    90.0    90.0    90.0    89.0    86.9    86.9    85.9
    85.9    85.9    85.9    85.9    85.9
    73.4    70.6    59.2    42.9    28.2    22.9    25.9    34.8    43.8    48.7
    50.3    51.9    54.0    56.3    58.9    58.2    53.7    49.7    48.9    54.2
    63.8    71.5    74.8    74.8    74.8    74.8    74.8    74.8    74.8    75.6
    78.3    83.0    84.9    84.9    84.9    83.9    83.9    83.9    83.9    83.9
    84.8    85.8    85.8    84.8    84.8    84.8    84.8    84.8    85.8    86.8
    87.9    88.9    90.0    90.0    90.0    89.0    87.9    86.9    85.9    85.9
    85.9    85.9    85.9    84.9    84.9
    82.2    79.2    65.4    44.0    26.5    19.9    21.5    29.0    39.4    46.5
    50.0    50.5    50.9    51.9    51.7    49.9    45.5    42.0    42.1    47.7
    58.1    68.2    73.1    74.8    74.8    74.8    74.8    73.9    72.2    72.1
    74.7    81.0    85.9    86.9    86.9    86.9    85.9    85.9    85.9    85.8
    86.8    86.8    85.8    84.8    83.8    83.8    84.8    84.8    85.8    85.8
    85.8    86.8    87.9    88.9    89.0    87.9    86.9    86.9    85.9    85.9
    85.9    85.9    84.9    85.0    84.0
    82.3    84.3    68.8    44.0    25.0    16.7    16.0    21.2    31.6    42.8
    48.3    49.4    49.9    51.0    50.3    46.3    41.6    39.2    39.7    43.3
    51.4    62.5    70.6    74.0    74.8    73.9    73.1    70.5    66.3    65.5
    67.8    75.4    82.9    86.9    88.0    88.0    88.0    86.9    86.9    86.8
    87.8    86.8    85.8    84.8    83.8    84.8    85.8    85.8    85.8    84.8
    82.8    80.8    80.8    82.8    83.8    83.9    84.9    86.9    86.9    86.9
    85.9    84.9    84.0    83.0    83.0
    79.2    81.2    62.1    42.5    24.3    16.0    13.2    15.6    24.7    36.2
    45.0    48.9    53.6    58.8    56.7    48.6    41.6    38.7    38.3    40.2
    44.9    53.9    64.6    72.2    73.1    72.2    68.8    65.5    62.4    60.8
    63.0    69.3    78.0    84.8    86.8    87.9    87.9    86.9    86.8    87.8
    87.8    87.8    85.8    84.8    84.9    85.9    86.9    85.9    84.8    81.8
    76.1    73.4    72.5    71.7    71.8    72.7    77.2    82.9    85.9    85.9
    84.9    84.0    83.0    82.1    81.2
    52.7    54.1    49.6    36.9    24.1    16.2    13.7    14.6    21.8    32.8
    43.4    52.4    65.3    76.6    70.4    53.9    42.6    38.8    37.8    38.7
    41.6    48.5    59.3    67.7    70.1    67.3    64.8    63.9    62.3    59.3
    59.2    64.3    74.2    82.5    85.6    85.7    84.7    85.8    85.8    86.8
    86.8    85.7    82.7    80.9    80.9    82.9    84.9    85.9    81.8    77.0
    72.5    69.0    66.6    62.7    57.7    56.4    60.7    68.6    78.2    83.9
    86.9    87.0    84.0    81.2    81.1
    40.5    43.7    44.5    33.6    25.3    19.4    17.1    18.2    26.2    36.9
    47.5    59.4    82.7    91.6    72.0    51.9    42.0    38.2    37.8    38.7
    42.9    51.5    63.2    71.6    70.1    67.4    65.0    61.7    56.6    53.2
    50.6    57.0    68.9    81.4    84.4    82.4    79.6    79.7    81.6    82.6
    81.7    78.8    72.4    67.3    65.0    70.0    76.2    80.9    78.9    75.1
    71.5    67.4    62.7    54.8    46.7    42.3    43.5    50.6    63.8    81.0
    91.1    92.2    88.1    82.6    80.7
    51.3    49.5    54.1    57.4    42.3    31.1    28.2    29.2    36.2    43.7
    51.6    63.7    85.1    80.0    54.6    40.8    35.8    35.1    34.6    36.7
    44.7    59.0    72.4    79.8    79.5    78.0    71.0    59.2    46.1    35.0
    39.9    51.6    66.1    76.8    76.6    72.8    68.5    68.6    73.0    75.8
    74.9    71.3    64.6    57.1    53.0    57.3    66.5    77.8    81.6    80.6
    75.9    69.0    59.7    49.8    42.4    38.4    38.5    42.7    52.8    72.9
    85.9    92.2    87.9    83.7    83.0
    63.9    60.5    86.5    94.2    79.5    51.4    46.3    43.1    44.0    46.6
    49.9    59.6    65.0    50.6    37.0    29.6    29.2    28.2    26.8    29.6
    41.1    61.0    78.1    84.9    94.3   100.0    90.6    60.3    35.1    32.6
    38.5    57.3    65.7    69.5    67.3    60.6    57.5    60.4    68.4    75.5
    76.4    71.0    62.0    48.2    45.2    50.9    65.4    79.6    84.5    83.5
    79.6    70.7    59.9    49.4    42.2    37.7    36.9    38.3    41.4    51.3
    66.2    76.9    79.6    83.2    84.5
    65.1    58.3    70.9    95.4    89.7    69.7    59.5    49.8    46.5    46.6
    50.2    58.3    61.2    46.3    34.0    28.9    28.2    24.7    23.0    25.6
    38.3    56.9    71.1    77.3    87.9   100.0   100.0    72.3    42.6    42.1
    59.1    74.7    63.8    60.9    58.3    54.2    52.5    56.3    65.9    78.2
    80.1    75.4    64.2    50.0    46.9    52.7    75.7    88.7    86.6    80.5
    75.9    69.2    61.0    53.0    45.3    39.5    37.2    35.8    34.3    38.1
    44.4    54.7    67.6    79.9    86.1
    41.7    43.6    58.5    81.6    78.2    69.0    60.2    47.4    39.3    40.2
    49.5    62.1    65.0    55.5    41.2    40.0    37.8    31.5    27.0    28.2
    39.1    49.4    48.2    46.8    60.7    70.2    78.0    67.1    58.2    71.3
    85.8    88.9    69.5    61.5    57.1    53.4    50.9    52.8    59.2    67.4
    73.4    71.6    62.6    58.3    56.3    60.0    77.8    81.7    76.0    62.7
    60.7    60.3    59.1    54.9    48.7    42.2    38.2    35.6    32.6    31.0
    33.7    42.9    59.5    77.9    88.5
    31.8    30.3    42.0    71.9    88.8    68.9    64.7    54.2    43.1    42.2
    49.9    68.3    75.7    70.7    65.4    61.3    56.7    45.6    35.2    34.2
    46.9    45.9    31.5    26.4    27.7    31.4    34.9    42.4    53.7    74.8
    98.9    88.0    75.3    71.4    63.5    53.3    48.2    47.3    49.4    54.7
    53.7    56.5    61.2    65.5    72.4    68.3    62.1    47.0    36.8    36.0
    41.0    50.0    56.1    57.9    56.3    52.3    48.0    42.4    35.8    32.1
    34.8    45.1    62.0    79.4    86.9
    27.0    21.4    23.6    41.3    46.2    58.6    75.1    86.6    62.0    56.2
    72.2   100.0   100.0    78.3    76.7    85.3    74.1    56.0    41.5    35.4
    38.3    32.5    22.7    19.0    18.2    17.6    18.7    25.6    39.2    58.7
    74.2    80.3    79.3    79.2    70.9    56.2    47.0    42.4    42.3    47.9
    56.6    62.2    58.6    72.5    72.7    64.6    43.3    34.3    32.3    31.6
    41.1    51.1    58.4    64.8    73.3    80.3    77.6    64.5    48.5    41.0
    44.7    56.0    68.1    76.4    81.6
    29.4    18.4    21.3    21.7    30.4    43.5    78.3    98.9    95.8    79.2
    87.3   100.0    84.0    59.9    66.5    81.2    72.9    48.6    24.4    15.7
    12.5    13.0    14.3    14.8    15.0    14.8    17.7    28.9    48.5    61.3
    65.4    70.5    74.4    75.0    74.9    63.0    49.6    38.9    31.5    37.1
    64.1    67.7    54.3    42.5    37.1    39.6    37.9    45.1    51.5    52.2
    56.9    64.8    67.4    76.2    85.7    94.3    94.4    83.9    66.9    55.5
    57.8    65.8    72.4    75.8    78.3
    31.3    36.6    27.9    24.4    20.3    35.5    67.0    99.0   100.0    84.4
    83.6    91.4    65.2    48.3    45.5    56.3    44.8    24.9    14.0     9.9
     7.3     7.3     8.9    10.5    11.3    12.1    16.7    31.7    60.9    63.1
    63.6    59.6    62.5    70.5    72.7    71.7    62.5    52.8    33.7    30.3
    55.7    55.7    34.6    18.4    12.2    17.6    35.0    51.4    73.7    76.3
    80.1    89.2    77.5    64.1    61.8    70.3    75.6    79.3    63.3    54.0
    56.1    66.0    71.7    75.1    76.7
    41.6    52.0    40.5    12.0    10.2    31.2    72.3    92.7    89.2    77.9
    73.4    68.2    50.2    38.9    37.0    32.9    24.5    16.1    12.6    10.5
     8.0     6.4     7.3     8.3     9.2     9.6    13.2    24.7    37.9    56.0
    47.4    37.7    34.2    44.6    53.5    59.2    64.6    70.6    55.3    33.7
    41.6    33.9    21.5     9.2     4.9    11.0    45.0    61.5    66.0    65.3
    98.8   100.0    60.6    24.7    43.7    36.9    93.4    70.5    61.2    44.9
    46.2    57.4    67.8    74.2    76.7
    44.5    44.6    38.8    25.5    22.2    52.9    95.4   100.0    86.9    74.7
    70.4    66.1    57.6    45.8    35.4    27.9    21.7    18.2    21.1    25.4
    23.0    14.3     9.6     8.8     7.4     9.1    11.4    11.6    12.4    29.1
    31.0    12.3     9.2    11.1    16.3    23.6    37.5    54.3    64.4    69.7
    80.0    24.7    11.8     7.5     3.6     9.0    21.2    32.2    48.9    33.0
    60.5    76.0    33.4     5.4     1.3     4.9    19.3    37.3    44.0    35.3
    36.4    48.4    62.5    72.6    76.0
    51.4    54.0    53.4    76.6    83.0    95.4   100.0   100.0    88.6    74.7
    68.5    62.5    50.3    37.4    29.5    26.8    28.0    35.4    53.2    82.3
    68.0    34.1    13.4    10.4     9.4    12.6    14.6     5.3     3.6    11.0
     9.6     3.8     1.1      .9     3.9     7.5    12.6    12.7    34.7    50.0
    60.8    33.3    18.6    28.2    42.9    36.0     7.2     6.6    14.8     7.9
    20.4    52.8    34.5     7.7     2.2     2.4     2.9    16.6    25.1    26.9
    29.8    40.9    56.5    69.6    74.5
    55.2    54.2    57.7    77.7   100.0   100.0   100.0    95.5    75.4    62.7
    54.0    43.4    30.3    21.0    17.7    20.6    31.3    53.9    85.7   100.0
    78.3    32.4    11.3     9.9    11.3    27.7    26.9     6.9     5.5    10.5
     6.5     2.7     1.1     2.0     5.9     8.8    15.9     4.6     6.7    26.0
    32.1    32.5    25.9    48.2    40.1    31.6    22.0    20.2    19.0     4.8
     5.6    28.9    40.5    28.1    20.2    15.7    15.3    20.0    23.5    24.6
    28.0    37.6    52.0    65.0    71.1
    49.2    51.4    49.4    55.2    70.0    78.8    73.8    57.2    43.1    34.7
    29.5    23.7    17.4    13.6    12.9    15.6    24.3    43.4    71.7    79.9
    56.2    13.8     8.3    10.7    18.6    50.4    70.3    28.8    48.5    38.5
    13.6     4.6     3.3     7.9    13.2    16.4    20.9     6.5     5.5    15.0
    15.4    16.0    17.6    24.7    30.3    40.1    56.1    53.7    42.0     7.1
    11.9    29.8    68.9    81.9    75.8    76.0    76.1    45.9    36.4    31.9
    32.7    38.1    49.2    60.6    66.3
    38.2    43.3    42.6    43.9    47.6    48.6    43.4    35.3    29.2    26.3
    24.0    19.9    15.0    12.2    11.7    12.6    16.1    24.8    37.5    36.2
    18.2     7.0     7.6    22.4    51.8    81.6    90.4   100.0   100.0    65.7
    32.9    21.0    16.5    20.8    10.4     9.5    16.9    13.0    14.7    15.4
     5.9     5.2     6.0     7.8    22.4    45.1    64.3    42.7    30.1    26.5
    24.0    36.3    35.2    38.6    47.7    68.6    62.2    49.5    37.0    32.3
    33.5    38.9    47.4    56.7    62.4
    25.7    26.8    26.7    26.4    26.7    26.9    26.2    25.3    24.7    24.7
    24.4    21.4    13.9    11.8    11.4    11.6    12.0    13.9    20.4    23.1
    12.2     7.0    12.0    71.1   100.0   100.0   100.0   100.0    67.1    34.6
    26.4    31.6    32.6    23.1     7.1     4.5     7.9    12.5    16.2    15.0
     2.6     1.3     1.2     1.4     5.1    15.8    31.9    33.6    37.9    44.1
    30.9    13.9     7.9     7.9    12.0    18.1    22.2    22.3    23.0    26.4
    33.1    40.8    48.4    55.3    59.1
    17.4    15.3    14.3    14.4    15.0    15.6    20.6    23.8    23.9    24.0
    23.6    21.0    15.5    12.1    11.5    11.6    11.5    11.7    13.2    17.0
    19.5    21.1    43.6   100.0   100.0   100.0    64.8    27.8    11.5     5.5
     5.2    12.0    22.9    15.9    14.2    23.7    23.5    11.8     8.9     7.2
     1.0      .6      .8     4.0    13.4    23.7    39.7    40.5    54.2    73.0
    50.3     7.9     3.0     2.5     4.7     9.3    13.4    16.2    20.1    27.6
    38.2    47.0    51.9    55.2    57.1
    13.1    12.1    11.8    12.0    12.4    13.0    16.3    19.0    19.2    17.8
    16.3    13.8    12.9    11.5    11.2    11.2    10.9    10.2     9.9    11.9
    22.3    43.9    66.7    93.6    92.0    64.8    22.4     5.7     3.1      .9
     2.3    10.7     9.1    20.7    39.3    80.2    66.8    30.2    27.8    23.0
     7.4     5.9     8.2    37.6    61.6    71.3    77.8    48.3    80.6    94.4
    66.9     9.4     2.5     1.7     4.1     8.4    14.0    17.7    22.8    32.1
    43.9    52.4    54.8    55.9    56.6
    12.3    11.5    11.4    11.8    12.0    12.3    13.2    13.9    13.9    13.2
    12.3    11.2    10.7     9.4     8.3     8.7     9.5     9.4     9.4    10.8
    19.2    46.4    75.1    86.1    86.1    84.8    33.6     6.8     3.1     1.3
     6.8    54.5    42.5    36.6    54.1    50.8    34.7    65.5    82.3    67.2
    56.4    67.5    82.8    98.2    94.8    90.6    66.8    27.6    20.5    38.0
    47.0    13.3     4.7     4.4     8.9    16.5    20.5    22.9    27.5    36.5
    47.5    54.0    55.9    56.1    56.5
    11.9    11.8    11.8    11.9    12.0    12.0    11.9    11.9    12.0    11.5
     9.9     6.9     5.6     4.8     4.4     5.9     8.5     9.2     9.3    10.2
    16.2    43.0    76.1    80.3    83.3   100.0    71.3    18.8     6.4     6.5
    55.7    66.5    65.0    38.0    19.5    22.0    21.4    47.4    95.8    82.6
    59.3    78.8   100.0   100.0    92.5    69.6    35.9    12.4     8.1    11.4
    15.2    13.1    10.0    12.1    18.7    22.9    24.6    25.4    30.2    39.3
    49.2    54.7    56.2    56.1    56.4
    12.0    12.0    12.0    11.9    11.4    10.7     8.9     7.9     7.5     6.6
     5.5     4.4     3.4     3.3     3.5     4.9     8.1     9.3     9.3     9.8
    14.1    38.5    78.9    84.8    86.3   100.0    93.5    33.2     7.1     3.1
     5.8    21.3    28.4     8.0     5.9    11.9    16.0    41.0    63.0    42.4
    55.0    76.5    87.2    91.8    62.9    27.3    11.9     5.9     4.8     9.5
    12.7    13.8    13.4    17.4    22.3    24.5    25.4    27.0    33.1    43.2
    52.2    55.8    56.8    56.2    56.2
    12.0    12.0    12.0    11.3     9.7     7.2     4.8     4.1     3.8     3.4
     3.0     2.9     2.9     3.1     3.2     4.0     7.5     9.2     9.7    12.3
    23.1    53.4   100.0   100.0    96.7   100.0   100.0    45.0    10.0     2.9
     2.2     4.2    10.4     8.2     7.4     9.7    16.6    38.3    32.7    17.4
    16.2    38.4    63.6    67.1    26.5     9.4     5.0     3.9     5.8    10.2
    12.9    12.6    14.4    18.5    22.2    24.0    25.2    29.0    36.9    47.2
    54.2    56.3    56.9    56.3    56.3
    12.0    12.0    11.8    10.5     7.8     4.9     3.6     3.3     3.2     3.0
     2.9     2.9     3.0     3.1     3.3     4.1     7.0     9.7    13.2    26.1
    49.6    69.5   100.0   100.0   100.0   100.0   100.0    73.8    17.5     4.2
     1.4     2.3     4.3     5.3     5.7     5.8     2.9     6.8    15.4    11.3
     4.5     6.0    25.1    32.6     5.5     2.2     3.0     3.0     5.3     9.2
    11.6    12.5    14.5    18.4    22.0    23.8    26.1    31.0    40.1    50.1
    55.3    56.4    56.4    56.3    56.3
    12.0    11.9    11.2     9.2     6.3     4.0     3.5     3.5     3.6     3.6
     3.6     3.6     3.5     3.3     3.3     3.8     7.9    17.3    32.1    52.6
    63.4    64.4    64.2    65.4    57.7    30.9    52.0    67.6    40.6    10.3
     3.3     2.8     4.0     4.6     4.3     3.1      .8     1.2     6.7     7.8
     1.5     1.3     5.0     5.9     3.7     2.6     2.5     2.9     4.6     7.8
    10.7    12.4    14.6    17.8    21.0    23.1    26.1    32.1    41.5    50.7
    55.3    56.4    56.4    56.4    56.4
    11.8    11.5     9.9     7.6     5.3     3.9     3.7     3.7     3.8     3.8
     3.8     3.8     3.7     3.5     3.5     4.6    13.7    36.8    58.0    67.0
    70.9    67.6    49.9    38.2    22.1     9.1    15.3    45.7    49.5    28.7
    11.5     7.0     5.6     5.0     4.2     2.4     1.3     1.6     3.1     3.5
     2.6     2.2     2.8     2.8     2.8     2.8     3.5     4.4     6.2     8.9
    11.0    12.3    13.7    15.6    17.8    20.0    23.5    30.2    40.3    49.9
    55.3    56.4    56.4    56.4    56.4
    11.1    10.1     8.0     5.9     4.5     3.9     3.8     3.8     3.8     3.8
     3.8     3.8     3.8     3.9     4.6     8.1    20.8    45.4    66.7    76.2
    79.9    69.9    49.9    26.3    13.4     5.1     5.0    13.6    30.6    38.0
    30.3    19.8    12.2     7.7     5.8     4.8     4.0     3.9     4.0     3.7
     3.2     3.0     3.1     3.4     3.9     5.6     8.8    12.1    14.8    15.9
    15.1    13.8    13.7    14.2    14.8    15.9    18.3    23.9    33.4    45.1
    53.0    55.9    56.4    56.4    56.4
     9.8     8.4     6.3     4.8     4.0     3.9     3.8     3.8     3.8     3.8
     3.8     3.8     3.8     3.9     4.8     8.9    22.7    48.1    69.9    80.0
    85.8    77.6    56.6    29.2    12.8     5.7     5.3    11.6    29.0    45.4
    53.0    44.4    28.1    17.2    12.5    13.6    17.5    16.2    12.1     8.9
     7.0     6.0     5.9     7.1    11.7    23.1    37.6    45.3    42.8    37.2
    27.9    20.0    15.1    13.8    13.5    14.1    15.0    17.7    24.1    34.9
    46.2    53.2    55.5    56.4    56.4
     8.9     7.6     5.8     4.5     4.0     3.8     3.8     3.8     3.8     3.8
     3.8     3.8     3.9     4.1     5.2     9.8    23.5    47.8    67.8    78.8
    80.7    75.9    58.1    32.6    16.7     8.6     8.4    16.5    31.7    52.5
    59.2    54.7    39.9    28.2    22.5    25.2    48.1    49.7    42.8    21.2
    16.0    12.2    11.8    14.1    21.8    46.2    67.1    73.3    60.2    52.9
    44.4    27.3    17.9    16.0    12.1    12.8    14.2    15.7    20.1    28.8
    39.7    49.1    54.0    55.9    56.4
