diamond 4 10年11月27日20时500百帕相对湿度场
10 11 27 20   0  500
  2.000 -2.000  32.0 160.0  80.0  12.0
  65  35    10.0      .0   100.0  1  0
    23.5    23.5    23.8    24.7    26.6    30.5    37.8    47.6    55.8    61.4
    66.9    71.0    76.6    79.8    81.0    80.0    79.1    77.3    75.4    77.8
    83.7    88.1    89.3    89.3    89.3    89.3    89.3    89.3    89.2    88.0
    88.1    88.8    90.2    90.2    90.2    90.2    90.2    89.1    88.1    86.0
    85.0    84.0    84.0    83.1    82.1    82.2    81.2    81.2    81.2    81.2
    81.2    81.2    81.2    82.1    84.1    86.0    87.0    87.0    87.0    87.0
    87.0    87.0    87.0    87.0    87.0
    22.9    23.5    23.5    24.1    25.6    29.0    36.0    45.4    53.8    58.6
    63.1    67.7    72.8    77.7    78.8    79.0    75.6    71.2    68.7    72.6
    80.6    87.0    89.3    89.3    89.3    89.3    89.3    89.3    88.1    86.9
    87.2    88.9    90.2    90.2    90.2    90.2    90.2    89.1    88.1    86.0
    85.0    84.0    84.0    83.1    82.1    82.2    81.2    81.2    81.2    81.2
    81.2    81.2    81.2    82.1    84.1    86.0    87.0    87.0    87.0    87.0
    87.0    87.0    87.0    87.0    87.1
    21.2    21.5    22.0    23.2    24.1    26.3    32.4    41.9    50.1    56.1
    59.8    62.7    64.6    67.6    71.2    69.2    63.3    55.6    53.7    60.2
    73.2    83.8    88.2    89.3    89.3    89.3    89.3    88.1    85.9    82.9
    83.6    87.1    89.1    90.2    90.2    90.2    90.2    89.1    88.1    86.0
    85.0    84.0    84.0    83.0    83.1    82.1    81.2    81.2    81.2    81.2
    81.2    80.3    79.3    80.2    83.1    85.0    87.0    87.0    87.0    87.0
    87.0    87.0    87.1    86.1    86.1
    17.3    16.9    17.8    19.9    22.1    24.1    28.7    36.9    46.3    54.1
    59.4    60.8    59.0    58.5    58.0    55.1    49.2    44.3    43.8    50.5
    64.5    78.6    87.1    89.3    89.3    89.3    88.1    83.6    77.5    72.3
    73.1    80.3    87.1    90.2    90.2    90.2    90.2    89.1    88.1    86.0
    85.0    84.0    84.0    84.0    84.0    83.1    83.1    82.2    82.2    82.2
    80.3    78.4    75.7    76.5    79.3    84.0    86.0    87.0    87.0    87.0
    87.0    87.1    86.1    85.1    83.9
    18.5    15.9    16.3    18.2    19.7    21.2    23.9    29.8    38.6    48.5
    52.5    53.2    51.9    53.2    52.2    47.8    42.7    39.8    40.3    44.9
    56.1    70.6    82.7    88.2    89.3    87.0    80.8    72.0    60.4    53.3
    55.8    67.0    80.2    88.1    90.2    90.2    90.2    89.1    87.0    86.0
    84.0    84.0    84.0    85.0    86.0    88.0    86.0    84.1    82.2    80.3
    76.6    72.2    69.6    69.6    73.0    79.3    84.0    87.0    88.1    88.1
    87.1    86.1    83.9    82.4    81.3
    21.2    17.6    18.9    18.4    19.4    20.1    21.0    24.1    30.2    35.2
    38.3    40.1    46.2    54.3    56.2    48.5    41.7    38.9    38.4    40.8
    47.0    58.7    72.0    82.8    83.7    76.6    65.8    52.6    42.8    38.5
    42.6    55.5    72.7    84.9    89.0    89.1    89.1    88.1    86.0    85.0
    84.0    84.0    84.0    85.9    90.0    93.3    92.2    87.0    82.1    76.6
    70.5    65.6    63.2    62.4    64.0    68.8    75.6    83.1    86.0    87.1
    85.1    82.5    80.0    78.6    77.5
    49.5    37.3    25.3    21.5    19.2    19.0    20.0    22.2    25.8    28.0
    29.5    36.7    55.4    74.9    75.0    56.4    42.7    38.4    37.5    38.9
    41.7    50.1    62.2    72.1    70.0    59.9    47.0    38.0    33.6    34.0
    38.2    49.9    68.1    83.6    88.8    87.9    85.9    84.9    85.0    84.0
    84.0    84.0    82.9    82.9    85.9    93.2    94.3    91.1    79.2    70.4
    64.8    61.7    58.8    55.3    50.8    50.8    57.4    67.2    77.5    79.8
    78.0    75.7    75.7    75.8    75.9
    85.1    40.6    20.7    20.4    18.0    18.2    21.8    26.0    31.4    33.7
    35.0    45.5    75.8   100.0    86.3    60.9    44.7    38.8    37.5    38.7
    42.4    50.2    62.8    68.4    60.9    50.5    40.0    33.8    32.3    33.0
    38.2    49.3    66.3    83.5    88.7    85.6    79.8    78.9    80.9    82.9
    83.9    82.9    78.1    71.6    68.1    75.1    82.8    82.8    70.9    62.9
    60.0    58.7    55.9    48.3    39.5    34.0    36.3    45.7    58.2    66.7
    69.3    70.4    71.4    73.4    73.5
    38.2    41.0    33.8    51.4    34.5    25.9    30.0    38.6    50.4    57.1
    59.2    67.0    93.0   100.0    83.3    62.2    47.1    38.6    35.9    38.0
    44.6    58.8    73.7    80.1    74.1    60.7    50.3    39.6    34.6    33.6
    38.5    48.5    62.6    75.8    77.6    73.0    66.3    66.4    72.3    78.8
    83.7    82.7    76.0    63.9    57.8    60.0    65.6    67.2    57.9    52.5
    52.0    54.9    53.0    45.9    38.1    34.0    35.5    41.6    56.5    65.5
    69.6    69.8    70.9    72.0    72.2
    64.0    73.4    81.9   100.0    72.4    37.4    42.1    53.3    69.7    76.0
    75.1    71.4    74.9    78.6    73.0    63.6    49.4    38.7    33.3    34.4
    44.1    62.6    82.3    88.2    92.3    90.0    76.4    55.2    39.6    37.0
    39.9    48.1    55.7    62.3    61.5    54.5    51.2    55.0    62.7    71.8
    78.4    79.5    74.8    62.9    56.9    54.8    57.7    57.1    50.3    47.7
    49.1    54.4    58.1    54.2    48.3    44.5    47.0    56.8    68.5    75.8
    75.1    73.5    72.1    71.6    70.9
    56.0    74.9    83.0    74.3    50.2    32.1    43.4    59.1    74.7    78.4
    68.7    51.8    42.7    48.8    56.6    56.6    46.1    35.3    30.1    29.8
    34.8    47.0    62.9    70.8    80.5    96.7    97.7    69.9    48.7    42.7
    44.9    48.5    51.9    50.5    46.3    47.0    48.1    53.5    60.9    68.7
    73.2    75.2    72.7    65.9    61.2    58.4    60.0    57.8    50.3    46.6
    50.2    62.2    73.0    75.1    70.2    66.6    66.6    72.5    81.6    84.9
    84.0    79.2    75.0    72.9    71.5
    61.5    62.8    61.6    47.8    32.1    27.5    44.3    64.4    78.0    78.0
    61.6    40.4    33.3    34.9    42.5    41.6    39.4    31.7    26.9    23.1
    20.5    21.7    26.8    30.8    47.2    60.9    72.5    64.6    53.2    49.1
    50.0    47.7    44.7    40.1    44.0    51.4    55.8    62.1    67.4    70.5
    72.1    72.2    71.5    70.0    66.8    62.2    57.3    51.3    45.9    41.4
    49.3    66.2    82.5    86.7    83.9    79.8    77.6    80.6    86.0    90.5
    90.6    85.5    80.0    75.1    71.1
    66.5    63.0    58.2    50.2    44.1    34.9    42.0    58.2    72.4    76.7
    67.6    49.1    36.0    30.9    29.0    27.0    27.7    27.7    24.9    19.2
    14.4    15.0    16.0    17.3    19.9    30.6    37.0    44.0    47.3    53.2
    56.9    47.8    37.1    23.5    29.0    50.6    70.6    72.2    80.5    80.3
    74.3    73.3    74.4    78.4    80.6    65.7    46.7    31.4    23.4    25.2
    35.9    58.1    78.7    82.8    80.3    73.3    72.0    74.0    80.8    87.2
    89.6    86.8    83.3    76.5    74.9
    51.3    41.9    28.6    31.8    36.1    40.0    40.6    40.7    58.9    72.8
    80.6    85.1    69.2    43.0    27.6    19.4    20.7    24.6    24.2    19.4
    16.3    20.3    35.9    30.2    20.7    22.6    23.8    31.7    43.3    58.3
    71.2    73.0    45.9    19.5    20.3    44.2    66.0    69.0    74.9    74.8
    71.9    70.9    71.1    84.6    86.8    71.1    41.2    27.0    23.8    23.7
    37.2    57.8    73.7    74.7    65.5    57.1    51.1    53.1    63.3    76.6
    84.8    87.2    86.6    84.0    81.3
    26.2    10.4     7.6     9.0    32.0    47.8    39.9    39.1    43.4    62.0
    76.8    87.4    68.6    44.2    29.1    19.0    19.3    25.0    32.6    28.3
    25.4    34.3    68.1    74.7    45.3    32.3    30.3    37.9    50.4    57.0
    74.5    86.4    66.5    33.3    26.6    35.4    52.1    60.2    61.0    63.0
    67.8    64.5    56.4    61.0    71.8    72.0    54.3    49.4    47.6    44.1
    49.2    62.0    66.2    62.8    50.1    40.5    34.4    36.9    44.8    60.1
    75.1    83.8    87.8    86.9    86.0
    11.0     2.8     3.5     9.1    43.7    64.2    60.1    47.8    42.3    52.3
    61.7    73.0    58.5    43.7    31.1    26.8    31.2    47.5    55.7    43.8
    35.7    42.3    76.0    92.6    66.5    53.8    49.4    50.5    56.4    58.5
    67.3    82.1    86.3    52.3    36.3    40.1    54.1    65.5    58.2    54.1
    61.8    55.2    46.4    46.5    51.7    59.5    67.3    69.8    71.3    59.4
    59.8    67.7    64.6    51.5    37.3    30.4    25.9    25.9    30.8    42.3
    58.6    74.3    83.2    86.0    86.1
    13.7     9.2    13.8    43.6    76.2    83.2    73.4    58.7    46.0    47.3
    52.1    54.1    47.4    41.0    38.9    42.2    52.6    68.8    66.8    52.4
    34.6    32.0    32.3    27.3    23.9    39.3    47.2    43.5    50.0    59.7
    61.8    68.4    67.6    41.7    23.8    25.7    43.8    63.7    63.7    56.2
    61.8    54.6    44.7    43.6    49.9    63.9    69.7    70.5    59.4    50.8
    69.8    85.3    74.1    56.3    31.4    27.8    20.4    21.4    23.5    30.5
    43.1    60.6    75.3    83.3    85.1
    36.8    47.5    57.3    73.3    85.3    91.6    75.4    53.0    44.2    44.5
    48.0    49.3    46.9    42.8    42.1    48.3    58.5    67.1    57.7    43.0
    30.1    26.0    20.4     8.7     1.0     6.4    21.5    28.2    31.6    53.4
    67.9    58.0    42.9    17.8     7.1     7.1    15.0    30.0    45.6    65.5
   100.0    64.3    49.0    39.9    40.1    32.7    41.1    51.1    46.2    35.1
    55.1    76.7    85.8    60.6    58.7    36.0    25.7    22.2    22.2    26.4
    35.3    50.7    67.3    79.7    83.4
    51.2    69.9   100.0    75.6    71.2    70.5    60.1    47.8    39.5    42.7
    45.7    45.7    40.9    35.4    33.0    35.2    40.1    40.2    33.8    24.9
    21.8    21.8    22.2    13.8     1.8     2.8    15.1    23.3    18.0    34.1
    49.3    46.3    27.0    13.3     4.0     2.4     3.4     4.0     9.6    32.9
    73.6    69.0    47.7    43.5    23.2     8.7    10.3    23.2    23.2    18.0
    31.0    58.8    63.9    46.6    32.2    31.1    34.1    25.7    24.9    27.0
    33.1    45.5    60.8    73.1    77.4
    27.1    48.9    86.9    94.5    73.1    63.0    46.3    33.2    28.7    32.1
    36.3    34.8    29.3    23.8    21.5    22.1    23.9    24.5    22.5    19.4
    19.7    21.4    27.4    37.7    36.4    21.9    32.7    32.7    19.6    18.4
    28.1    16.9    15.6    24.5    11.8     5.6     3.1     1.4     3.9    28.4
    56.9    55.3    50.8    50.8    16.1     4.8     5.9    14.4    17.8    11.6
    13.9    31.4    41.0    40.8    35.3    26.6    23.8    28.3    28.0    28.4
    31.7    39.2    50.5    60.5    64.2
    20.8    28.5    73.3   100.0    81.3    46.2    20.9    10.7     9.1    12.6
    18.2    21.2    20.3    18.6    17.8    18.1    19.1    19.9    20.1    19.7
    19.2    21.9    27.5    54.7   100.0    81.6    46.5    20.5     6.6    13.2
    19.8     6.0    13.2    51.8    51.5    29.1    13.6     5.4     8.5    40.9
    50.4    43.5    57.3    62.3    25.2    16.1    14.7    24.4    26.3    12.0
    14.3    20.2    29.2    45.0    42.2    37.0    28.5    28.5    26.1    24.9
    24.9    28.0    34.7    42.1    46.3
    15.8    18.6    40.9    55.3    43.2    19.5     8.0     4.7     4.7     7.3
    12.4    16.3    17.2    17.2    17.2    17.4    17.9    18.8    19.9    20.8
    21.5    21.5    23.5    24.9    28.2    27.1    19.2     2.9     4.4    14.8
    34.3    20.1    25.9    73.5    55.8    47.1    46.1    32.6    29.5    43.9
    27.2    28.7    51.0    71.8    64.9    60.8    46.5    42.1    35.6    17.8
    16.9    15.0    12.0    12.5    15.5    17.6    15.7    16.0    15.9    15.4
    15.2    16.7    20.6    26.4    30.7
    19.1    20.9    20.6    15.5    10.2     5.1     3.6     3.3     4.1     7.3
    14.4    17.7    17.3    17.2    17.2    17.2    17.4    17.8    19.6    21.1
    21.4    19.6    16.6    10.5    10.3     9.0     5.6     1.7     4.4    19.0
    14.2    29.6    39.2    25.6    24.7    31.5    45.8    65.9    50.9    49.7
    41.0    44.6    49.6    55.8    42.8    39.3    21.7    28.0    26.0    27.0
    17.2     6.9     3.6     3.1     3.0     3.0     4.0     5.2     6.8     8.2
     9.1    10.7    13.6    17.6    20.7
    11.1     8.6     5.5     4.2     3.7     3.5     3.4     3.9     5.8     9.3
    15.9    18.5    17.4    17.2    17.3    17.3    17.2    17.0    15.3    11.6
     9.3     8.9     8.6     7.6     7.8     8.1     8.2     4.4     5.0     4.3
     6.4    10.7     6.5     9.7    24.5    33.2    47.5    71.5    86.0    77.3
    79.2    75.8    69.5    59.3    33.8    17.8    17.0    10.5    16.0    27.0
    24.2     2.7     1.4     1.3     1.4     1.7     2.9     4.2     5.6     6.9
     8.4     9.8    11.6    13.7    15.4
     4.2     3.5     2.7     2.4     2.8     3.6     4.3     6.0     8.4    11.8
    16.6    18.7    17.3    17.1    17.3    17.4    16.8    13.3     6.7     3.5
     2.9     2.8     2.9     3.1     4.5     6.5     9.3     9.4     7.8     8.2
     8.8    14.7     9.2    15.8    28.7    28.5    37.8    71.3    95.6   100.0
    94.7    82.2    86.8    84.1    47.5    18.7     7.5     5.9     4.4     5.8
     3.8     1.4      .8      .9     1.8     3.1     4.8     6.2     7.5     8.7
     9.7    10.4    11.2    12.1    12.9
     2.9     2.0     1.8     2.1     3.1     5.4     8.6    11.9    13.4    15.0
    17.7    18.1    16.9    16.5    16.9    17.1    14.4     7.2     3.4     2.6
     2.5     2.5     2.5     2.5     2.8     3.3     5.3    10.0    14.1    23.0
    49.0    49.8    29.9    29.3    26.5     9.3    19.1    37.8    59.1    66.6
    94.0    98.2   100.0    98.2    61.0    20.6     4.4     1.7      .6      .8
     1.0     1.8     1.5     2.1     4.2     7.3     9.4    10.3    10.7    10.8
    10.8    10.8    11.0    11.3    11.7
     2.3     2.0     2.0     2.6     4.4     8.3    12.6    14.3    14.6    14.9
    15.6    16.1    15.6    15.8    16.5    15.9    11.4     5.0     2.9     2.6
     2.5     2.5     2.5     2.5     2.6     3.2     5.7    12.0    18.7    34.0
    74.1    81.1    50.2    22.9     5.1     2.4     4.6     6.7     6.4     8.3
    27.4    36.9    35.5    44.3    38.3    12.3     3.5     1.7      .8     1.9
     6.5    12.6    11.2     8.9    10.2    11.6    12.4    12.2    11.8    11.5
    11.0    10.9    10.9    11.0    11.2
     2.7     2.4     2.6     3.5     5.9    11.2    13.8    14.3    14.4    14.4
    14.2    14.4    14.7    15.2    15.9    15.4    10.5     5.3     3.6     3.4
     3.1     2.8     2.6     2.5     2.7     3.7     7.8    11.3    13.9    19.9
    35.0    45.2    23.5     3.1     1.6     2.4     4.5     3.2     3.9     7.0
     3.8     2.0     3.2    12.8    20.8    10.7     5.3     3.6     3.0    13.4
    35.2    58.7    31.0    18.1    13.8    13.0    12.8    12.5    11.9    11.4
    10.9    10.8    10.8    10.9    11.0
     3.0     3.0     3.2     4.1     6.6    11.9    13.8    13.9    14.1    13.9
    13.9    14.0    14.3    14.9    15.8    15.9    12.2     7.8     5.9     5.6
     5.4     4.5     3.4     3.0     3.6     8.6    16.9    13.7    11.7    11.6
    14.8    15.3     7.6     2.7     2.8     7.6    14.9    18.6    12.1     9.4
     2.6     1.1     1.3     7.5    12.0     7.2     5.3     6.4    16.2    57.6
    95.1    74.7    44.3    21.6    14.3    12.9    12.5    12.2    11.6    11.2
    10.9    10.8    10.8    10.9    10.9
     3.2     3.2     3.3     4.2     6.7    11.9    13.8    13.9    13.9    13.9
    13.9    13.9    14.0    14.7    16.3    18.2    15.5    10.1     7.2     6.7
     6.7     6.6     6.2     6.4     8.2    16.2    23.2    19.0    13.4    10.9
    11.1    10.4     7.2     5.0     6.8    11.7    17.6    27.0    11.9     6.0
     3.0     3.0     4.5     4.7     6.0     5.4     4.7     6.6    20.1    59.9
    85.9    65.5    38.0    21.6    14.5    12.8    12.5    12.0    11.4    11.0
    10.9    10.8    10.8    10.8    10.8
     3.2     3.2     3.4     4.2     6.7    11.9    13.8    13.9    13.9    13.9
    13.9    13.9    14.2    15.4    18.9    22.8    20.8    15.9    12.9    11.9
    11.5    11.3    10.9     9.4     8.4    10.2    15.2    17.9    16.5    13.2
    11.9    11.0     8.9     7.4     8.1     9.5    10.7     9.7     7.7     5.2
     2.6     4.2     5.8     4.7     5.4     6.0     6.5     8.7    17.5    38.5
    49.1    38.0    27.3    19.2    15.3    13.6    12.8    12.1    11.5    11.0
    10.9    10.8    10.8    10.8    10.8
     3.2     3.2     3.4     4.2     6.7    11.9    13.8    13.9    13.9    13.9
    13.9    14.0    14.8    17.6    22.9    27.7    29.7    27.8    25.1    22.5
    20.2    17.6    14.2     9.3     6.8     7.0    10.0    14.9    16.3    15.1
    13.8    12.7    10.9     9.0     7.4     6.2     4.8     3.3     3.5     3.4
     3.2     3.0     4.0     6.0    10.0    14.5    17.6    19.9    24.8    31.9
    33.7    30.4    27.1    23.6    20.2    17.5    15.4    13.6    12.2    11.3
    10.9    10.8    10.8    10.8    10.8
     3.2     3.2     3.4     4.2     6.5    10.5    13.2    13.8    13.9    13.9
    14.1    14.7    17.6    23.9    33.2    40.6    44.8    45.3    43.3    40.7
    36.6    30.5    23.3    15.9    10.6     7.4     7.3     9.4    12.2    13.4
    13.7    13.5    12.7    11.2     9.2     6.6     4.9     3.0     2.7     2.6
     3.0     3.7     6.2    13.3    28.1    46.0    56.4    57.0    52.7    45.2
    37.2    32.1    30.2    28.9    27.3    25.2    22.3    18.7    15.2    12.6
    11.3    10.8    10.8    10.8    10.8
     3.2     3.2     3.4     4.2     6.5    10.4    13.0    13.8    13.9    14.0
    14.4    16.4    22.4    34.7    48.5    57.6    61.4    61.5    60.5    58.6
    54.4    47.9    42.2    34.0    22.5    13.1     9.5     9.8    11.7    12.9
    13.6    13.8    14.2    15.4    16.6    18.0    19.0    12.3     7.7     5.3
     5.6     7.9    15.1    31.9    57.0    75.7    82.4    80.5    72.6    60.3
    46.5    37.6    32.0    30.7    29.8    29.8    28.3    25.0    19.7    14.8
    11.9    10.8    10.6    10.8    10.8
     3.2     3.2     3.4     4.3     6.5    10.1    12.7    13.8    13.9    14.2
    15.0    18.2    26.3    40.7    54.9    63.3    65.9    65.9    65.3    64.1
    60.5    55.9    51.4    50.7    37.9    20.1    14.1    12.7    13.0    13.4
    13.6    13.9    15.1    17.9    22.2    28.3    52.2    48.0    39.0    18.1
    14.7    16.4    26.5    46.5    70.0    81.2    84.4    81.8    79.9    69.2
    58.5    43.6    34.9    32.8    28.8    29.3    29.3    25.6    19.6    14.2
    11.0     9.9    10.2    10.6    10.8
