diamond 4 10年11月27日08时500百帕相对湿度场
10 11 27 08   0  500
  2.000 -2.000  32.0 160.0  80.0  12.0
  65  35    10.0      .0   100.0  1  0
    73.8    73.0    72.2    68.9    63.3    55.1    46.4    38.6    34.6    32.5
    31.8    31.0    30.3    29.9    29.9    29.9    30.3    31.8    35.5    42.8
    51.4    60.3    65.2    66.9    66.9    66.9    66.8    67.6    68.2    71.2
    76.0    79.8    82.2    82.2    81.2    81.2    81.2    81.2    81.2    81.2
    81.2    80.2    76.6    69.8    60.3    53.2    50.6    51.3    55.3    63.5
    73.0    80.0    83.8    84.8    84.8    84.9    86.0    87.1    87.3    88.0
    88.0    88.0    88.0    88.0    86.9
    74.7    73.8    73.0    69.7    65.0    57.2    48.1    39.5    35.0    32.9
    32.1    31.4    30.6    30.3    30.3    30.3    31.4    34.3    39.3    46.8
    55.9    63.4    66.0    66.9    66.9    66.9    66.9    66.8    68.2    70.4
    75.0    80.5    82.1    82.2    82.2    81.2    81.2    81.2    81.2    81.2
    81.1    81.1    77.4    70.6    61.1    53.2    50.0    50.6    53.9    61.3
    71.3    79.1    84.8    85.8    85.9    85.9    86.0    88.0    87.1    88.0
    88.0    88.0    88.0    86.9    85.8
    76.5    76.5    74.7    72.2    68.2    61.7    51.8    42.0    35.8    33.3
    32.5    32.1    31.8    31.4    31.4    33.1    36.8    41.8    48.3    56.3
    61.4    64.7    66.8    66.9    66.9    66.9    66.9    66.8    67.3    69.4
    75.0    81.2    84.6    84.8    85.0    83.2    82.2    82.2    82.1    82.1
    82.0    82.0    79.2    72.2    63.6    55.3    50.6    49.4    51.2    56.7
    65.8    74.7    81.9    84.8    85.9    86.0    87.1    87.5    88.0    88.0
    88.0    88.0    85.8    82.5    80.7
    83.0    84.0    81.1    76.5    72.2    66.6    57.3    46.4    38.1    34.1
    32.1    32.1    32.9    33.8    35.5    39.2    44.0    48.5    52.8    57.6
    62.7    64.6    66.6    66.8    66.9    66.9    66.8    65.6    65.2    67.7
    73.3    80.7    86.4    87.2    88.2    88.3    87.5    86.0    84.1    84.0
    83.0    82.0    81.0    75.5    68.9    61.1    53.9    49.3    47.5    49.4
    56.8    66.5    76.4    81.9    84.9    86.0    88.1    88.1    88.0    88.0
    88.0    85.8    80.7    76.2    72.7
    82.9    86.9    85.0    79.3    74.8    70.5    63.5    54.1    43.7    36.3
    34.2    34.2    35.9    38.6    42.4    46.0    49.7    52.3    53.6    56.2
    60.8    63.4    65.4    66.7    66.8    66.7    65.4    64.2    64.0    64.0
    67.8    75.6    82.2    85.5    88.1    89.1    89.2    87.8    86.1    84.0
    83.0    82.9    81.9    81.0    78.3    73.1    63.2    52.5    48.1    48.2
    53.5    61.2    69.5    75.4    80.1    84.1    86.6    89.1    90.3    89.2
    84.7    78.8    71.1    64.7    61.8
    79.1    84.0    79.3    79.4    75.7    73.1    68.8    62.6    52.3    43.9
    39.8    40.7    45.7    50.9    55.5    54.9    54.0    53.4    53.3    54.4
    57.2    61.8    63.5    65.5    65.6    64.4    64.2    61.8    59.7    58.7
    61.7    66.7    72.0    75.7    80.3    84.7    86.6    87.1    85.0    84.0
    82.9    82.9    82.9    84.9    87.9    88.0    78.4    63.1    52.6    51.5
    57.7    62.4    66.1    68.5    72.0    76.6    81.9    85.9    86.9    82.5
    72.8    63.4    56.3    51.8    51.7
    58.2    61.9    66.1    70.8    74.9    75.8    73.1    68.0    59.1    50.6
    46.4    49.6    57.8    65.2    67.9    63.0    55.3    52.6    51.8    53.4
    55.4    60.0    63.3    64.4    63.8    63.0    60.8    57.2    56.1    56.0
    56.9    57.2    56.1    54.9    59.3    67.9    74.7    79.2    82.0    82.9
    82.9    82.9    82.8    82.8    86.8    94.3    91.1    79.3    63.5    59.0
    61.6    64.5    65.2    62.9    61.5    63.9    68.8    74.0    72.5    60.7
    49.0    41.4    40.4    41.7    44.2
    46.1    50.6    57.6    69.8    79.2    79.8    74.5    69.3    61.7    55.3
    52.0    56.0    67.1    76.5    74.1    68.2    58.6    54.3    53.4    55.2
    57.3    62.0    63.8    65.7    63.7    61.9    58.3    56.3    55.9    56.6
    56.8    54.3    49.9    44.7    45.9    51.6    61.4    70.1    77.2    81.9
    84.8    84.7    80.7    73.0    69.4    77.6    84.7    81.9    68.5    63.7
    63.6    64.4    62.9    59.1    53.6    51.0    51.8    52.7    46.5    34.7
    27.0    25.7    29.7    36.5    41.5
    50.8    51.8    57.7    66.5    78.8    83.5    76.2    70.4    66.0    64.3
    62.8    64.7    74.0    80.9    80.7    74.1    67.3    60.5    61.1    63.8
    64.7    63.6    66.4    66.8    64.6    61.0    60.5    59.0    59.8    62.7
    59.0    55.0    52.5    47.5    48.2    53.4    62.7    70.0    75.2    82.7
    89.9    89.9    82.5    67.6    60.2    61.9    67.0    69.7    63.3    58.8
    59.6    62.0    62.8    59.1    54.2    51.0    51.2    50.9    46.5    30.9
    24.4    22.6    29.0    37.2    43.8
    53.0    55.1    60.2    68.0    80.2    88.0    78.8    69.5    69.4    68.5
    67.8    64.7    68.4    79.4    86.2    87.0    78.8    79.4    85.4    88.7
    81.7    72.9    69.0    67.5    64.8    61.7    60.0    63.6    65.7    62.2
    57.8    57.3    64.1    62.5    61.9    69.2    72.7    69.2    67.4    74.2
    86.7    89.8    84.6    69.5    61.3    56.1    56.3    55.8    54.5    54.5
    57.3    65.7    73.4    71.8    65.3    61.7    63.4    69.0    67.8    53.0
    37.7    31.5    36.3    44.6    51.3
    57.0    57.2    60.5    75.0    93.4   100.0    76.5    61.5    56.8    59.6
    56.9    50.6    50.5    60.9    73.7    78.0    73.5    81.5    93.5   100.0
    94.6    82.6    75.4    72.8    68.5    62.6    59.5    59.6    62.6    55.6
    47.9    51.5    77.9    84.7    78.9    79.9    77.1    64.2    54.6    58.7
    73.1    83.5    82.4    74.8    66.2    57.9    51.8    49.4    50.0    53.2
    59.5    75.1    93.2    96.6    87.0    80.2    77.9    85.1    97.6    86.6
    70.2    56.6    54.1    59.6    63.7
    50.5    49.4    44.5    54.3    80.2    85.2    54.5    41.0    41.4    43.5
    40.3    36.3    38.1    44.4    52.1    45.2    35.0    45.2    67.5    90.6
   100.0    96.8    92.7    90.6    77.4    67.2    60.5    57.0    53.2    44.3
    41.4    46.0    64.4    68.3    73.3    79.7    76.8    59.4    53.7    53.5
    60.3    67.3    82.2    82.3    72.0    57.9    50.1    46.5    47.2    52.1
    62.7    83.7   100.0   100.0    93.3    84.0    83.9    93.0   100.0   100.0
   100.0    93.3    80.3    74.1    79.6
    51.5    33.7    22.5    30.6    43.0    50.9    30.1    23.1    25.1    27.5
    26.0    21.7    23.9    28.4    27.8    23.9    19.8    25.3    46.9    80.5
   100.0   100.0   100.0   100.0    92.8    71.1    62.2    55.5    48.2    43.9
    40.7    45.7    50.0    35.6    42.9    68.0    81.5    66.9    65.2    65.8
    60.8    60.6    69.8    71.0    61.5    52.0    47.3    46.8    46.9    49.9
    62.1    82.8    94.3    81.1    67.3    57.4    58.1    69.1    93.2   100.0
   100.0   100.0    87.5    86.6    85.7
    67.0    28.6    22.6    29.3    44.3    34.5    15.0     6.3    12.3    15.0
    10.6     5.2     7.4    19.6    22.7    17.6    16.4    18.8    33.8    59.4
    83.6    86.4    78.0    83.0    85.5    69.4    59.6    50.0    41.7    48.6
    59.5    66.1    49.1    25.9    29.5    57.2    77.8    76.7    84.4    75.5
    55.1    53.7    58.9    54.4    47.9    43.7    48.4    49.1    48.5    50.3
    59.5    72.9    72.2    54.2    36.1    26.8    24.7    31.7    52.8    83.2
    97.8    93.6    87.8    85.0    86.0
    83.0    58.3    56.8    79.9    77.3    62.3    15.7     7.8     6.4    10.6
     8.7     5.8    14.4    49.8    39.4    23.7    17.4    19.0    28.1    42.6
    55.0    60.2    56.0    58.4    65.2    62.7    46.9    23.1    15.8    24.1
    59.5    78.5    65.3    40.5    36.2    44.0    54.6    59.5    58.9    56.4
    45.6    50.4    72.2    65.1    46.7    47.6    56.3    53.0    48.8    51.7
    56.0    56.4    47.0    32.2    20.3    14.5    11.7    16.2    26.7    48.3
    70.6    82.2    85.2    85.2    85.2
    72.8    73.0    80.1    80.3    94.8    86.9    61.7    22.1    12.9    23.1
    21.8    13.5    40.8    95.2   100.0    36.9    22.8    21.7    26.3    33.5
    41.8    46.6    45.1    46.5    57.9    64.6    42.0    14.8     4.6    12.7
    40.2    74.5    74.2    48.9    41.7    43.5    49.4    53.0    45.9    39.6
    39.8    55.5    81.8    65.4    47.6    51.4    78.7    67.9    57.6    58.6
    61.0    52.7    38.3    25.1    15.0    12.8    11.8    15.0    21.1    33.4
    52.6    70.6    80.7    84.4    85.2
    77.9    63.5    64.4    75.7    80.2    83.8    83.0    63.0    32.8    42.9
    48.7    54.3   100.0   100.0   100.0    53.6    29.3    24.8    25.8    29.8
    36.0    42.2    45.4    46.1    51.8    71.9    70.0    21.9     9.4    12.9
    37.7    59.7    63.5    52.1    47.6    50.0    55.6    58.4    48.4    32.8
    36.0    46.1    70.3    50.5    63.3    83.0    80.0    82.9    70.8    65.9
    61.6    53.5    40.5    29.7    22.3    20.2    19.8    21.0    23.0    27.3
    38.6    56.3    72.3    81.7    84.4
    76.2    69.2    65.8    66.3    64.6    50.8    46.7    37.6    35.2    44.3
    62.0    70.8    74.4    83.0    72.9    44.2    29.1    24.2    23.3    24.2
    29.7    41.6    61.7    38.2    14.2    33.7    63.4    47.8    18.0    28.6
    47.0    48.8    53.6    55.8    61.1    68.7    70.2    68.4    51.3    27.2
    12.1    18.2    24.1    32.9    61.7    64.9    29.4    37.8    64.7    49.1
    50.2    48.3    42.1    33.0    27.1    23.9    23.4    23.1    21.8    22.3
    28.4    43.0    61.8    76.5    82.6
    74.0    60.7    54.8    55.9    53.5    37.4    30.5    34.0    30.7    43.1
    56.5    59.1    50.2    41.6    34.6    27.7    23.4    21.5    19.9    18.6
    22.6    33.8    56.9    45.4    12.9    17.1    42.0    20.5    17.8    26.3
    33.6    36.2    63.1    88.1    70.4    83.7    74.5    69.5    88.8    31.8
    16.0    14.6    16.4    17.6    32.1    43.8     5.9     7.0    29.2    30.0
    36.5    38.2    30.5    21.2    20.9    18.5    17.6    14.8    13.9    13.9
    17.4    28.1    46.6    66.5    76.0
    67.1    63.1    48.9    49.0    48.4    41.9    35.1    33.5    34.7    39.7
    44.1    39.6    29.2    21.9    18.5    17.7    18.1    18.3    17.8    16.5
    19.2    26.1    41.4    37.9    23.8    31.3    21.9     4.4     4.6     9.5
    14.6    17.6    26.0    20.2    22.7    44.6    59.9    52.5    59.8    55.7
    29.4    24.8    14.3     9.4    11.5    11.3     7.2    15.3    40.1    27.3
    23.8    23.0    12.8     6.2     4.1     4.2     4.5     4.6     5.1     5.7
     7.6    13.4    28.4    50.9    64.4
    28.5    39.8    38.5    42.0    44.0    42.0    37.3    35.2    32.8    31.2
    28.3    23.6    18.5    15.6    14.7    14.9    15.7    16.8    17.2    17.2
    16.5    20.2    22.6    23.2    24.4    34.3    22.5     2.9     3.3     4.3
     6.5     9.1     9.5     4.7     8.2    24.3    31.0    27.1    37.4    47.6
    34.8    23.7    10.9     5.7     8.1    12.2    25.3    52.6    68.8    31.0
    23.3    18.8    13.5     2.8     1.2      .8      .7     1.4     2.0     2.6
     3.5     6.7    16.7    37.0    51.3
     3.3    13.3    19.7    28.3    32.0    31.1    26.8    21.0    17.0    15.1
    14.8    15.0    14.6    14.2    14.0    14.3    14.8    15.7    16.9    17.3
    16.6    15.9    15.2    12.8    12.8    14.9    12.4     5.3     3.1     3.5
     5.7    13.6    10.6     3.9     5.6     8.6    12.1     9.4    23.9    40.4
    21.6    22.7    12.9     5.1     9.9    14.9    42.4    60.1    59.6    20.7
    16.0    18.9    11.1     4.4     1.3      .7      .7     1.0     1.6     2.2
     3.1     5.9    13.8    29.0    40.3
      .6     2.1     5.2     8.9    10.8    11.1     9.6     6.7     5.6     5.6
     7.3    11.2    13.4    13.9    14.1    14.1    14.2    14.7    16.3    17.2
    15.1    13.2    11.4     6.8     6.2     6.2     5.8     3.4     3.3     3.7
     8.0    16.9    13.1     7.1     5.5     5.5     8.0     3.8    12.1    41.3
    13.0     9.9     9.1     6.6     9.0    13.6    21.8    42.7    32.2    14.7
     9.1     8.7     6.7     3.8     2.6     2.0     2.0     1.9     2.4     3.3
     5.3     9.3    16.8    26.6    33.5
     1.6     2.4     3.7     4.4     4.6     4.6     5.3     5.5     4.9     3.7
     3.2     4.9     8.7    12.2    13.8    14.1    14.1    14.1    13.4    10.6
     8.0     6.7     6.4     5.5     5.4     5.2     4.8     3.4     3.6     4.3
     5.7     7.7     5.0     6.8    13.7     9.7    13.0    20.2    27.2    23.4
    18.8     4.8     2.0     3.1     4.6     5.5     7.8    15.1    15.6    10.6
     8.1     7.2     5.6     5.5     8.0    10.9     6.9     5.0     4.6     6.4
    11.1    17.4    22.2    26.6    30.1
     2.7     3.3     3.7     3.8     3.9     4.4     5.4     5.8     5.4     3.5
     2.1     2.2     3.2     6.3    11.0    13.0    13.4    12.9     9.3     5.1
     3.6     3.3     3.3     3.4     4.0     3.9     2.7     1.6     2.8     4.5
     4.7     4.6     2.6     7.5    23.7    14.2    18.2    61.2    59.9    26.6
    19.0     9.7     1.9     1.9     1.7     1.1     1.8     9.1     8.9     7.5
     5.2     6.8     8.1    13.1    21.4    21.2     8.6     5.7     6.1     9.8
    17.0    23.0    25.2    26.6    28.0
     3.3     3.7     3.7     3.7     3.9     4.6     5.7     6.0     5.5     3.5
     2.2     2.1     2.4     3.3     5.4     7.5     9.7    12.9    12.6     7.7
     4.1     3.2     3.0     3.0     3.1     2.8     1.8     1.7     3.4     9.6
     8.7     6.3     4.3    13.7    33.0    16.6    18.6    50.3    70.0    28.3
    21.2    33.6    11.0     5.5     2.7     1.6     3.4    17.9    40.0    17.2
     6.6     7.9     9.5    12.8    11.6     8.0     5.0     4.3     5.7    10.5
    18.5    24.4    26.4    26.8    27.4
     3.5     3.6     3.6     3.7     4.1     4.9     5.7     6.1     5.5     3.9
     2.9     4.1     5.1     4.4     3.7     4.1     8.2    19.9    28.9    22.3
    11.2     4.9     3.2     3.0     3.0     3.0     2.7     6.4    17.6    40.2
    12.9     8.7    10.0    32.0    21.7    10.8    11.6    27.0    25.5    12.2
    35.2    69.4    70.7    50.7    19.2     9.4    13.9    35.1    64.5    43.6
    21.3    11.9     9.5     7.5     4.8     3.7     3.1     3.6     5.7    11.3
    19.6    25.1    26.6    26.7    27.0
     3.4     3.5     3.5     3.7     4.3     5.2     5.6     5.9     6.0     6.2
     7.1     9.2     8.4     4.6     2.8     3.3     5.7    22.5    42.7    44.9
    40.7    25.7     6.5     3.9     3.7     4.0     4.0    25.1    32.1    18.2
     3.8     4.0     7.7    15.4    11.6     8.5    10.1    20.0    14.1     4.5
    20.6    48.0    69.2    67.3    52.1    29.2    25.5    30.0    50.7    28.6
    17.9    11.6     9.5     5.9     3.5     3.0     2.9     4.0     7.1    13.9
    22.0    26.2    27.0    26.8    26.8
     3.4     3.4     3.5     3.8     4.5     5.3     5.7     6.0     7.2    10.8
    18.2    16.3     8.9     4.4     2.6     2.5     4.4    19.9    44.0    50.0
    52.1    49.5    35.6    21.0    14.3    23.9    34.1    18.5     9.7     3.2
     1.4     1.2     4.2    10.8    17.1     9.9     9.4    22.7    18.2     4.4
     7.2    15.2    18.0    17.7    24.9    21.6    21.0    22.1    20.6    15.1
    12.6    11.9     8.8     5.6     3.6     3.1     3.4     5.0     9.6    17.4
    24.4    26.8    27.0    26.7    26.9
     3.4     3.4     3.5     3.9     4.7     5.9     6.6     7.3     9.5    14.6
    19.4    16.8     7.3     3.2     2.3     2.6     5.7    26.7    53.0    58.5
    65.7    68.0    67.0    70.1    54.7    60.8    72.4    32.4     7.8     2.3
      .9     1.3     2.8     6.7    14.7    12.3     9.5    15.0     6.6     3.3
     4.0     5.4     5.9     3.5     5.2     6.4    14.3    16.4    15.8    13.9
    13.0    12.5     9.7     6.2     4.1     3.5     3.9     6.2    11.9    20.0
    25.2    27.0    26.8    26.7    26.7
     3.4     3.4     3.6     4.0     5.0     6.8     7.9     8.7    10.2    12.2
    14.3     9.7     4.4     2.8     2.5     3.4     9.6    40.6    70.7    78.6
    81.5    87.5   100.0   100.0    71.0    24.0    37.1    39.9    19.1     4.8
     1.9     1.7     2.4     3.4     5.4    13.0    11.3     9.5     4.2     2.5
     3.5     2.8     3.0     4.4     5.1     5.6     6.9     9.1    11.7    13.9
    15.7    16.6    13.7     9.2     6.0     4.6     4.8     7.2    13.3    21.1
    25.4    26.8    26.8    26.8    26.8
     3.4     3.4     3.6     4.1     5.4     7.6     9.0     9.6    10.3    10.7
    10.2     6.9     3.8     3.0     3.1     5.0    17.8    62.0    91.8    99.2
   100.0   100.0   100.0    95.5    57.2    26.6    19.5    35.9    28.6    13.5
     5.3     3.3     2.6     2.5     3.1     5.2     7.9     7.4     4.5     3.1
     2.9     3.3     3.7     4.3     4.6     5.1     6.2     7.8    10.8    15.1
    20.8    26.6    28.3    23.9    16.5    11.2     9.1    10.7    16.0    22.2
    25.7    26.8    26.8    26.8    26.8
     3.4     3.4     3.6     4.2     5.5     7.6     9.0     9.6     9.7     9.4
     8.3     6.3     4.6     3.9     4.3     7.6    21.5    56.0    88.2   100.0
   100.0   100.0   100.0    89.7    56.8    30.0    14.6    18.2    20.2    16.0
    10.2     6.5     4.2     2.9     3.1     5.5     9.6    10.5     7.5     5.2
     4.4     4.4     4.8     5.4     6.3     8.2    11.3    14.7    19.0    25.4
    33.5    42.9    49.5    49.7    43.8    35.3    28.3    25.9    25.7    26.5
    26.5    26.3    26.5    26.8    26.8
     3.4     3.4     3.6     4.2     5.5     7.6     8.9     9.2     8.9     8.5
     7.4     5.9     4.6     4.1     4.5     8.2    22.4    54.4    84.1    96.2
    97.0    95.5    91.8    77.9    57.6    34.4    20.7    17.0    16.4    14.6
    12.8    10.6     8.0     6.7     7.9    14.6    27.5    34.9    29.3    20.2
    13.7    10.3     9.1     9.9    14.0    23.2    33.8    40.3    43.1    48.7
    54.5    58.5    60.0    60.5    59.0    56.5    52.2    43.2    33.4    25.5
    21.7    21.5    23.4    26.3    26.8
     3.4     3.5     3.6     4.3     5.5     7.4     8.6     8.9     8.6     8.0
     6.9     5.7     4.6     4.2     4.8     8.7    22.5    51.5    79.4    90.3
    91.8    89.0    84.1    71.5    51.8    34.0    23.1    18.6    15.9    14.4
    13.3    12.3    10.8    10.3    13.5    23.5    48.7    60.1    55.4    35.2
    25.7    19.6    16.7    17.2    22.7    39.6    53.1    58.9    54.0    58.3
    63.4    63.9    62.7    61.1    60.6    60.0    52.3    37.9    20.7    12.3
     9.9    11.5    17.5    23.4    26.8
