diamond 4 10年11月30日20时500百帕相对湿度场
10 11 30 20   0  500
  2.000 -2.000  32.0 160.0  80.0  12.0
  65  35    10.0      .0   100.0  1  0
    33.7    33.7    33.7    34.1    35.8    40.3    49.1    61.6    71.9    76.6
    78.5    78.5    77.5    77.4    78.2    79.8    82.9    86.1    84.1    80.3
    76.5    73.6    72.6    72.6    72.6    72.6    72.6    72.7    72.8    74.0
    76.5    78.2    79.0    79.9    79.9    79.9    79.9    78.9    76.2    74.4
    71.8    70.9    70.8    69.9    69.0    68.0    68.0    68.0    68.0    68.0
    68.0    66.4    61.8    54.2    46.5    41.4    39.0    38.6    38.6    38.7
    37.3    32.9    26.6    21.8    19.9
    33.7    33.7    33.3    33.3    34.1    38.0    47.5    60.0    71.9    77.5
    79.5    79.5    78.5    77.4    78.2    79.8    82.9    86.1    85.1    80.3
    75.6    73.6    72.6    72.6    72.6    72.6    72.6    72.6    72.8    74.0
    75.6    78.1    79.9    79.9    79.9    79.9    79.9    78.9    76.2    73.5
    71.8    70.9    70.8    69.9    69.0    68.0    68.0    68.0    68.0    68.0
    68.0    66.4    61.8    54.2    46.0    40.9    39.0    38.6    38.6    38.7
    37.3    33.4    26.6    21.2    19.2
    33.3    33.3    32.9    32.1    32.2    34.6    42.8    56.4    70.1    78.5
    81.5    81.5    79.5    78.4    78.2    79.7    83.2    86.1    85.1    81.2
    76.6    73.6    72.6    72.6    72.6    72.6    72.6    72.7    72.0    72.3
    73.8    77.2    79.0    79.9    79.9    79.9    79.9    78.9    76.2    73.5
    71.8    70.9    70.0    69.1    68.1    68.0    68.0    68.8    68.8    68.8
    68.0    64.8    59.6    51.6    44.8    40.4    39.1    38.6    38.6    38.7
    37.3    32.9    26.3    21.2    19.0
    32.5    32.5    32.1    31.0    29.9    31.1    37.2    49.2    64.9    77.6
    84.6    84.6    79.5    76.4    75.1    77.6    83.5    87.1    86.0    83.1
    78.5    74.5    72.7    72.6    72.6    72.6    72.6    71.1    68.8    67.3
    69.6    73.7    77.1    79.0    79.9    80.8    80.8    78.9    76.2    74.4
    72.6    70.9    70.0    69.1    68.1    67.2    68.0    69.7    71.4    70.5
    66.4    61.0    53.4    46.8    42.2    39.9    38.6    38.6    38.6    38.2
    36.9    32.1    25.6    20.7    18.5
    32.5    32.1    31.7    30.3    28.5    27.5    30.3    38.5    52.1    69.2
    76.5    75.5    68.2    63.7    64.0    72.0    81.3    87.0    87.0    85.0
    81.2    76.6    73.6    72.6    72.6    71.8    70.2    66.4    62.0    59.1
    60.3    65.4    71.0    75.3    79.0    79.9    80.8    78.0    76.2    74.4
    73.5    71.8    70.9    68.3    67.3    66.4    67.2    70.5    70.5    67.2
    58.8    50.1    43.3    40.4    39.7    39.4    39.1    38.1    38.1    37.7
    36.0    30.9    25.0    20.2    18.3
    32.9    32.5    32.5    31.0    28.9    26.9    26.2    30.0    39.1    48.9
    54.9    52.5    45.7    41.7    46.6    61.1    77.5    87.0    89.0    87.0
    84.1    78.5    72.8    70.1    69.3    67.9    62.7    57.0    52.3    49.8
    50.9    54.0    57.2    59.9    65.2    72.6    75.3    74.4    74.4    74.4
    73.5    72.6    70.9    68.3    66.5    64.8    65.5    67.1    66.4    58.8
    45.4    37.7    35.6    36.7    39.9    42.7    41.7    39.7    39.1    38.7
    37.8    32.9    26.6    21.2    17.4
    36.1    35.3    34.9    33.0    30.4    27.6    26.2    27.2    32.3    38.3
    41.3    37.5    30.9    27.6    33.3    51.8    75.6    89.0    91.1    88.0
    83.1    73.2    63.1    58.6    58.7    58.4    53.0    46.8    44.5    46.2
    46.8    45.1    40.2    37.5    40.9    49.3    57.8    63.7    68.4    71.8
    70.1    68.4    65.9    66.6    65.7    64.8    64.0    62.4    56.0    46.0
    36.8    33.0    33.2    39.4    48.0    53.0    51.1    47.8    45.3    47.6
    48.1    43.5    34.0    25.9    20.7
    38.9    39.4    38.5    34.7    31.9    29.7    28.6    29.6    33.9    37.9
    37.5    32.0    23.5    22.0    31.0    49.3    73.9    87.0    89.1    83.1
    73.1    57.4    44.9    40.7    42.8    46.3    47.1    45.8    47.5    50.6
    52.5    46.6    36.7    27.8    26.7    30.0    37.8    46.6    55.2    59.2
    57.0    50.9    50.3    59.0    68.2    65.7    61.8    54.7    43.9    35.6
    31.1    31.6    36.5    46.4    59.1    71.5    72.5    65.4    63.2    67.5
    70.0    62.8    47.6    35.6    27.9
    40.5    41.5    45.7    49.0    43.1    37.4    36.0    37.2    41.0    43.5
    39.7    31.5    23.8    25.0    37.3    54.9    71.3    80.2    78.3    68.9
    56.8    43.4    34.8    33.1    37.3    44.1    48.7    52.0    59.3    71.9
    69.0    58.1    45.1    32.1    26.5    25.3    28.4    33.0    37.0    40.0
    34.1    32.3    34.9    48.4    59.7    62.0    57.6    44.1    31.3    26.1
    26.0    31.5    39.7    51.3    63.8    73.4    73.4    70.2    66.2    74.3
    78.0    75.0    60.3    48.5    43.4
    40.1    39.1    45.1    59.5    60.2    49.4    46.9    45.8    47.4    48.0
    45.3    39.3    35.8    40.2    51.2    61.8    64.1    60.5    54.3    48.7
    41.5    34.8    30.0    30.7    37.6    49.6    59.2    67.0    81.9    85.1
    81.0    67.8    63.0    46.9    32.4    25.6    22.9    23.5    26.6    34.7
    38.2    33.9    33.5    39.1    45.0    48.0    43.6    35.1    26.2    23.2
    23.8    29.8    38.3    49.0    56.7    60.6    58.7    55.2    55.1    60.5
    68.1    72.0    65.5    59.8    56.7
    40.2    25.0    34.1    62.9    81.5    71.5    63.0    58.2    56.1    54.5
    54.8    55.0    55.0    57.5    61.6    64.7    59.5    53.1    47.5    42.7
    37.1    31.9    28.2    29.9    37.9    54.1    67.1    72.9    84.3    77.2
    63.0    62.3    89.7    77.4    44.8    32.2    24.4    20.0    17.2    31.3
    43.7    46.1    46.0    44.9    43.3    39.8    38.1    33.8    28.2    25.7
    26.4    31.8    37.3    42.7    46.5    46.0    44.7    43.4    44.9    48.9
    54.1    60.6    63.5    66.3    66.9
    30.3    20.7    27.8    67.0    74.5    71.5    68.3    71.3    73.1    70.5
    67.5    67.8    67.7    67.4    69.2    68.1    66.7    57.8    49.0    42.6
    36.4    29.9    24.7    23.5    34.9    51.8    65.7    69.7    66.8    53.8
    51.5    55.6    81.4    78.6    69.5    55.6    36.5    20.7    17.7    20.8
    35.3    43.1    57.2    67.5    58.2    42.3    41.0    39.2    38.0    38.1
    38.7    39.6    41.1    43.7    44.2    41.9    39.2    40.0    41.5    42.5
    44.8    49.8    56.6    64.0    80.0
    57.8    49.2    67.0    77.8    68.9    49.8    53.1    63.6    73.4    78.9
    82.0    80.3    77.1    75.2    75.5    77.0    77.0    68.4    53.8    42.0
    34.9    27.2    19.2    18.1    25.4    49.5    67.5    66.4    58.2    51.4
    49.1    58.5    69.2    49.5    57.6    83.9    76.7    36.9    29.1    27.4
    18.8    18.1    36.7    58.0    56.8    47.8    48.2    52.1    56.2    58.3
    55.6    49.9    48.3    51.2    53.7    51.8    46.8    43.9    43.2    42.1
    42.2    43.6    47.4    62.8    66.8
   100.0   100.0    92.6    70.9    35.5    22.5    27.8    41.9    60.7    78.9
    94.3   100.0   100.0    81.9    80.3    85.2    83.5    75.8    61.9    49.8
    37.3    27.9    18.2    16.1    21.5    44.2    62.6    56.9    47.8    50.2
    67.4    98.8    83.4    39.3    42.0    83.0    98.9    77.6    72.9    54.7
    23.0    17.8    23.2    39.9    40.2    38.9    48.9    64.7    78.3    81.1
    72.2    60.5    56.3    60.7    68.9    68.3    57.1    51.7    47.4    44.0
    40.9    39.7    37.2    40.8    46.9
   100.0   100.0    85.4    49.9    18.0    12.5    20.5    32.4    49.0    72.5
    94.3   100.0    88.9    66.4    70.6    80.4    83.6    78.6    71.9    70.5
    66.2    44.5    22.3    16.4    20.5    29.9    36.2    29.9    22.6    19.7
    40.8    82.3    93.0    55.1    44.5    51.7    66.2    82.2   100.0    87.2
    42.3    32.4    46.2    40.5    28.5    22.6    28.1    61.0   100.0   100.0
    93.3    75.7    69.3    75.4    68.1    58.8    50.1    48.9    47.1    44.9
    41.2    36.8    32.9    34.5    37.0
    95.7    89.4    71.9    47.0    21.3    17.5    25.2    35.8    49.9    67.1
    80.6    92.5    70.7    56.0    53.6    70.0    72.8    66.9    66.8    76.2
    85.0    67.0    33.7    18.3    14.5    13.4    13.1    12.9    11.3    15.7
    27.2    54.4    98.8    69.7    46.9    36.1    34.9    45.8    78.7   100.0
    92.0    89.0    69.2    41.5    18.9     9.1     6.1    26.5    89.0   100.0
   100.0    93.2    78.5    65.7    50.8    45.2    41.5    42.4    42.3    41.3
    38.9    35.8    34.1    34.9    36.6
    84.4    81.6    74.2    64.9    49.9    42.2    44.5    52.6    68.6    71.7
    71.9    69.0    55.1    47.0    51.1    57.7    61.2    58.6    61.7    72.0
    94.3    94.2    65.4    35.6    19.1    10.9    10.2    11.8    16.8    27.5
    28.9    33.3    49.1    48.3    39.0    30.9    25.9    28.7    45.5    93.8
   100.0   100.0    85.5    40.5    20.4     5.4     2.2    12.7    59.1    88.1
   100.0   100.0    80.5    56.0    46.3    41.0    43.0    41.0    40.5    39.1
    38.2    37.0    36.2    36.2    36.6
    81.8    83.6    83.7    84.7    79.2    76.3    76.4    81.7    85.8    80.2
    70.7    64.6    60.1    53.5    51.1    54.3    55.8    54.5    55.6    60.5
    73.4    85.2   100.0    59.3    52.0    22.0    16.3    22.0    40.6    69.8
    60.8    19.6    11.8    11.6    20.2    25.9    22.9    21.9    32.6    66.4
   100.0   100.0   100.0    75.6    40.6    14.2     4.2    24.1    61.2    59.4
    77.6    90.4    74.7    42.4    31.1    31.4    35.4    38.0    38.9    38.5
    38.1    37.7    37.4    37.5    37.0
    78.0    84.3    92.7    91.9    93.7   100.0   100.0    91.9    91.9    76.5
    66.7    60.3    54.4    47.4    43.9    45.6    48.8    51.4    53.0    54.2
    56.2    60.7    70.5    54.3    45.9    35.9    24.7    39.5    66.0    68.5
    26.9     6.7     1.6     1.2    13.0    28.7    25.2    31.1    43.6    49.2
    51.6    52.4    56.2    58.0    43.8    27.6    14.6    20.0    28.6    27.2
    43.3    68.7    63.0    39.2    24.7    25.6    28.9    36.5    38.7    39.7
    39.7    39.4    38.5    37.7    37.2
    66.2    75.7    87.8    97.3   100.0    98.2    84.7    65.9    50.6    40.6
    35.0    34.1    34.0    31.4    29.9    32.5    38.4    45.5    49.5    48.5
    43.0    35.6    33.0    22.5    14.2    19.1    24.0    30.9    35.3    24.6
    11.6     7.3     2.2     1.6    10.4    22.8    18.3    31.2    33.0    10.2
     5.3     6.4    11.3    23.8     8.2     6.3    12.3    14.1    14.4    14.5
    19.9    38.8    48.2    48.0    48.0    48.2    47.6    49.2    47.2    45.8
    44.3    41.9    39.6    37.8    37.0
    49.6    59.4    75.0    88.7    81.5    60.0    35.5    17.9     8.6     5.1
     4.7     7.1    14.1    21.3    24.6    26.8    31.5    38.8    44.7    43.4
    31.7    17.3    11.8     7.9     5.8     8.5    13.8    12.1     8.8    12.1
    17.7    16.4     6.0     3.7    10.3    19.3    17.6    24.4    21.9     5.7
     2.7     3.3     3.8    10.8     2.4     3.7    16.4    23.5    11.2     8.6
    10.9    19.4    28.5    45.6    65.9    86.7   100.0    67.5    57.9    52.0
    48.9    45.4    41.1    38.0    37.0
    31.6    35.6    44.3    50.5    41.2    23.4    12.6     6.9     3.7     2.0
     1.7     3.3     9.9    20.0    24.4    24.9    27.4    33.3    41.2    39.9
    28.8    15.5     9.8     7.7     6.7     7.4     8.2     4.1     5.4     9.8
    15.0    12.0    13.5    14.0    11.9    12.2    19.9    24.0    20.6    11.2
    11.2    12.6    13.7     6.3     4.9     4.6    17.2    19.1     9.4     2.0
     6.0    13.0    22.8    28.1    28.3    44.5    54.7    55.8    49.1    46.1
    44.0    42.6    40.4    38.7    38.0
    17.0    16.3    16.9    17.7    13.7     7.8     6.3     5.3     3.3     1.9
     1.2     1.8    11.3    21.4    24.4    25.0    25.0    32.5    51.5    64.7
    64.5    54.8    32.3    15.7     6.6     5.5     5.3     2.9     4.7     9.7
    10.5     7.8    12.1    30.6    14.1    14.1    32.8    42.7    42.0    21.8
    11.8     7.6     7.4     7.3     6.3     8.4     5.4     8.6     6.9     6.2
    10.2    32.6    39.4    30.5    16.6    10.4    18.0    20.3    28.3    33.8
    37.4    38.8    39.3    39.2    39.1
    11.5    10.4    10.1     9.3     7.9     6.4     6.0     5.4     3.6     2.1
     1.3     1.6     4.6    10.4    18.3    21.2    23.4    32.8    55.7    68.8
    76.4    74.0    60.1    27.5     8.6     5.3     3.8     2.7     3.3     6.4
     6.9     8.5     4.5    13.5    26.3    26.2    26.1    47.8    71.0    35.6
     5.7     2.2     2.0     3.4     4.4     7.0    10.0     7.4    14.0    41.7
    94.5    77.4    72.3    63.6    51.7    51.5    40.3    36.9    34.6    37.1
    38.4    39.7    40.3    40.0    39.8
     9.5     9.0     8.4     7.7     7.0     6.3     6.1     5.9     4.8     2.7
     1.8     3.0     4.1     4.6     5.6     8.0    12.2    26.6    56.2    69.3
    75.0    77.8    74.4    53.5    19.2     4.6     1.7     1.2     1.9     1.9
     4.0    10.7    11.8    28.1    52.1    29.6    20.2    42.6    51.8    27.8
     6.9     2.8     1.8     3.5     9.3    27.9    48.9    27.5    50.6    96.5
   100.0   100.0   100.0   100.0   100.0   100.0    64.4    48.4    44.3    42.1
    41.8    42.0    41.5    41.2    40.7
     8.7     8.2     8.0     7.6     7.0     5.9     5.5     5.2     4.6     3.5
     3.2     3.9     4.2     4.2     4.3     4.7     5.9    13.6    40.5    62.2
    68.5    71.7    68.8    44.1    10.1     1.7      .9     1.0     1.6     2.9
     6.7    32.7    47.1    64.2    86.7    73.8    56.5    35.4    28.6    22.4
    18.5    16.0    11.9    16.8    30.4    46.7    81.2    55.3    75.1    94.9
   100.0   100.0   100.0   100.0    93.3    71.2    53.0    45.8    43.6    42.5
    42.5    42.3    42.0    41.9    41.4
     8.2     8.0     7.9     7.9     7.2     6.0     4.7     4.3     4.1     4.0
     4.4     4.5     4.5     4.3     4.3     4.3     4.5     6.9    23.8    53.3
    63.8    64.2    50.7    19.9     3.5     1.1      .9     1.0     1.6     3.9
    12.4    55.6    59.9    38.6    30.9    47.9    53.2    27.8    18.1    18.0
    49.5    79.4    69.1    68.4    61.0    49.4    45.8    44.2    64.0    85.0
    95.1    89.6    80.8    69.1    53.4    45.2    40.6    40.7    41.6    42.3
    42.5    42.5    42.3    42.1    42.2
     8.4     8.3     8.3     8.2     7.6     6.2     4.8     4.5     4.5     4.7
     5.0     5.0     5.0     4.9     4.7     4.6     4.6     6.3    20.0    50.8
    61.3    51.7    25.3     7.0     2.1     1.1     1.0     1.1     1.7     3.3
     8.8    15.0     5.9     3.5     4.7    14.2    23.7    13.0    11.5    14.6
    47.3    96.0    44.4    35.9    41.8    28.6    12.7    14.3    36.5    71.5
    89.3    88.6    69.2    54.5    43.1    39.3    38.3    39.8    41.4    42.4
    42.6    42.6    42.5    42.4    42.3
     8.7     8.8     8.7     8.5     7.9     6.4     5.0     4.8     4.9     5.0
     5.1     5.2     5.1     5.1     5.0     4.9     5.0     6.6    18.9    46.0
    53.0    36.6    20.3    11.3     7.3     3.9     2.2     2.1     2.3     2.7
     3.2     2.9      .9      .8     1.3     4.2     6.4     7.1     8.0    17.1
    15.3    14.4     2.6     3.5     6.4     6.2     4.8     6.4    22.6    59.3
    85.3    79.1    66.7    52.4    43.2    40.1    39.8    41.0    41.9    42.5
    42.6    42.7    42.6    42.5    42.5
     8.8     8.8     8.8     8.7     7.9     6.6     5.3     4.9     4.9     5.1
     5.2     5.2     5.2     5.1     5.1     5.1     5.3     7.4    18.8    35.2
    37.5    32.7    29.5    28.1    25.6    14.9     5.3     2.9     2.6     2.5
     2.3     1.4      .6      .5      .9     2.3     3.9     4.4     5.3     5.9
     4.2     1.6     1.3      .3     1.4     2.5     2.7     4.9    19.5    51.6
    76.0    76.6    64.4    52.0    44.4    41.6    41.3    41.8    42.3    42.5
    42.6    42.7    42.7    42.6    42.6
     8.8     8.8     8.9     8.7     7.9     6.7     5.2     4.9     5.0     5.1
     5.1     5.1     5.1     5.1     5.1     5.3     7.0    14.8    28.6    34.9
    35.1    34.4    34.1    33.7    32.6    26.5    12.2     4.4     3.2     2.8
     2.4     1.8     1.1     1.0     1.4     2.5     3.5     3.9     3.4     2.9
     1.4     1.0     1.4     1.4     1.8     2.8     4.2     7.5    20.1    48.4
    70.4    69.2    56.7    46.1    40.9    40.0    40.7    41.5    42.0    42.5
    42.7    42.7    42.7    42.7    42.6
     8.8     8.8     8.9     8.7     7.9     6.7     5.3     5.0     5.0     5.1
     5.1     5.1     5.1     5.1     5.3     6.7    13.6    29.3    37.1    37.8
    36.9    36.0    34.8    33.9    33.4    32.5    26.2    13.5     6.9     4.2
     3.1     2.6     2.2     2.4     3.2     4.6     5.7     5.5     4.4     3.3
     2.6     2.4     2.5     3.0     3.8     4.8     6.0     9.9    22.8    46.6
    58.3    49.7    37.5    30.3    29.1    31.4    34.6    37.5    40.0    41.9
    42.7    42.7    42.7    42.7    42.7
     8.8     8.8     8.9     8.7     7.9     6.7     5.5     5.1     5.1     5.1
     5.1     5.1     5.2     5.6     7.1    12.3    24.2    39.0    46.1    46.3
    44.9    42.3    40.6    38.2    36.0    34.2    30.6    23.3    14.7     8.7
     5.7     4.5     4.3     5.5     8.0    10.7    12.1    10.7     8.1     6.1
     5.2     4.8     4.8     5.1     5.3     5.5     6.4    10.1    20.4    34.8
    36.9    29.3    23.0    20.2    20.2    21.8    24.5    28.2    33.4    38.5
    41.6    43.0    43.0    42.7    42.7
     8.8     8.8     8.9     8.7     7.9     6.7     5.6     5.1     5.1     5.1
     5.1     5.2     5.5     6.9    11.3    23.1    43.1    59.4    64.4    64.0
    61.0    58.6    59.0    55.8    48.4    42.0    37.5    33.1    26.0    18.6
    14.0    12.7    14.5    19.6    25.5    29.3    32.3    29.0    22.1    17.1
    13.3    11.5    10.1     8.7     7.2     6.4     6.9     9.4    15.4    20.9
    20.6    18.3    18.0    18.0    18.2    18.4    19.3    22.6    29.3    38.6
    45.8    47.7    45.9    43.0    42.7
     8.8     8.8     8.9     8.6     7.8     6.7     5.7     5.2     5.1     5.1
     5.2     5.5     6.4     9.1    16.4    32.6    55.4    70.8    74.5    72.7
    69.9    68.9    70.5    75.7    69.5    54.0    46.5    39.8    33.5    26.6
    22.8    23.1    27.6    35.6    42.1    46.1    62.7    59.7    51.7    31.1
    25.1    19.7    16.7    13.1     9.9     8.1     8.0    10.0    13.3    15.6
    14.0    14.4    16.0    16.5    19.3    18.6    19.8    25.0    38.2    54.8
    66.3    64.9    53.4    45.8    42.7
