diamond 4 10年11月26日20时500百帕相对湿度场
10 11 26 20   0  500
  2.000 -2.000  32.0 160.0  80.0  12.0
  65  35    10.0      .0   100.0  1  0
    43.4    43.4    42.4    41.4    40.1    41.2    43.5    47.4    50.9    53.7
    58.7    63.2    68.1    70.5    71.5    71.5    71.2    69.8    67.3    60.8
    54.5    49.4    48.6    48.1    48.2    48.2    48.2    48.2    49.9    54.2
    63.8    75.0    81.9    85.1    85.1    85.1    85.0    82.8    80.9    79.4
    77.4    76.4    77.4    79.4    81.2    83.7    85.0    86.1    86.1    86.1
    86.1    86.1    86.1    86.0    87.1    88.1    89.2    89.2    89.2    89.2
    89.2    89.2    89.2    89.2    88.1
    43.4    43.4    42.4    40.9    39.5    39.7    42.6    46.7    49.7    51.5
    54.6    59.1    64.3    68.3    69.5    70.3    70.6    69.0    65.5    59.0
    52.2    49.1    48.1    48.2    48.2    48.2    48.2    48.2    49.4    54.3
    63.8    75.9    83.0    85.1    85.1    85.1    85.0    83.8    80.9    79.4
    76.5    76.4    76.4    79.4    81.3    83.7    85.0    86.1    86.1    86.1
    86.1    86.1    86.1    86.0    87.0    88.1    89.2    89.2    89.2    89.2
    89.2    89.2    89.2    88.1    85.9
    43.3    43.3    42.3    40.9    38.6    38.1    40.6    44.8    48.2    49.8
    50.4    51.4    54.9    60.1    63.9    66.9    67.7    66.3    62.6    58.1
    52.4    49.4    48.2    48.2    48.2    48.2    48.2    48.3    50.1    54.5
    64.2    75.8    82.9    85.1    85.1    85.1    85.0    83.8    80.9    79.4
    76.5    75.5    76.4    78.4    80.7    82.6    84.9    86.1    86.1    86.1
    86.1    85.0    83.9    83.8    85.9    88.1    89.2    89.2    89.2    89.2
    89.2    89.2    87.0    83.7    81.5
    43.7    44.3    43.3    40.9    38.0    36.2    37.1    41.5    45.8    48.7
    49.3    49.9    50.4    51.5    54.6    59.0    62.8    65.5    65.9    62.0
    55.1    50.8    48.9    48.2    48.2    48.2    48.3    49.0    51.2    56.6
    65.2    74.2    81.8    84.0    85.1    86.2    86.1    83.8    81.0    78.4
    76.4    75.5    75.5    76.5    79.4    81.2    83.7    86.1    88.3    88.3
    86.1    82.8    80.6    79.5    82.6    85.9    88.1    89.2    89.2    89.2
    89.2    87.0    81.5    76.0    72.6
    42.0    43.6    43.8    41.9    37.1    32.3    31.0    34.7    41.3    46.8
    49.2    49.2    49.4    49.8    52.0    58.1    64.2    67.0    66.9    64.0
    59.1    53.0    49.6    48.3    48.2    48.3    49.2    51.6    54.1    57.1
    63.8    72.3    77.1    80.7    84.0    85.1    85.0    82.7    80.4    77.5
    75.5    74.5    74.5    75.5    75.6    77.6    80.0    84.9    87.2    86.1
    81.7    76.9    74.8    74.1    76.5    80.8    85.8    91.5    91.5    91.5
    85.9    79.6    71.8    64.8    61.1
    41.6    43.8    45.7    47.6    43.2    34.6    28.0    29.3    37.3    45.0
    49.1    49.8    48.3    46.8    49.8    56.4    63.9    67.6    67.6    66.1
    62.5    56.8    51.0    48.4    48.5    50.1    52.4    53.6    55.1    56.9
    60.8    65.2    68.1    70.7    73.3    78.6    80.6    79.9    79.4    76.5
    74.6    74.5    74.5    73.6    73.7    74.7    77.6    79.9    83.8    81.6
    76.3    71.9    68.9    67.3    65.5    68.3    74.5    84.7    88.1    84.8
    74.3    64.8    57.1    51.3    48.8
    36.1    41.1    51.2    58.9    58.2    43.8    33.4    29.9    35.6    44.5
    49.7    48.8    43.9    41.6    44.2    53.5    63.9    68.4    70.0    67.6
    64.7    57.8    50.0    46.4    48.4    52.2    54.0    54.0    55.0    56.4
    57.4    55.8    52.3    49.6    53.7    61.9    69.5    74.0    75.6    75.5
    75.4    76.3    76.2    73.4    71.7    71.8    73.8    76.6    76.2    73.5
    71.3    68.2    65.0    57.0    48.3    46.4    52.2    61.4    68.8    62.7
    53.3    45.1    42.0    39.4    37.9
    35.7    47.4    64.8    80.6    82.6    63.1    43.2    36.7    42.0    48.5
    51.0    46.6    39.5    37.1    40.3    48.0    61.3    66.9    68.5    64.6
    59.7    50.4    41.7    39.2    43.1    50.0    54.3    55.8    57.7    59.3
    60.4    55.0    46.5    39.3    39.9    45.9    56.6    65.4    71.9    77.2
    79.9    83.8    82.7    74.8    68.5    68.7    69.0    67.7    63.9    62.5
    63.3    63.4    58.3    46.4    34.5    27.9    28.7    34.2    37.7    36.4
    33.0    31.0    31.3    30.5    29.0
    51.9    66.4    77.3    79.3    88.1    82.8    61.2    52.4    54.4    59.6
    55.7    47.3    39.7    35.7    36.5    41.1    50.1    58.7    59.0    54.0
    48.2    39.6    33.4    32.2    36.5    46.5    53.6    58.5    64.2    71.8
    68.6    60.1    50.1    42.1    43.2    49.0    60.4    69.1    75.2    80.8
    92.1    95.4    93.1    77.6    70.1    66.7    62.2    55.3    46.6    45.0
    48.0    53.9    51.6    41.5    31.7    26.9    26.9    28.8    32.6    30.6
    28.8    27.4    26.3    24.0    21.5
    50.2    68.6    79.7    72.6    81.4    91.2    74.6    65.3    67.1    68.0
    66.4    60.3    51.7    39.5    34.0    33.3    37.8    39.6    38.8    36.6
    34.1    31.4    29.2    30.3    35.0    45.3    54.4    63.0    75.0    76.7
    73.1    63.3    59.5    53.9    56.7    69.0    76.9    74.1    69.7    69.0
    76.1    84.7    88.8    86.7    78.6    67.9    55.8    45.8    38.4    37.4
    40.0    48.0    51.4    46.8    40.6    36.9    37.8    40.5    40.4    36.6
    32.5    28.3    23.8    19.0    16.2
    32.6    50.3    62.3    70.2    87.1   100.0    75.6    62.8    58.7    64.7
    73.0    82.1    87.9    62.2    43.5    37.3    38.7    37.6    34.1    31.0
    28.6    28.2    30.6    34.9    40.2    47.6    53.3    61.1    71.9    70.8
    61.9    58.9    67.2    70.5    75.9    84.6    86.6    76.6    67.0    61.6
    61.8    65.7    69.8    76.0    75.2    67.5    49.1    40.7    37.1    37.5
    42.1    53.7    63.9    67.2    62.8    59.7    57.3    55.6    49.8    43.6
    38.7    31.5    22.9    16.0    13.1
    38.1    35.2    35.5    47.3    71.4    81.1    56.3    44.7    42.9    48.1
    62.2    91.9   100.0    87.3    59.4    56.6    61.1    53.4    40.9    30.3
    25.1    26.9    37.0    52.5    55.4    55.1    54.5    56.7    61.4    57.6
    55.3    55.1    61.9    64.8    74.9    88.7    89.7    75.5    67.4    61.9
    56.3    54.9    56.3    58.5    60.9    59.7    46.2    41.4    41.8    47.3
    53.0    63.8    76.5    80.3    77.5    73.5    71.4    63.8    55.1    48.9
    43.9    35.0    24.4    16.2    10.1
    44.5    34.1    25.8    25.1    32.2    47.8    36.5    30.3    30.8    35.5
    43.8    57.9    79.7    86.7    82.2    81.2    83.8    71.1    48.5    29.1
    20.2    22.4    44.6    70.7    81.7    63.2    58.4    57.5    57.1    56.4
    54.5    57.1    56.0    46.3    56.1    81.5    93.0    79.1    74.2    68.0
    60.0    55.8    53.9    53.3    52.2    51.9    49.1    54.3    62.1    62.9
    66.1    72.0    79.3    79.4    75.2    72.2    71.2    63.7    55.1    49.3
    44.2    37.0    28.3    15.6    12.8
    43.1    32.1    23.5    20.1    28.0    29.3    20.9    14.9    20.2    23.0
    21.0    16.2    21.3    42.5    66.2    88.5    93.1    82.2    53.0    32.1
    20.9    22.6    32.6    54.5    75.4    64.4    62.8    62.9    65.2    69.4
    73.2    73.5    59.2    39.6    43.2    69.7    86.4    83.0    82.9    75.9
    63.8    60.3    59.9    56.6    53.4    52.3    53.8    52.6    49.5    54.6
    56.1    65.0    72.9    72.3    66.3    65.4    69.2    63.6    53.6    46.3
    41.0    37.3    35.6    28.4    22.3
    36.5    26.0    22.2    22.9    35.3    35.7    17.2    14.0    15.4    20.5
    18.4    13.7    20.4    40.2    62.1    85.1    89.4    77.3    56.0    39.8
    32.1    29.7    28.6    35.7    52.6    70.2    74.9    66.9    66.6    74.2
    84.6    86.1    72.2    50.0    44.2    47.1    55.1    65.6    78.8    77.8
    65.6    65.4    77.2    72.2    42.6    48.2    46.5    28.0    20.7    31.0
    42.9    53.5    59.9    58.5    63.5    68.3    72.3    58.2    46.9    37.8
    35.3    36.2    40.1    36.0    31.6
    26.3    20.6    19.9    21.7    31.8    33.7    23.2    20.1    24.3    37.0
    34.0    22.7    30.3    45.5    65.3    72.6    72.3    63.0    51.8    44.3
    39.3    36.1    30.5    32.6    60.0   100.0   100.0    75.1    55.7    68.6
    78.7    84.6    80.2    61.3    48.1    37.8    33.8    40.2    53.9    63.1
    56.8    65.9    78.5    63.6    48.9    48.2    70.6    38.3    22.0    33.8
    53.2    51.2    45.1    42.2    44.8    42.7    40.2    32.9    26.6    24.0
    25.9    31.1    35.6    35.2    33.1
    24.2    22.0    23.3    18.2    21.1    28.1    32.4    38.9    54.6    64.9
    59.3    49.8    49.2    54.8    57.4    58.7    56.5    52.2    48.3    44.0
    42.3    41.1    39.0    43.1    60.2   100.0   100.0    51.3    49.0    58.4
    65.6    64.3    62.1    67.6    79.3    58.1    33.3    27.6    28.1    28.4
    24.8    33.1    50.4    42.8    59.7    76.0    69.8    62.4    57.4    76.8
    57.5    40.7    25.1    14.6    16.6    13.7    19.1    16.3    15.1    14.6
    17.1    22.9    29.1    32.3    32.7
    30.5    27.0    39.0    53.4    46.7    35.4    46.6    61.4    75.9    82.3
    76.8    67.4    55.6    49.2    46.1    45.1    46.7    47.0    44.4    40.1
    38.0    39.7    39.3    26.9     9.7    33.1    42.1    31.7    39.6    49.2
    46.4    28.2    22.6    38.8   100.0   100.0    59.0    20.1     8.9     3.6
      .8     5.3    12.9    23.5    49.7    77.5    52.1    51.4    72.1    93.4
    59.9    35.6    14.6     4.8     1.7     3.2     6.3     9.5    11.0    11.0
    13.2    18.2    24.6    29.6    31.7
    26.8    17.5    13.2    67.1   100.0    83.9    74.5    75.3    87.3    81.5
    76.1    64.2    46.7    32.8    27.4    28.6    34.2    38.3    37.4    33.3
    34.5    40.9    46.8    33.9     9.0     9.6    16.9    21.9    25.0    28.6
    21.0    10.6     4.7     6.4   100.0   100.0    67.4    17.0    12.4     2.3
     1.1     2.8     7.4     4.6    11.3    68.1    49.2    30.0    47.7    82.7
    67.3    36.1    16.8     6.5     2.9     2.6     2.7     6.9     8.8     9.9
    11.8    16.0    22.0    27.8    29.8
    51.1    18.3     8.7    19.4    74.8    82.5    75.5    65.7    65.1    62.6
    54.9    41.5    25.5    16.0    13.2    15.1    21.0    28.0    31.1    31.3
    37.3    49.7    65.4    62.0    43.5    22.5    18.2    13.6    11.6    11.3
    10.7     7.7     2.9     2.0    24.3    79.1    71.2     7.7     4.7    10.0
     6.5    11.9    10.5     2.9     9.2    51.9    61.6    25.8    27.2    68.4
    77.5    36.8    22.9    15.7    12.0     9.0     8.4     9.4    10.2    10.7
    12.1    15.2    20.1    25.3    27.5
    34.3    19.1     4.2     3.3     9.4    20.8    26.2    25.6    26.2    27.1
    25.2    19.2    13.1     9.9     9.1    10.4    14.3    21.0    28.1    34.2
    43.6    71.8    84.4    87.9    83.8    44.4    17.8     6.3     3.1     6.2
    13.8    11.0     3.7     1.3     8.4    18.6    16.8     8.8     6.0    17.7
    22.7    25.0    14.1     6.7    15.9    50.1    71.1    32.7    15.1    46.9
    37.3    28.4    25.0    30.5    25.8    21.9    18.3    15.3    13.8    12.8
    13.0    14.6    18.1    22.2    24.3
    12.2     9.7     3.4     3.1     5.5    11.1    15.2    16.5    17.0    16.9
    15.0    11.7     9.5     8.5     8.3     8.9    11.1    16.4    26.6    38.4
    52.9    75.4    79.6    58.1    41.4    26.3    11.2     1.7     2.1     6.6
    17.3    17.1    11.1     4.7    15.0    13.1     6.3    12.1    14.1    23.7
    25.0    30.1    22.5    15.5    44.1    64.8    64.4    30.8    18.7    16.7
    13.1    14.8    14.7    15.2    14.0    16.2    14.5    13.8    12.8    12.4
    12.5    13.7    16.3    19.5    21.3
     3.2     1.6     1.6     5.7    10.4    14.4    15.5    15.8    16.1    15.8
    13.8    10.4     8.8     8.4     8.3     8.3     9.1    13.4    26.6    35.9
    40.6    45.5    49.4    32.6    26.4    19.6     6.8     1.2     2.8    10.4
    16.2    20.5    17.4    15.9    23.1    19.1     9.2     4.2     5.5    13.2
    11.3    13.1    17.8    24.1    30.3    36.1    29.5    18.6    11.8     6.2
     5.0     7.4     9.7     8.6     6.5     4.8     7.5     7.7     9.8    11.2
    12.3    13.5    15.4    17.4    18.8
     3.5     4.7    13.4    26.0    27.5    19.6    16.2    15.3    15.4    15.1
    13.2    10.8     9.7     9.0     8.6     8.5     9.2    13.8    27.2    35.5
    38.4    38.2    35.0    28.7    23.3    20.9    13.8     4.0     4.1     7.7
    10.0    13.0    10.8    14.1    20.6    18.0    13.1     6.3     2.5     1.6
     2.0     2.2     3.0     4.8     6.8     7.3     6.7    11.6     7.5     3.1
     2.0     7.5    10.1    13.6    18.8    26.8    22.0    19.6    17.1    16.3
    15.2    15.1    15.8    16.7    17.5
    23.4    30.6    51.0    58.0    40.3    20.5    14.4    11.5    10.7    10.4
    10.3    10.0     9.9     9.8     9.6     9.3    10.3    16.6    28.4    32.7
    31.7    26.2    15.3    11.8    11.8    13.6    12.2     5.3     3.5     2.7
     4.6     7.1     4.6     9.8    22.3    20.8    22.9     7.6     1.7     1.7
     2.6     1.3     1.0     1.2     1.4     1.0     1.0     7.5    10.8     6.7
     7.0    10.1    16.9    37.0    68.1    83.5    55.1    44.9    38.1    27.5
    19.9    16.9    16.2    16.5    16.7
    43.8    81.0    99.1    74.6    42.3    18.5    10.2     7.7     7.3     7.4
     8.1     9.0     9.5     9.9     9.7     9.7    10.0    12.0    13.8    12.0
     8.4     4.8     3.5     3.3     3.5     4.2     5.1     3.5     2.8     2.2
     4.3     9.9     6.5    14.7    30.4    17.7    25.2    24.1     5.2     5.7
    13.6     7.7     4.1     6.8     7.8     6.4     7.3    20.0    27.0    23.9
    23.5    16.3    26.4    52.7    80.2    88.8    82.5    75.5    58.4    36.7
    22.9    17.6    16.6    16.5    16.6
    63.3    81.8    84.1    55.4    27.6    12.7     8.0     7.0     7.0     6.7
     5.8     5.7     6.4     8.3     9.0     9.2     9.0     8.2     6.4     4.8
     3.7     3.1     2.9     2.9     2.9     3.6     5.4     6.8     5.6     5.6
    12.6    16.7    15.7    25.9    19.8    12.5    15.4    31.3    30.8    19.4
    35.5    36.5    42.8    70.0    68.8   100.0   100.0    39.1    37.2    27.4
    18.4    17.0    26.2    52.0    79.9    91.7    92.5    82.9    61.9    36.9
    22.6    17.6    16.4    16.4    16.5
    49.0    57.4    53.7    35.8    19.3     9.2     7.3     7.0     6.8     5.9
     4.0     3.5     3.6     3.9     4.9     5.7     6.7     9.0    11.2    10.0
     7.3     4.2     3.2     2.9     3.1     4.6     8.7    10.1     9.1     8.6
    10.4    10.2     5.0     3.9     4.9     6.6    10.8    20.6    13.5    15.0
    12.7    20.2    65.9    71.8    44.2    61.4    32.3    21.8    26.0    17.9
    14.0    13.9    26.3    51.6    80.0    91.8    91.1    77.2    53.1    31.3
    20.1    16.7    16.2    16.4    16.4
    41.6    40.7    38.3    28.7    16.5     8.5     7.0     6.7     5.7     4.4
     3.5     3.3     3.3     3.4     3.5     4.0     6.3    17.1    31.9    35.1
    32.2    19.5     8.4     4.6     5.2    13.2    27.0    16.2    11.1     8.4
     7.8     5.7     2.4     1.9     2.6     7.6    33.6    23.1     9.1     6.3
     5.4     8.5    36.1    24.7    21.0    23.8    16.6    12.6    13.4    10.7
    10.2    14.1    25.4    51.2    78.1    89.0    85.6    68.1    42.9    25.3
    18.0    16.4    16.2    16.4    16.3
    37.8    37.8    35.6    27.2    15.5     7.7     6.1     5.5     4.5     3.6
     3.4     3.3     3.3     3.3     3.5     5.1    14.2    33.1    42.3    43.2
    42.8    40.1    33.8    25.9    23.7    31.4    42.5    28.2    14.7     9.6
     7.5     4.6     2.5     2.0     3.4    10.9    23.5    33.1     9.7     5.3
     3.6     5.3    14.2    20.5    19.1    16.1    12.0    11.2    12.3    10.9
    11.0    15.1    27.3    51.6    77.4    87.6    81.0    59.9    35.6    22.0
    17.5    16.2    16.4    16.4    16.4
    37.8    37.4    34.9    26.4    14.4     6.6     5.1     4.6     4.0     3.5
     3.4     3.4     3.4     3.5     4.5    11.7    31.2    42.3    44.0    44.0
    43.6    43.6    46.3    57.9    44.8     7.9    13.3    22.7    21.8    12.6
     8.6     5.4     3.3     2.9     4.5     9.2    13.7    10.4     6.6     4.1
     2.4     2.7     6.7    12.4    16.9    18.2    17.6    16.4    15.0    13.4
    14.0    19.6    32.5    55.5    77.4    85.5    77.8    55.4    33.0    21.1
    17.3    16.4    16.4    16.4    16.4
    37.8    37.4    34.9    25.6    13.4     5.9     4.5     4.1     3.7     3.4
     3.4     3.4     3.4     3.7     6.3    19.0    37.3    43.5    44.0    44.0
    43.6    45.1    57.9   100.0    77.4    16.3     6.3    12.3    17.5    14.6
     9.8     6.7     4.7     4.2     5.0     6.8     7.1     6.0     4.4     3.5
     2.9     3.2     5.3    10.9    20.4    28.5    31.0    28.8    24.2    20.9
    21.7    29.2    45.2    65.3    80.3    84.2    75.4    54.1    32.8    21.2
    17.3    16.4    16.4    16.4    16.4
    37.8    37.4    34.6    25.3    13.1     6.4     4.3     3.8     3.6     3.4
     3.4     3.4     3.6     4.5     8.5    19.3    33.8    41.9    43.9    43.9
    45.1    49.9    67.8    96.2   100.0    38.9     7.0     7.4     8.8     9.7
     8.4     7.2     6.5     7.0     9.4    12.6    12.8    10.5     7.4     5.4
     4.7     5.1     8.1    17.3    34.4    51.2    58.2    55.3    47.7    41.4
    42.5    52.1    65.6    76.1    81.1    81.1    73.7    56.7    36.2    23.5
    18.0    16.6    16.4    16.4    16.4
    37.8    37.5    34.6    24.6    12.7     6.1     4.1     3.7     3.5     3.4
     3.4     3.4     3.6     4.7     9.0    19.7    33.8    42.2    44.2    44.9
    46.0    49.1    56.2    75.0   100.0    79.8    25.0    12.1     9.3     8.0
     7.3     7.1     7.8    10.7    18.5    30.3    38.1    36.5    28.7    20.2
    15.1    14.8    20.6    35.0    54.5    68.3    72.2    71.5    69.0    65.4
    66.0    70.7    77.3    80.5    81.1    80.5    77.4    66.3    47.3    30.6
    21.3    17.7    16.6    16.4    16.4
    37.8    37.1    33.6    23.6    12.4     6.3     4.2     3.6     3.5     3.4
     3.4     3.4     3.7     5.0     9.4    19.6    33.0    41.7    44.8    45.5
    46.6    47.5    50.2    60.2    60.9    44.6    26.7    15.8    10.1     7.9
     7.2     7.2     8.4    12.2    21.7    36.9    55.2    57.6    50.5    34.8
    28.0    27.3    33.9    48.7    64.3    71.7    73.3    73.3    72.7    69.8
    68.0    72.1    77.4    78.0    82.4    81.7    79.2    71.5    54.5    36.7
    25.0    19.2    17.1    16.6    16.4
