diamond 4 10年11月28日20时500百帕相对湿度场
10 11 28 20   0  500
  2.000 -2.000  32.0 160.0  80.0  12.0
  65  35    10.0      .0   100.0  1  0
    63.5    62.0    55.1    43.8    33.8    31.4    38.2    51.2    62.8    68.1
    68.9    68.1    67.2    66.4    66.4    66.4    66.4    67.3    68.1    67.2
    66.3    65.5    65.5    65.5    65.5    65.5    65.5    65.5    66.3    69.5
    76.4    83.9    87.9    90.0    90.0    90.0    90.0    89.0    86.9    85.8
    83.8    82.8    82.7    82.7    83.6    83.5    83.5    83.5    83.5    83.5
    83.5    83.5    83.5    83.6    83.7    84.7    84.8    84.8    84.8    83.8
    80.9    71.8    57.3    46.1    41.9
    64.2    62.7    55.7    42.7    31.4    28.4    35.5    50.0    62.8    69.0
    70.6    69.7    68.1    67.2    66.4    67.2    68.1    68.9    69.8    68.9
    67.2    65.5    65.5    65.5    65.5    65.5    65.5    65.5    65.5    68.7
    75.5    83.9    89.0    90.0    90.0    90.0    90.0    89.0    87.9    84.8
    83.8    82.8    82.7    82.7    83.6    83.5    83.5    83.5    83.5    83.5
    83.5    83.5    82.5    82.6    83.7    83.7    84.8    84.8    84.8    84.8
    81.8    71.8    57.3    45.6    40.9
    65.8    63.5    55.7    41.2    28.4    24.7    30.6    45.3    61.3    71.4
    74.8    74.8    71.4    68.9    68.1    68.9    71.5    73.9    74.6    73.2
    68.9    66.3    65.5    65.5    65.5    65.5    65.5    64.7    64.0    65.5
    72.0    82.0    87.9    90.0    90.0    90.0    90.0    89.0    86.9    84.8
    83.8    82.8    82.7    82.7    83.6    83.6    83.5    83.5    83.5    83.5
    83.5    82.5    80.6    80.7    81.7    83.7    84.8    84.8    84.8    84.8
    81.8    71.8    56.6    45.1    40.4
    69.7    67.3    57.7    40.7    26.0    20.7    24.1    36.4    55.1    69.8
    79.4    79.4    74.0    70.6    69.8    71.2    75.1    77.6    78.5    76.3
    71.4    68.0    66.3    65.5    65.5    65.5    64.7    62.5    58.9    58.2
    63.2    75.5    85.9    89.0    90.0    90.0    90.0    89.0    86.9    85.8
    83.8    83.8    82.7    83.7    83.7    84.6    84.6    84.5    84.5    84.5
    82.5    79.6    75.9    76.0    78.9    81.8    83.8    84.8    84.8    84.8
    80.9    69.3    54.6    44.0    39.9
    72.2    70.6    59.1    40.2    24.1    16.4    16.4    23.8    39.6    59.8
    68.9    69.7    65.5    65.3    68.3    72.2    76.4    79.9    80.0    77.6
    74.7    69.7    67.2    65.5    65.5    64.0    61.0    54.8    48.1    44.7
    49.8    63.2    79.1    86.9    90.0    90.0    90.0    89.0    86.9    86.8
    85.8    84.8    83.8    83.7    85.7    87.8    86.7    86.6    84.5    82.5
    77.7    72.3    68.1    68.2    72.5    78.0    82.8    84.8    85.8    83.8
    77.1    65.4    52.1    42.9    39.4
    71.4    68.9    57.7    41.2    25.7    16.2    12.3    14.8    24.7    36.2
    43.4    44.9    50.4    60.0    69.8    75.0    78.7    80.7    80.8    80.0
    76.9    73.1    69.7    66.4    63.3    58.2    51.0    43.2    36.9    35.1
    39.6    52.7    71.0    84.8    88.9    88.9    88.9    87.9    85.8    86.8
    85.8    85.8    84.8    85.8    87.8    91.0    89.9    87.7    83.6    77.7
    68.9    62.6    61.2    62.0    65.8    71.7    78.0    82.8    84.8    82.8
    76.3    64.7    52.2    43.5    37.6
    66.6    61.3    48.8    40.6    31.0    18.9    13.7    13.2    18.5    25.0
    29.3    36.4    53.0    73.0    86.1    83.8    81.5    80.8    80.9    80.8
    79.0    76.6    72.7    66.6    58.4    48.2    40.2    35.1    32.5    32.2
    35.9    47.1    66.6    84.6    89.8    88.8    85.7    84.7    83.8    84.8
    81.8    79.8    77.0    81.8    85.8    90.0    90.0    87.8    80.7    71.5
    62.6    59.0    57.6    59.0    62.6    65.7    69.9    75.2    79.9    84.9
    84.0    74.7    59.1    48.2    42.3
    53.5    43.7    34.7    39.6    37.2    28.4    18.4    17.8    24.0    30.3
    33.8    43.4    67.8    89.5    91.7    85.0    81.7    80.5    79.6    79.5
    78.5    76.7    73.4    67.2    55.2    43.0    35.9    32.1    30.2    30.6
    34.1    45.4    65.0    84.5    90.8    87.6    79.6    76.9    76.0    72.4
    66.5    58.8    56.0    64.2    73.5    78.0    82.8    83.7    77.9    69.8
    61.9    58.3    57.6    58.2    60.2    64.0    64.8    65.1    72.0    90.1
   100.0    95.5    73.6    57.9    50.0
    33.7    25.7    22.3    20.9    30.9    35.8    31.2    35.1    45.3    54.4
    57.7    63.9    85.3    95.3    87.5    80.2    78.0    76.9    74.0    72.2
    73.9    74.8    74.7    70.6    60.8    48.2    39.4    32.9    29.1    25.9
    32.5    45.3    61.5    76.9    78.5    72.9    63.7    60.7    58.5    54.3
    42.1    38.0    37.6    49.3    57.4    65.0    74.3    80.7    83.6    78.7
    71.5    64.2    60.6    57.7    56.2    56.1    53.5    51.3    49.3    72.1
    90.6   100.0    82.6    69.3    66.0
    30.4    20.4    17.6    17.4    27.2    49.4    49.9    53.2    67.5    74.8
    76.7    80.6    88.8    85.6    78.6    73.1    72.2    65.6    57.9    56.2
    62.4    70.4    75.7    73.7    65.0    52.2    42.2    34.5    26.7    28.4
    35.8    49.3    53.5    59.4    60.3    52.2    48.3    50.2    56.2    61.2
    55.3    43.9    37.7    37.8    42.1    50.5    63.2    75.0    82.5    83.5
    80.6    74.4    69.6    60.5    50.6    43.7    36.9    27.6    22.6    28.2
    46.4    66.5    72.2    78.4    83.6
    44.3    23.2    22.4    34.5    62.9   100.0    87.6    77.6    73.9    79.7
    83.8    89.1   100.0    89.2    78.3    74.7    75.8    61.4    52.9    47.2
    52.5    61.3    73.1    74.1    66.0    52.4    45.7    40.2    33.2    39.2
    55.3    62.3    45.6    43.6    47.2    47.8    46.9    48.6    51.0    70.2
    76.4    66.7    54.6    43.5    41.4    44.9    63.1    75.0    79.6    81.6
    83.8    84.1    81.6    67.6    47.6    31.8    24.3    17.4    11.9    13.0
    18.1    31.0    49.4    77.2    92.3
    37.9    26.6    23.3    40.5    95.4   100.0    91.0    76.8    82.6    83.7
    81.1    93.5    96.8    90.5    73.0    75.8   100.0    86.9    61.5    47.5
    45.6    52.0    66.8    81.6    68.8    58.2    51.3    49.1    49.1    67.7
    78.8    75.8    50.9    49.0    59.0    68.1    62.5    53.7    53.4    60.1
    78.5    77.5    71.2    62.2    51.7    46.3    63.3    69.9    71.7    68.5
    73.9    82.6    95.2    81.4    54.4    31.4    21.6    15.7    10.3     7.5
     8.7    16.2    32.5    64.5   100.0
    44.0    34.9    25.4    21.8    33.3    72.4    59.3    54.3    64.7    69.1
    64.1    55.9    62.2    59.8    45.2    43.6    70.9    90.1    70.2    46.3
    39.8    43.1    66.9    86.4    86.4    71.5    64.6    57.6    60.5    73.7
    92.2    76.0    58.8    60.8    75.2    91.7    91.6    69.1    63.5    61.7
    56.2    51.3    53.9    50.8    43.9    42.4    50.6    52.7    49.8    50.6
    60.6    76.8    96.4    89.6    69.7    46.5    32.9    22.1    12.8     8.5
     8.9    14.1    25.9    61.3    80.1
    47.7    43.4    29.6    19.8    29.9    34.5    25.0    20.4    34.0    36.5
    22.6    11.6    12.2    19.0    17.8    13.6    27.0    59.9    66.3    55.4
    41.4    44.0    59.4    77.1    82.3    69.3    56.5    41.4    32.6    44.9
    58.5    70.7    71.3    69.4    78.5    98.8   100.0    87.4    80.9    65.8
    45.7    38.0    35.0    29.6    25.1    26.5    37.0    45.9    50.0    51.0
    60.4    73.8    85.0    88.2    76.9    71.9    65.1    44.5    23.8    14.2
    13.2    16.7    20.3    29.2    41.2
    43.4    33.7    26.6    24.5    40.6    37.4    15.0    13.3    17.1    21.0
    14.5     8.5    12.8    25.0    18.7    10.5    13.3    25.2    56.4    63.5
    64.3    61.6    61.5    58.4    44.8    22.6    12.9     6.7     5.0    12.5
    31.1    49.0    64.0    68.0    70.6    74.2    76.0    81.6    87.6    70.8
    40.3    31.5    34.2    20.9    11.2    16.1    33.5    57.7    70.5    68.9
    71.2    77.8    79.4    75.1    85.3    98.7   100.0    77.7    46.5    27.9
    21.5    20.5    19.0    22.2    26.0
    28.4    21.9    19.5    19.7    29.0    24.6    12.7    12.6    17.8    23.9
    18.1    11.8    22.5    37.2    35.6    17.8    20.5    39.7    62.8    72.2
    77.3    75.0    59.8    34.2     7.6     1.4      .5      .6      .4     4.6
    17.1    37.6    57.0    59.8    55.2    49.7    49.1    57.2    71.7    69.6
    39.7    33.8    29.4    10.3     4.3     7.8    37.1    60.3    81.2    82.1
    80.1    85.0    79.3    69.8    78.2    81.6    85.0    71.3    50.2    34.9
    26.7    23.1    21.4    22.8    24.7
    22.7    21.5    21.5    15.3    14.1    12.1    10.8    19.9    54.1    43.6
    27.9    23.8    39.5    53.1    46.3    39.2    44.2    60.6    71.3    76.4
    80.9    81.6    61.8    21.4     4.2      .3      .9     2.1     1.1     3.2
    15.2    29.9    36.9    35.6    35.2    35.5    36.2    41.4    50.3    62.8
    49.4    40.4    33.6     7.1     5.6    16.1    42.6    55.2    58.7    60.1
    82.8    93.2    64.7    35.1    42.2    34.6    53.2    46.2    42.1    34.1
    29.3    26.1    24.3    24.1    24.7
    18.7    33.3    45.1    42.7    25.2    11.6    10.4    34.9    79.1    67.8
    36.8    27.7    29.4    33.0    37.1    41.2    53.1    65.9    68.6    68.5
    73.2    91.6   100.0    62.9    55.7     6.0    14.0    32.3     5.0    10.0
    17.8    17.7    14.3    11.4    16.1    24.8    28.2    26.8    30.5    37.9
    34.1    62.3    53.3    30.0    11.4    11.8    17.2    21.5    28.3    26.1
    49.2    68.4    43.7    15.2     4.7    10.6    21.3    32.1    35.3    32.1
    29.2    27.6    26.3    25.8    25.7
    13.5    26.1    58.8    85.6    65.7    18.4    12.3    32.4    89.2    62.8
    39.8    27.0    20.2    15.9    15.6    21.7    36.3    51.6    56.6    55.3
    58.5    71.4   100.0    75.2    78.2    47.0    60.5    30.3    13.7    17.6
    19.2    11.9     2.4     1.2     8.9    20.2    19.4    15.9    42.9    33.0
    32.4    44.6    56.9    45.5    21.4     8.0     2.7     2.5     4.6     7.5
    20.6    48.3    52.9    27.7    20.9    15.8    11.5    25.6    29.2    29.6
    28.2    27.3    26.9    26.6    27.1
     5.4    12.2    38.7    76.1   100.0    44.0    23.1    29.1    49.0    45.7
    29.7    17.7     9.3     5.6     5.0     7.6    16.6    32.6    44.9    46.8
    42.8    38.0    39.7    22.3    10.6    13.4    13.7    16.8    18.1    20.6
    18.0     7.2     1.6     1.6     8.4    15.9    20.7     6.4    10.2    36.6
    39.8    25.3    23.6    34.9    16.2     6.4     4.7     1.7     1.4     2.9
     7.1    18.9    30.8    35.5    41.7    33.7    32.1    26.9    27.2    27.2
    26.6    26.4    26.7    27.4    28.3
     7.7     8.5    24.9    47.4    54.1    40.0    23.1    20.8    23.3    20.1
    13.7     7.7     4.4     3.0     2.8     3.9     7.6    17.2    31.1    35.8
    26.4    15.2    10.2     5.3     2.6     3.7     8.3    23.8    50.2    26.2
     8.8     5.3     2.6     4.0    10.2    14.7    13.2     4.3     5.5    21.2
    28.6    15.7    13.1    18.4    24.7    30.1    35.8    15.6     2.6     4.5
     5.2     7.1     8.6    33.7    36.5    28.7    18.9    25.3    25.2    24.9
    24.7    25.2    27.1    29.0    30.2
    27.6     9.7    18.5    27.4    31.9    26.5    20.9    18.9    17.8    13.8
     8.7     5.0     3.2     2.5     2.4     2.8     4.0     7.6    15.6    19.4
    12.4     6.4     5.0     4.9     4.8     6.2    13.0    76.8    63.9    22.6
     7.3     4.9     5.5    10.6    11.2    10.0     7.5     3.1     5.3    12.3
    10.8    13.7    13.7    10.9    41.2    95.7   100.0    62.5    31.9    21.8
    10.8     7.6     9.7    14.5    19.6    17.4    14.3    16.0    18.3    20.4
    22.1    25.1    28.6    31.6    32.5
    25.5    14.3    12.5    17.1    19.1    18.8    18.9    19.0    17.3    12.8
     8.2     5.2     3.4     2.6     2.4     2.4     2.6     3.5     8.0    13.9
     8.0     4.5     4.8     5.5     5.6     7.5    21.4    92.4    39.7    10.9
     9.0     5.3     8.0    19.3    13.8     9.3     7.8     1.9     4.5    14.9
     8.9     8.1     6.9     5.4     9.1    18.0    19.2    23.6    15.9     7.9
     7.5    15.5    30.1    26.7    12.0     5.8     8.4     9.6    14.2    18.6
    23.8    28.8    32.7    35.1    35.8
    14.5    12.7    12.8    14.0    15.4    17.2    18.4    17.4    14.6    11.4
     8.8     8.5     9.9     5.8     3.3     2.8     2.7     2.9     4.5     8.0
     7.7     4.8     5.0     5.7     5.9     6.7    10.1    21.8    10.7     7.8
     5.5     7.7     6.0    15.9    24.9    17.5    19.1    15.1    25.3    44.7
    10.3     4.2     1.7     1.7     2.9     5.5     7.9     7.4     4.9     2.1
     1.6    34.0    74.3    78.2    47.0    36.6    25.8    21.9    20.8    25.2
    30.7    35.7    37.8    38.3    38.3
    14.6    13.6    13.5    13.7    14.4    16.0    16.4    14.0    12.0    10.1
     8.9    10.6    14.9    14.5    11.8     7.8     6.0     5.3     5.7     6.7
     6.8     5.8     5.5     5.2     5.3     5.8     6.4     4.4     3.2     1.9
     4.0    14.4    24.3    35.0    38.0    21.5    25.4    41.9    71.6    83.9
    39.2    17.3     5.4     2.8     3.4     5.4     5.9    11.2    11.4     6.7
    10.8    51.2   100.0   100.0   100.0    82.2    38.9    25.7    24.5    28.7
    35.5    40.4    41.4    40.9    40.5
    13.7    14.2    14.3    13.7    13.2    12.6    11.5    10.2     9.6     9.1
     8.6    11.2    14.7    16.2    15.8    14.2    12.6    11.4    10.2     8.5
     6.9     5.9     5.8     5.8     6.3     6.8     6.3     4.1     3.1     3.1
     8.4    55.2    95.9    68.9    44.7    18.0    11.2    24.8    63.2   100.0
   100.0   100.0    54.4    18.6    17.2    32.1    38.8    60.4    76.1    60.0
    65.3    62.8    98.2    93.9    60.9    35.9    21.9    17.7    19.7    26.7
    35.7    41.2    42.6    42.2    41.9
    13.8    13.8    13.8    13.2    12.1    10.8     9.7     9.3     9.2     8.7
     7.9     8.3    10.1    13.4    14.7    14.6    14.3    14.0    13.5    11.9
     8.7     6.9     6.9     7.2     8.1     8.7     8.5     6.7     5.6     6.2
    17.6   100.0   100.0    80.4    38.4    16.2     9.6    15.3    49.2    87.1
    92.5   100.0    94.9    55.9    61.1   100.0   100.0    93.2   100.0    81.4
    49.5    39.4    39.8    33.0    21.0    15.1    12.5    13.7    18.0    26.5
    36.4    41.8    42.9    43.1    42.5
    13.6    13.6    13.5    12.8    11.5     9.9     9.4     9.2     9.0     7.9
     5.4     4.9     5.0     5.6     7.2     8.5     9.5    10.3    10.8    11.1
    10.6    10.0    10.3    11.1    12.8    14.7    16.9    19.9    16.8    16.2
    31.5    97.7   100.0    77.9    38.5    22.6    19.4    37.1    29.9    21.3
    24.9    53.5    65.8    47.8    72.4    90.3    47.7    42.2    67.1    45.9
    31.8    23.1    23.7    18.9    13.4    11.6    11.5    14.2    20.1    29.8
    38.7    43.1    43.8    43.3    43.2
    13.6    13.6    13.3    12.7    11.2     9.7     9.2     8.9     7.7     6.0
     4.8     4.6     4.6     4.6     4.9     5.3     5.8     6.4     7.3     9.3
    12.6    14.3    14.9    15.4    15.4    14.1    15.3    22.3    26.0    29.7
    35.8    56.8    63.5    49.2    38.8    32.5    28.7    25.1     9.4     3.7
     5.1    15.2    15.1     8.8    17.2    25.7    23.9    21.1    25.5    21.9
    20.2    21.0    19.5    16.6    13.3    12.2    12.8    16.4    23.9    34.0
    41.4    43.5    43.8    43.4    43.4
    13.6    13.6    13.3    12.4    10.6     8.8     8.0     7.4     6.1     5.0
     4.7     4.6     4.6     4.6     4.7     4.8     5.1     5.7     7.6    12.4
    16.8    17.2    16.5    15.3    12.9    11.3    11.9    16.9    24.0    30.2
    32.5    35.9    37.2    38.3    39.0    40.1    27.5    12.3     2.5     1.5
     2.4     4.4     5.5     1.3     5.4    11.4    15.2    17.6    21.5    20.9
    20.8    22.1    20.8    17.1    14.3    13.3    14.4    18.8    27.2    36.8
    42.2    43.9    43.5    43.4    43.4
    13.6    13.6    13.3    12.1     9.9     7.8     6.9     6.2     5.4     4.8
     4.7     4.7     4.7     4.7     4.7     4.7     5.0     6.8    12.6    20.8
    22.4    21.0    19.0    16.8    13.7    11.2    11.1    14.1    18.7    24.9
    29.4    31.4    32.4    33.3    36.1    35.7    21.8     7.4     1.7     1.2
     1.7     3.1     4.2     4.1     6.2    12.6    19.8    23.7    25.9    25.9
    26.5    26.6    22.8    18.1    15.0    14.0    15.5    20.1    28.9    37.6
    42.3    43.5    43.5    43.5    43.5
    13.6    13.6    13.1    11.8     9.4     6.9     6.0     5.5     5.0     4.7
     4.7     4.7     4.7     4.7     4.7     4.9     6.3    12.2    26.2    36.5
    36.6    34.1    31.1    27.9    21.6    14.5    11.0    11.2    15.6    22.5
    29.8    34.2    35.1    34.2    35.4    37.6    35.4    32.1     9.4     4.2
     5.0     6.5     7.2     8.2    12.4    21.6    31.5    36.2    36.4    34.1
    30.0    25.5    20.9    17.1    15.2    14.6    16.0    20.7    29.2    37.7
    42.3    43.5    43.5    43.5    43.5
    13.6    13.6    13.1    11.6     8.9     6.8     5.7     5.2     4.9     4.8
     4.7     4.7     4.7     4.7     5.4     7.8    14.1    26.6    41.9    49.9
    49.1    44.3    38.1    33.3    27.8    21.8    18.0    17.9    22.0    30.0
    38.3    43.0    43.2    43.4    49.2    68.3    87.8   100.0    55.9    24.3
    14.3    12.4    11.9    14.7    23.1    38.2    52.0    56.6    51.5    40.2
    29.2    21.6    17.7    16.0    15.4    15.4    16.6    20.2    27.3    35.6
    41.3    43.1    43.5    43.5    43.5
    13.6    13.6    13.0    11.3     8.6     6.4     5.3     5.0     4.8     4.7
     4.7     4.7     4.7     5.2     7.1    13.2    26.6    44.8    56.7    59.9
    57.0    50.1    42.2    36.2    32.0    29.3    28.7    31.0    36.4    42.3
    45.8    47.5    48.0    49.8    55.8    65.5    82.5   100.0   100.0    69.8
    26.3    16.2    15.8    22.0    36.3    53.7    64.6    65.7    58.4    46.1
    32.1    22.9    17.3    15.6    15.2    15.6    16.2    17.6    21.7    28.0
    34.9    39.5    42.0    43.1    43.5
    13.6    13.4    12.8    11.1     8.5     6.3     5.3     4.9     4.8     4.7
     4.7     4.7     4.9     5.8     9.0    17.4    33.8    51.6    62.3    65.6
    64.6    59.9    50.7    43.5    35.9    32.7    32.8    37.3    42.2    45.9
    47.5    47.9    49.3    52.4    57.7    66.1    80.0    91.2    79.9    50.6
    28.6    21.1    20.7    28.6    43.9    61.0    69.0    68.4    64.1    54.1
    44.4    28.7    19.6    17.9    13.9    14.6    15.4    15.5    16.7    20.5
    26.3    32.4    38.5    42.0    43.5
