diamond 4 10年11月29日08时500百帕相对湿度场
10 11 29 08   0  500
  2.000 -2.000  32.0 160.0  80.0  12.0
  65  35    10.0      .0   100.0  1  0
    56.4    56.4    57.7    59.9    64.4    67.0    66.4    62.6    57.4    50.1
    41.7    33.8    27.2    24.4    23.2    23.8    24.4    26.2    29.9    36.5
    45.2    52.4    56.8    58.1    58.1    58.1    58.1    58.8    59.5    62.5
    66.4    68.8    69.7    68.9    68.1    68.1    67.3    67.3    68.1    68.9
    70.4    72.9    75.4    78.0    80.7    82.6    83.6    84.6    85.6    87.7
    89.8    92.0    93.1    93.1    93.1    92.0    90.9    88.8    87.7    86.7
    85.7    82.7    77.1    72.7    71.1
    56.4    56.4    57.7    60.6    66.0    70.3    71.5    69.0    65.9    59.6
    51.4    41.1    32.6    26.5    25.3    25.0    26.2    29.9    35.5    42.7
    50.5    55.5    57.4    58.1    58.1    58.1    58.1    58.1    59.5    62.5
    67.2    70.4    71.3    70.5    69.7    68.1    67.3    67.3    68.1    69.7
    72.1    74.6    77.1    79.8    81.7    82.6    83.6    83.5    85.6    87.7
    89.8    92.0    93.1    93.1    93.1    92.0    90.9    88.8    87.7    86.7
    85.7    82.7    77.1    72.7    70.2
    56.3    56.3    57.7    61.2    67.4    74.5    76.7    76.6    76.5    76.5
    74.0    64.1    50.7    39.1    33.0    31.8    35.8    43.4    52.0    57.7
    59.2    58.9    58.1    58.1    58.1    58.1    58.1    58.1    59.5    63.2
    68.7    74.6    77.3    77.3    75.6    72.1    70.5    69.6    71.3    73.8
    77.2    80.9    81.8    81.7    81.6    81.6    82.5    83.5    84.6    86.6
    88.7    90.9    92.0    93.1    93.1    92.0    89.8    87.7    86.7    86.7
    85.7    82.7    77.1    71.9    71.1
    56.9    56.9    58.3    62.6    70.4    76.8    79.3    78.4    79.3    82.1
    86.0    83.1    72.3    60.9    52.4    50.3    54.4    61.9    66.6    67.2
    64.2    60.4    58.8    58.1    58.1    58.1    58.1    58.8    60.3    64.0
    70.4    78.2    82.9    84.9    83.9    83.9    81.0    79.1    79.1    80.9
    83.8    84.8    83.7    81.6    79.6    79.5    81.5    83.5    84.6    85.6
    86.6    87.7    89.8    92.0    92.0    89.8    88.8    87.7    87.7    86.7
    85.7    81.8    76.2    71.9    71.1
    60.3    58.9    58.8    65.3    75.9    82.6    80.4    75.7    73.1    77.5
    77.4    76.6    71.4    67.9    65.1    65.3    68.1    70.4    72.2    70.1
    66.9    62.7    59.7    58.1    58.1    58.1    58.8    60.3    62.6    65.7
    70.4    75.5    81.0    83.9    87.9    87.9    87.9    85.9    85.8    87.9
    88.9    87.8    84.7    79.6    76.6    75.6    77.5    81.5    83.5    84.6
    83.5    83.5    85.6    86.6    85.6    84.6    85.7    89.9    89.9    88.8
    82.7    77.1    71.9    71.1    71.1
    60.5    58.3    60.3    70.6    93.9   100.0    88.1    70.5    58.7    54.1
    51.6    50.3    53.8    60.3    66.0    68.9    71.2    72.9    72.9    72.3
    69.5    64.5    60.6    57.7    58.2    59.6    62.6    66.5    68.9    69.8
    69.7    69.5    71.1    73.6    77.1    83.8    85.8    85.8    86.8    89.9
    89.9    88.8    83.7    78.6    72.8    70.8    72.7    77.4    81.5    82.5
    82.5    81.5    78.6    74.1    66.5    64.2    69.9    80.7    84.7    80.8
    70.1    63.0    60.9    64.7    72.9
    67.0    59.3    53.1    71.4   100.0   100.0   100.0    71.1    50.4    40.2
    35.6    39.7    52.0    65.5    73.9    73.8    72.8    72.9    72.9    72.0
    69.5    62.6    55.2    52.3    55.3    60.6    68.2    78.4    80.3    71.5
    64.2    56.8    53.9    53.7    57.7    65.2    72.6    78.0    82.8    87.8
    84.7    80.7    75.1    74.0    70.3    67.4    67.3    70.9    75.6    78.5
    79.5    78.6    72.2    56.0    39.2    33.9    39.0    49.3    58.6    52.1
    42.5    38.7    43.3    51.8    62.7
    64.0    39.6    31.7    68.4   100.0   100.0   100.0    88.4    58.8    44.5
    38.6    44.0    61.0    74.0    78.0    76.0    74.0    72.9    72.9    70.3
    63.7    53.0    44.5    42.1    45.3    53.4    64.3    73.7    69.8    62.0
    49.4    44.6    42.7    43.0    45.0    49.6    56.8    65.0    71.5    71.5
    65.6    55.2    52.0    60.5    69.1    66.3    65.2    65.1    67.7    70.4
    74.0    73.1    60.2    38.7    22.0    14.8    15.1    20.1    23.8    22.3
    19.7    20.7    27.2    38.4    50.1
    31.0    33.0    31.4    70.7    88.0   100.0   100.0    91.8    76.2    66.4
    60.6    61.3    72.4    80.2    78.4    75.6    74.5    73.5    73.5    68.4
    56.3    45.3    37.8    34.9    33.7    34.1    40.5    48.3    45.2    33.4
    33.0    36.0    37.6    39.1    42.8    46.4    51.7    55.7    54.9    50.8
    36.8    32.0    32.2    46.5    57.7    61.3    61.9    57.2    55.2    56.6
    59.5    60.3    48.6    31.3    19.5    14.8    14.8    15.6    18.5    16.3
    15.1    15.9    21.5    30.0    37.6
    43.9    44.9    46.3    53.4    51.2    46.4    50.0    65.5    77.4    79.4
    78.4    78.4    80.5    79.7    77.1    75.3    75.4    78.2    80.2    70.5
    52.2    39.9    36.1    32.6    25.4    18.0    17.4    21.5    22.3    25.6
    30.9    39.4    34.6    34.8    41.7    50.4    55.4    56.0    58.9    62.6
    54.4    38.9    32.5    35.8    40.6    45.9    46.2    46.2    46.2    48.5
    51.6    53.1    46.7    36.4    29.4    26.6    27.5    28.2    24.4    19.6
    17.1    16.9    21.1    27.9    33.3
    32.6    25.3    27.3    21.2    14.1     9.0    19.8    38.3    61.3    74.0
    80.7    84.8    93.3    86.0    78.3    74.8    77.6    90.3    88.4    72.1
    43.3    32.5    35.3    34.1    26.1    14.5    12.0    15.8    19.4    31.9
    52.8    55.3    29.7    28.0    42.7    54.6    58.5    54.1    52.6    76.4
    83.2    68.2    49.8    40.0    36.7    35.2    36.8    38.1    42.1    46.4
    50.7    54.8    54.9    54.3    54.9    62.3    61.9    53.5    32.9    23.9
    20.7    20.9    23.4    28.3    31.8
    31.8    18.1    21.0    23.5     9.5     6.5    15.9    30.3    42.4    52.8
    63.6    83.0    91.2    89.1    75.7    71.4    73.2    85.4    76.5    48.9
    22.7    19.6    33.3    53.2    35.4    25.3    20.1    23.0    32.1    62.9
    82.0    71.3    36.3    35.1    50.6    73.2    71.9    55.5    53.2    61.4
    85.4    82.3    63.6    52.8    42.1    35.0    37.0    38.8    42.3    49.7
    55.5    59.1    59.2    62.9    71.4    90.8    93.1    64.9    39.5    27.6
    24.3    24.3    25.2    27.7    32.3
    48.9    36.2    59.2    62.3    36.6    12.8    18.1    29.2    36.5    40.6
    47.5    58.8    68.9    68.1    59.5    54.5    55.3    56.6    51.7    26.8
    10.4    11.8    39.8    81.8    89.0    63.0    53.8    50.4    61.6    84.7
   100.0    77.5    47.8    50.6    68.3    90.7    93.9    68.5    63.4    63.1
    52.1    46.4    50.1    46.6    39.1    37.8    42.7    49.7    55.5    61.2
    64.3    63.8    61.8    65.8    73.1    83.2    81.3    62.1    40.0    30.0
    26.1    24.4    23.8    27.2    28.8
    46.0    51.6    46.5    59.3    25.7    17.2    22.0    32.9    34.1    32.9
    31.1    30.0    29.7    32.2    36.5    41.7    44.2    44.0    32.7    18.4
    10.5    15.3    45.2    93.1   100.0   100.0   100.0   100.0   100.0    97.8
    92.3    84.0    72.0    68.6    76.3    94.3   100.0    88.4    85.1    76.6
    60.2    51.1    40.8    35.9    30.0    32.0    50.3    65.7    74.8    76.7
    74.6    69.8    67.7    70.4    78.7    76.7    64.1    52.4    40.2    30.6
    25.2    22.5    21.0    21.8    23.7
    54.5    22.7    24.0    13.9    14.7    12.4    23.0    30.3    32.9    28.0
    24.4    22.0    20.9    22.0    28.0    36.6    44.2    48.3    48.2    40.4
    38.4    43.3    61.5    90.3   100.0   100.0   100.0   100.0   100.0   100.0
   100.0    88.3    78.6    69.8    65.6    68.5    74.1    81.3    92.9    89.5
    82.0    66.9    57.2    38.0    24.7    28.0    49.4    77.6    95.0    92.7
    87.5    80.3    75.3    80.6    69.5    57.4    46.0    45.1    38.6    31.0
    24.8    21.4    19.5    20.0    20.8
    63.2    68.8    48.8    47.5    23.4    20.4    27.7    30.0    27.0    21.0
    18.9    18.5    18.1    18.9    23.1    34.6    48.1    59.3    65.1    65.0
    69.4    72.1    76.3    87.8   100.0   100.0   100.0   100.0   100.0   100.0
   100.0    85.6    74.4    62.9    57.0    54.0    54.1    59.1    76.2    89.5
    91.9    81.3    59.9    33.8    19.0    17.5    37.8    62.1    83.4   100.0
   100.0   100.0    83.2    65.8    50.6    47.5    44.3    47.4    41.6    34.6
    27.2    22.6    20.4    20.3    20.8
    91.6   100.0   100.0    80.9    53.4    41.5    38.9    32.0    22.9    18.6
    16.7    16.7    16.6    17.6    22.6    34.8    51.5    64.5    67.8    68.8
    72.5    67.5    50.8    51.5    68.8   100.0    82.5    28.5    82.1   100.0
    80.0    53.0    42.2    49.4    51.4    49.9    44.8    44.2    55.4    85.4
    94.2    85.5    70.1    32.5    31.0    22.6    14.4    20.2    41.1    73.5
    92.3   100.0    85.0    56.2    58.5    60.0    72.6    61.4    52.7    40.9
    32.1    25.7    22.1    21.0    20.8
    82.3    87.3    83.0    77.1    68.0    61.8    50.8    34.0    22.8    18.0
    16.2    15.6    16.3    17.6    21.8    33.2    48.6    59.2    58.4    53.3
    46.1    33.0    16.3     8.4     1.5    13.1     6.1     2.8    28.3    48.3
    31.5     8.6     8.3    19.6    42.0    47.6    38.3    30.9    40.3    76.5
   100.0   100.0    93.2    69.6    80.5    35.0    12.9     7.6     7.2    19.7
    33.4    68.8    67.7    24.1    21.3    26.2    41.9    46.9    46.2    39.5
    32.9    27.2    23.5    21.5    20.8
    78.6    75.5    68.9    66.1    64.9    69.8    59.6    38.7    23.7    19.0
    16.6    15.6    15.0    15.0    17.7    24.7    35.8    42.5    41.3    36.3
    29.8    20.8    11.5     7.2     1.4     2.2     2.5     5.5    14.6    20.1
     5.0     1.3     3.8    16.0    39.5    47.4    26.1    18.6    28.5    48.9
    77.3    82.6    76.9    78.5    58.0    32.9    36.5    20.0     3.9     1.4
     5.9    34.6    34.5    10.1     2.5     3.2     4.8    18.7    25.3    27.2
    26.2    24.1    22.1    21.0    20.7
    87.6    77.9    69.1    65.1    64.0    66.7    60.4    42.6    28.2    20.9
    17.3    14.8    13.4    12.4    13.0    16.2    22.4    28.6    31.2    29.8
    25.4    19.1    14.3    17.2    20.0    21.9    33.6    24.5    24.3    14.2
     2.3     2.0     5.6    13.4    26.0    28.0    17.6     9.3    10.9    17.7
    26.2    37.3    44.7    60.7    49.8    43.1    56.5    44.8     8.9      .9
      .9    16.9    33.5    18.5     9.5     7.0     6.8    12.3    15.8    17.9
    18.9    19.3    19.6    19.6    19.6
    78.8    83.5    70.6    65.1    65.9    64.7    58.2    43.0    29.9    21.2
    16.4    13.7    12.0    11.1    11.2    12.6    16.0    21.1    25.7    27.0
    24.2    19.0    16.7    26.0    56.7    82.0    98.0    66.9    60.5    30.2
    11.7     8.3    10.8    15.1    17.9    16.1     9.8     4.1     5.8     9.6
    10.7    17.1    25.0    33.3    48.3    68.3    80.5    61.9    23.3     1.3
     3.5    29.6   100.0    61.9    31.4    24.0    23.2    17.3    16.9    16.6
    16.5    16.8    17.0    17.6    17.9
    61.1    77.4    66.1    62.2    59.3    54.3    42.4    29.2    20.3    15.4
    12.9    11.7    11.1    10.7    10.8    11.2    12.6    15.8    19.8    21.9
    20.0    16.2    12.9     9.5    10.5    19.2    52.0   100.0    73.0    42.2
    26.6    35.0    32.9    27.9    26.4    21.4     7.9     2.5     6.3    13.2
     6.6    13.6    21.8    15.1    30.6    61.3    65.4    47.9    17.6     3.5
     5.2    43.8    82.9    55.9    21.7    20.9    19.0    17.7    15.8    15.0
    14.4    14.1    14.7    15.8    16.5
    42.8    47.6    47.2    44.5    40.7    33.2    20.3    12.0     9.9     9.6
    10.0    10.7    10.8    10.7    10.7    10.7    10.9    11.9    15.5    17.8
    15.8    12.3     8.2     2.8     2.3     3.0    12.3    61.7    38.3    21.8
    27.7    36.5    35.8    28.8    26.4    19.7     9.1    12.1    21.5    28.5
     7.4     8.4    11.6     8.2     7.9    10.4    17.2    18.1     8.8     3.0
     2.3     6.6    12.5    11.9     7.9     6.4     8.8     9.4    11.0    11.7
    12.0    12.8    13.8    14.7    15.4
    35.3    33.1    32.1    31.1    27.7    20.8    12.5     9.6     8.8     8.5
     8.5     9.2    10.0    10.6    10.7    10.7    10.7    10.8    10.9     9.4
     7.4     6.3     4.6     2.3     1.9     2.0     3.9     7.5     5.8     5.3
     6.3    13.3     4.9     7.6    12.5    20.9    23.8    24.5    12.7     8.7
     9.8     4.1     2.7     5.8     6.3     4.2     4.6     7.5     6.7     4.5
     3.0     2.1     2.7     5.0     7.7     9.8    10.1    11.3    11.8    12.6
    12.8    13.2    13.8    14.4    14.8
    30.3    29.3    28.8    27.9    24.0    17.4    10.9     9.5     9.2     8.6
     8.2     8.3     8.7     9.4    10.2    10.3    10.2     8.9     5.9     3.9
     3.4     3.6     3.7     3.2     2.6     2.0     1.5     1.3     1.3      .8
     2.8    13.9    20.7    32.2    42.8    68.7    54.4    30.2     9.0     2.9
     4.4     4.1     6.0    15.5     9.6     2.3      .8     9.3    28.1    23.7
    16.0     3.2     2.0     5.1    11.7    17.5    17.4    18.7    19.2    17.4
    15.2    14.3    14.2    14.3    14.5
    29.4    28.6    28.3    27.1    22.5    15.9    10.5     9.5     9.3     8.7
     8.3     8.2     8.2     7.9     7.6     7.6     7.2     5.4     3.7     3.2
     3.4     3.6     3.6     3.2     2.3     1.5     1.1      .9     1.0      .8
     5.7    50.7    97.4    86.3    77.7    57.4    46.2    31.4     9.7     2.1
     2.5     8.1    53.2    84.0    53.9    25.1     9.2    46.5    74.8    81.3
    62.8    12.4     5.9     8.5    17.7    25.6    30.1    31.9    28.4    22.0
    17.1    15.1    14.5    14.4    14.5
    29.1    28.9    28.3    26.0    20.2    13.5    10.1     9.5     9.3     8.9
     8.3     8.2     7.1     5.4     4.3     4.1     4.0     3.6     3.2     3.1
     3.3     3.6     3.4     2.6     2.0     1.5     1.2     1.0     1.7     4.3
    46.0    39.5    47.1    70.1    57.7    36.6    25.9    29.3    17.0     5.8
     7.7    23.8    82.2    96.5    87.6    90.0    95.7    80.9   100.0    89.1
    59.6    33.2    21.4    24.4    32.0    37.9    40.4    38.3    31.5    22.8
    17.2    15.1    14.6    14.4    14.4
    29.1    29.1    27.9    24.3    17.6    11.0     9.5     9.4     9.3     9.2
     8.3     6.7     4.0     3.3     3.2     3.2     3.2     3.1     3.1     3.1
     3.3     3.4     3.2     2.4     1.8     1.5     1.3     1.5     4.7    28.2
    58.5    24.2    28.0    53.8    52.8    35.5    24.7    33.9    40.7    29.7
    26.1    27.1    42.4    38.3    32.3    40.7    50.6    62.1    76.6    67.9
    56.8    44.7    41.1    40.1    42.3    42.9    42.2    37.1    28.9    20.8
    16.1    14.7    14.5    14.6    14.5
    29.1    29.1    27.9    23.8    16.7    10.7     9.4     9.3     9.4     8.7
     6.7     4.5     3.3     3.1     3.1     3.2     3.1     3.1     3.1     3.0
     2.9     2.9     2.6     2.0     1.7     1.9     2.9     2.7     7.2    36.6
    90.3   100.0    58.7    58.6    57.8    53.2    45.7    43.3    41.0    34.9
    22.4    20.9    20.6    18.9    17.3    21.1    30.3    43.2    47.4    46.8
    46.1    46.5    45.7    44.9    43.3    42.1    39.9    33.8    25.1    18.4
    15.2    14.6    14.4    14.5    14.5
    29.1    29.1    27.9    23.5    16.6    10.7     9.6     9.5     9.1     7.0
     4.7     3.4     3.1     3.1     3.1     3.2     3.1     3.1     3.1     3.3
     3.3     3.3     3.3     3.2     3.6     5.1     7.0     6.4     7.9    25.0
   100.0    93.3    77.9    65.5    59.4    47.8    23.7     8.5    16.5    14.7
    10.7    12.1    12.7    10.5     6.7     7.6    18.5    28.9    35.8    41.2
    45.4    48.4    48.0    45.4    42.9    41.4    37.7    30.8    22.4    17.0
    15.0    14.4    14.6    14.6    14.6
    29.1    29.1    27.9    23.6    16.5    10.8     9.6     9.4     8.5     5.9
     4.0     3.2     3.1     3.1     3.2     3.1     3.1     3.2     3.4     4.3
     5.1     5.5     5.8     5.7     6.2     7.7     8.5     8.1     8.7    20.0
    54.5    78.6    67.0    57.7    43.0    22.9     2.8     1.7     4.1     6.0
     3.9     6.6     7.4     5.0     3.3     3.2     4.9     9.5    19.3    33.3
    46.5    52.9    52.0    48.0    44.5    41.7    37.2    29.5    21.7    16.8
    15.0    14.6    14.6    14.6    14.6
    29.1    29.1    27.9    23.4    16.6    10.8     9.6     9.2     7.8     5.3
     3.7     3.2     3.1     3.1     3.1     3.1     3.2     3.3     4.2     5.6
     6.2     6.2     5.9     5.7     6.2     7.3     8.3     8.9    10.2    16.1
    33.2    45.3    47.0    37.8    23.4     8.0     2.2     1.3     2.3     3.3
     4.1     3.8     3.6     2.5     2.1     2.1     3.0     5.3    11.4    24.8
    42.2    53.8    56.3    54.6    51.2    46.9    40.6    31.2    22.4    17.0
    15.0    14.6    14.6    14.6    14.6
    29.1    29.1    27.7    23.4    16.7    11.5     9.5     8.4     6.9     5.0
     3.8     3.3     3.1     3.1     3.1     3.2     3.3     3.8     4.8     5.8
     6.2     6.2     5.9     5.7     5.8     6.7     8.4    10.5    15.3    25.0
    39.3    48.1    45.2    33.1    18.6     8.1     3.5     2.0     2.0     2.2
     2.5     2.7     2.7     2.6     2.6     3.7     6.2     9.9    16.9    29.8
    45.2    56.3    60.2    60.4    58.8    56.1    49.4    38.9    26.9    19.0
    15.6    14.4    14.4    14.6    14.6
    29.1    29.1    27.7    23.2    16.3    11.4     9.2     7.9     6.5     4.8
     3.7     3.3     3.1     3.1     3.1     3.2     3.5     4.2     5.2     6.0
     6.3     6.1     5.8     5.6     5.5     6.3     8.6    13.9    24.3    38.8
    52.1    56.0    52.5    44.7    32.3    23.4    19.9    11.5     6.8     4.5
     4.3     4.2     4.4     5.1     8.2    15.7    25.8    32.9    38.3    47.0
    55.0    58.6    61.3    62.4    62.4    61.3    58.2    46.7    31.1    19.3
    13.9    12.4    13.1    14.4    14.6
    29.1    28.8    27.4    22.8    16.2    11.4     9.0     7.7     6.3     4.7
     3.7     3.3     3.1     3.1     3.1     3.2     3.6     4.3     5.3     6.0
     6.3     6.2     6.0     5.8     6.0     6.9     9.5    16.1    28.8    45.2
    54.8    57.8    55.6    52.6    44.3    40.2    63.3    54.8    42.6    17.5
    12.5     9.6     9.2    10.4    15.3    31.5    45.6    52.9    46.8    50.2
    53.0    56.4    59.9    60.4    64.0    63.5    55.4    40.8    22.0    11.6
     7.7     7.6    10.4    13.0    14.6
