diamond 4 10年11月29日20时500百帕相对湿度场
10 11 29 20   0  500
  2.000 -2.000  32.0 160.0  80.0  12.0
  65  35    10.0      .0   100.0  1  0
    72.6    71.8    70.2    66.5    62.1    57.8    56.2    55.2    54.2    53.2
    51.6    50.0    49.2    48.4    48.6    48.6    49.1    50.0    50.0    50.6
    50.4    49.0    48.7    48.6    48.5    48.5    48.5    48.5    50.4    54.9
    64.4    75.3    81.9    84.9    84.9    84.9    84.9    82.9    79.9    76.2
    73.4    72.6    72.5    73.3    75.0    75.9    76.8    76.8    76.8    76.8
    76.8    76.8    77.7    78.7    80.6    82.6    83.6    83.6    83.6    83.6
    83.6    83.6    83.6    83.6    82.6
    72.6    71.8    70.2    66.5    61.3    57.7    56.4    56.1    55.8    54.8
    54.4    52.1    49.9    48.6    49.0    49.0    50.1    52.3    53.1    52.7
    51.2    49.5    48.6    48.5    48.5    48.5    48.5    48.5    49.8    54.3
    64.4    76.3    82.9    84.9    84.9    84.9    84.9    82.9    79.9    76.2
    73.4    72.6    72.5    73.3    75.0    76.8    76.8    76.8    76.8    76.8
    76.8    76.8    76.8    78.7    80.6    82.6    83.6    83.6    83.6    83.6
    83.6    83.6    83.6    82.6    81.6
    72.6    71.7    70.2    66.5    61.3    57.7    56.4    57.1    57.6    59.5
    61.4    59.4    54.9    51.4    50.0    51.4    55.4    60.1    62.3    59.9
    54.9    50.0    48.6    48.5    48.5    48.5    48.5    48.5    49.8    54.3
    64.4    75.3    82.9    84.9    84.9    84.9    84.9    82.9    79.9    76.2
    73.4    72.6    72.5    74.2    76.0    76.8    76.8    76.8    76.8    76.8
    76.8    75.9    75.9    76.8    79.6    81.6    83.6    83.6    83.6    83.6
    83.6    83.6    81.6    79.8    77.0
    72.6    71.7    70.2    66.5    61.3    56.9    54.9    56.3    58.4    61.3
    65.7    65.5    59.2    55.4    54.3    57.3    62.8    68.5    70.4    65.9
    59.0    51.9    49.2    48.5    48.5    48.5    48.5    48.5    49.2    53.0
    62.2    73.6    81.9    83.9    84.9    85.9    85.9    82.9    79.9    76.2
    73.4    72.6    73.4    75.1    77.8    78.7    78.7    77.7    76.8    76.8
    75.9    74.0    73.1    74.0    76.8    80.6    82.6    83.6    83.6    83.6
    83.6    81.6    77.0    72.7    69.4
    73.3    71.6    70.1    67.2    61.3    54.2    50.2    50.9    53.0    56.4
    55.7    54.9    51.0    52.0    55.5    61.4    68.6    72.9    73.7    70.3
    63.4    55.4    50.6    48.6    48.6    48.5    48.6    47.5    46.4    47.7
    54.6    66.2    75.4    80.0    83.9    84.9    84.9    81.9    79.0    76.2
    74.4    73.4    74.3    76.9    81.6    84.6    82.5    79.6    77.7    75.9
    73.1    70.5    68.0    68.0    71.4    75.9    80.6    84.6    85.6    84.6
    80.7    76.1    68.6    62.6    59.8
    73.4    71.6    73.2    71.5    67.0    56.9    48.3    44.3    41.5    35.6
    30.6    29.4    35.8    47.1    59.4    67.3    71.9    74.7    75.7    73.0
    68.8    60.5    52.9    48.9    48.2    48.1    46.5    42.8    38.0    35.9
    39.6    48.0    57.3    63.8    69.3    77.2    80.0    78.1    76.2    75.3
    74.4    74.3    74.3    78.8    85.6    89.8    88.7    83.5    77.7    73.1
    69.6    65.5    63.2    61.8    61.9    65.8    72.5    79.7    82.6    80.7
    72.7    64.8    57.0    51.4    50.0
    77.9    76.9    75.5    82.7    84.9    69.0    54.9    44.5    34.5    24.1
    18.0    21.8    38.9    62.9    78.6    78.7    75.7    75.7    75.7    74.7
    69.5    60.0    49.4    44.6    44.9    45.4    42.7    36.0    29.8    27.3
    28.3    32.6    35.7    38.2    43.7    52.5    61.4    67.6    70.9    72.6
    70.8    69.9    69.8    77.8    85.6    92.0    91.9    86.6    75.8    68.8
    64.7    62.4    60.2    55.6    51.3    50.3    55.3    62.3    67.8    65.7
    58.7    51.6    45.6    43.4    43.9
    74.5    69.3    69.5    95.2   100.0    90.5    65.1    51.2    39.6    28.3
    22.0    28.3    56.0    82.8    88.3    81.9    76.8    75.8    75.8    72.2
    62.8    48.5    37.5    33.3    35.8    39.9    39.1    33.1    27.2    25.3
    25.3    26.7    27.2    26.9    29.6    35.2    45.2    54.2    61.2    62.6
    59.5    53.8    53.8    64.8    77.8    82.6    83.6    78.7    66.4    59.5
    58.8    58.8    54.9    47.7    41.7    38.1    38.5    39.8    42.1    45.5
    45.7    44.1    41.6    40.7    41.7
    49.1    56.0    61.4    85.9    97.6    96.4    78.7    71.4    68.0    61.8
    55.0    57.0    77.8    92.9    85.3    78.2    75.3    76.2    77.3    70.1
    53.3    38.7    30.7    29.6    34.8    43.4    44.6    36.3    28.3    24.1
    23.5    22.6    22.3    24.2    29.6    37.8    48.4    54.0    52.5    51.0
    41.0    37.4    37.6    51.2    61.8    66.6    66.6    57.6    46.8    43.0
    44.6    47.5    43.8    38.7    34.5    32.7    31.5    29.6    27.5    32.5
    36.9    40.5    40.5    41.5    43.5
    37.0    44.4    54.0    65.5    69.8    70.8    65.7    72.0    88.4    90.7
    86.3    83.1    86.3    82.3    76.6    72.2    74.2    81.9    88.0    76.5
    51.2    33.3    27.3    28.3    37.8    56.4    61.7    45.2    30.4    23.5
    20.5    18.6    17.8    21.8    33.8    56.9    72.3    61.6    57.9    61.4
    57.6    44.1    37.5    41.3    44.9    46.2    41.9    36.7    33.4    33.8
    34.7    33.0    27.6    25.3    26.6    27.9    26.2    20.8    16.1    17.0
    23.3    30.7    36.5    42.9    47.1
    23.2    29.6    35.2    38.6    38.2    36.5    42.3    51.8    65.4    80.2
    86.4    85.5    87.6    80.6    73.2    69.1    72.0    92.4    98.9    82.5
    44.4    27.6    23.2    26.7    39.2    70.7    82.1    57.3    34.1    23.3
    18.8    16.2    14.5    18.0    35.9    53.0    61.8    50.6    46.8    69.6
    78.6    66.2    46.9    39.5    36.8    34.3    28.2    26.0    28.1    30.4
    29.3    23.4    17.0    16.2    19.4    23.8    23.5    18.2    10.8    10.2
    12.5    19.5    29.9    42.9    51.7
    21.1    26.0    25.0    21.6    22.6    24.1    28.9    32.1    34.1    40.6
    54.6    73.0    81.6    80.7    70.6    63.4    54.6    69.2    76.2    55.7
    26.1    16.3    15.8    17.6    36.3    65.3    84.7    66.4    39.0    24.2
    19.2    16.9    15.2    16.4    18.9    25.4    34.9    35.0    41.5    51.3
    72.4    66.6    44.4    37.8    34.2    31.9    27.0    26.1    28.3    32.9
    28.7    19.7    13.7    13.9    17.3    23.2    22.9    16.5    10.2     7.1
     7.9    13.6    25.7    43.5    59.6
    37.0    50.9    37.0    21.2    17.8    27.3    32.1    32.1    28.6    29.9
    37.4    55.4    70.4    72.1    68.4    62.0    52.6    49.5    47.3    30.7
    13.8    11.8    12.2    15.3    22.9    61.7    82.0    71.1    47.5    32.8
    27.2    26.1    21.2    19.9    16.4    14.1    18.0    34.0    48.9    55.2
    39.1    33.6    35.8    38.4    39.8    39.4    36.0    39.6    44.9    46.0
    35.1    21.5    16.0    19.2    25.9    32.3    30.3    21.3    12.3     8.4
     9.4    15.7    28.9    49.7    59.9
    87.8   100.0    78.7    44.5    46.4    52.3    60.1    54.6    38.0    31.4
    36.5    45.7    50.8    53.8    60.6    71.2    59.9    42.9    28.3    15.4
    10.6    15.1    38.6    38.7    33.0    63.0    79.5    78.5    73.5    59.3
    66.8    84.0    67.1    34.5    22.3    15.4    21.2    48.2    77.9    76.5
    50.6    42.2    36.7    48.3    48.5    48.6    49.1    59.8    69.8    65.1
    44.9    27.7    24.1    32.6    54.4    69.8    61.7    42.3    23.2    15.1
    16.2    24.5    35.7    47.0    53.8
   100.0   100.0    99.0    79.6    74.3    78.1    85.0    75.0    57.1    42.2
    39.0    42.5    42.5    42.5    52.7    69.4    64.6    46.1    22.1    10.6
     7.3    14.2    66.7   100.0    60.2    42.9    47.9    87.9   100.0    62.3
    67.4    99.0    99.0    60.0    36.4    30.0    38.7    65.1    92.9    92.8
    78.6    66.2    64.1    58.8    48.8    40.6    37.4    73.2   100.0    69.6
    44.1    35.9    39.7    63.4    83.1    92.2    90.1    72.3    47.1    32.6
    30.6    36.1    42.6    47.8    50.8
   100.0   100.0   100.0    96.2    90.5    85.8    96.1    83.5    65.2    48.0
    41.0    40.7    38.0    37.3    42.5    52.6    49.6    36.5    21.9    11.1
     6.8    11.2    49.1    78.3    23.6     7.3     9.9    47.1   100.0    61.8
    52.3    75.7   100.0    82.3    58.0    43.5    45.5    58.0    79.3    93.2
    96.4    86.3    71.4    54.7    39.0    28.9    13.6    27.0    59.0    33.8
    21.1    29.2    46.3    64.8    85.0    92.2    92.2    83.0    65.1    49.8
    44.2    43.9    45.7    47.2    49.0
    94.5   100.0   100.0   100.0    95.2    67.4    63.9    71.7    62.8    48.0
    39.5    37.1    35.6    34.2    35.3    36.9    34.8    30.0    22.6    13.8
     6.9     7.5    13.1     9.1     3.0      .9     2.9    35.1    82.0    55.4
    32.2    45.1    85.3    80.9    65.7    51.5    43.7    46.2    59.2    93.4
   100.0    76.7    53.8    39.3    37.1    33.4    19.5    14.9    15.6    10.6
    23.0    39.5    48.6    56.1    70.4    79.1    86.9    79.1    68.8    58.2
    51.9    48.9    47.6    47.6    48.4
    81.0    82.6    88.4    89.2    73.4    37.9    29.5    42.3    53.4    47.6
    39.3    36.0    35.4    33.3    31.0    30.3    30.1    30.4    28.4    23.7
    20.1    29.2    69.9    12.4     1.1      .8     3.2    18.9    40.7    19.6
    17.5    51.4    74.0    67.9    63.4    53.5    36.6    26.1    35.1    82.7
   100.0    39.1    15.6    13.1    28.5    41.3    31.0    21.5    14.7    10.0
    26.3    41.2    45.9    32.1    33.2    39.4    52.1    56.7    57.5    54.5
    51.1    48.6    47.4    47.6    48.0
    67.1    78.7    81.9    73.1    56.8    26.6    18.0    30.7    44.4    43.5
    39.2    34.7    29.9    24.8    22.0    22.8    27.1    31.8    34.6    35.7
    41.3    58.5   100.0    32.5     1.7     1.5     5.2     9.6    23.9    15.3
    32.0    75.5    73.2    58.7    52.0    44.8    18.6     8.4     8.1    35.4
    79.9    30.4     8.0     7.2    16.8    46.7    40.2    30.6    27.2    18.3
    26.9    43.2    36.6    18.9    11.2    12.5    16.0    27.3    32.9    35.3
    36.9    38.8    41.4    45.0    47.2
    69.9    76.4    79.6    75.3    60.5    36.9    22.0    22.4    28.3    31.4
    30.6    26.1    19.8    15.0    13.3    15.3    21.5    29.9    36.1    38.6
    40.8    44.9    56.1    16.3     2.1     3.9     5.8     2.6     6.2    12.7
    38.8    34.0    27.0    20.1    20.5    22.1    15.5     3.2     2.5     8.8
    17.7    16.4     7.6     4.7     2.8     9.6    38.0    57.9    53.4    26.3
    25.9    53.8    47.3    24.4    12.8     9.0     8.8    13.7    17.0    19.3
    21.9    26.3    32.9    40.7    44.8
    49.8    66.7    70.7    75.1    60.7    34.8    16.2    10.6     9.9    11.9
    14.1    14.2    12.4    10.7    10.3    11.8    16.2    24.0    31.9    34.2
    29.2    21.6    15.7     6.7     2.6     5.5     8.5     1.9     4.2     8.1
    11.6     9.9    11.1     8.9    10.2    12.8     8.7     2.5     2.5     7.7
    10.1    12.3     9.0     3.8     1.0     3.0    26.0    67.9    89.5    37.1
    67.7   100.0   100.0    74.2    22.2    12.1     8.5    11.6    12.9    13.9
    15.3    19.2    26.5    36.3    41.4
    26.1    34.9    35.1    42.0    34.6    17.9     8.3     5.3     5.1     6.4
     8.6     9.8     9.9     9.7     9.7    10.3    12.2    16.6    22.7    24.1
    18.0    11.3     9.6     9.0     8.2     9.1     7.8     4.9     4.9     7.7
    12.3    20.1    21.0    14.0    12.0    10.8     7.2     3.0     6.4    16.3
    11.6    15.0    17.0     6.0     3.1     3.2    14.3    34.1    50.0    83.5
    55.8   100.0   100.0    68.4    18.4    11.7     9.2     9.5    10.5    11.5
    13.2    16.9    25.0    33.9    38.9
     9.5     7.3     7.9    13.7    11.7     5.9     4.2     3.9     4.3     6.0
     8.9     9.8     9.8     9.7     9.7     9.7     9.9    11.3    16.2    19.4
    13.7     9.5    11.3    15.0    15.7    15.9    10.9     5.3     6.0     8.2
    13.6    32.8    40.0    30.0    14.1    24.7    28.4     9.4    21.2    36.9
    15.9    12.9     9.7     7.1     9.0     9.7     7.1    12.6    18.7    16.0
    11.7     9.6    11.2     7.8     6.6     7.0     7.2     8.0     9.3    11.5
    15.2    21.3    28.3    34.5    37.8
     6.4     6.5     9.2    10.9     9.0     5.3     4.1     4.4     5.4     7.0
     9.5    10.5    10.3    10.0     9.8     9.7     9.7    10.1    11.6    13.2
    11.5     9.1    11.2    15.8    17.5    17.5    12.3     7.6     7.3     6.2
     8.5    14.6    13.5    13.6    13.8    38.3    33.5    32.1    65.4    45.6
     4.1     3.2     2.6     3.6     6.3     6.2     5.4     6.6     8.3     5.1
     1.5     2.1     1.3     1.2     2.2     4.8     7.5    10.1    13.1    17.4
    23.6    29.7    33.4    36.2    37.6
    10.8    11.2    12.9    12.6     9.6     5.9     5.1     6.3     7.7     8.9
    10.3    10.9    10.4    10.1    10.1    10.1    10.0     9.8     9.6     9.0
     8.8     8.6     8.8     9.5    10.9    12.7    11.8    10.0     8.7     8.4
     8.4    10.5    12.3    26.2    48.5    52.0    28.7    50.6    75.2    43.2
     5.8     2.2     1.5     1.9     2.8     1.8     1.6     9.0    40.0    30.0
    21.0     3.2     1.0      .7     2.6     7.4    16.0    23.2    28.1    31.3
    34.0    36.1    36.9    37.2    37.9
    12.2    15.3    16.2    14.4    11.9     9.8     9.6    11.5    12.2    11.6
    10.7     9.9     8.6     8.4     8.8     9.6     9.7     9.4     8.9     8.5
     8.4     8.4     8.4     8.6     8.9    10.1    11.3    11.0    10.3     9.9
    10.0    12.0    16.4    47.2    95.8    82.5    58.4    29.0    29.4    32.3
    33.4    16.9     5.5     1.8     2.2     3.6     6.0    36.0    82.5   100.0
   100.0    15.3     4.4     4.6    13.2    31.4    43.5    48.0    46.6    43.4
    40.5    39.0    38.0    38.0    38.1
    13.6    14.8    15.1    13.7    12.4    12.1    12.7    13.4    13.4    12.3
     8.8     6.6     6.0     5.9     6.1     6.8     7.3     8.1     8.5     8.6
     8.5     8.5     8.4     8.5     8.8    10.1    13.0    14.8    13.9    12.2
    10.4     9.1    10.5    31.5    54.2    65.1    59.6    20.4    12.8    19.3
    58.4    65.3    19.6     2.9     3.2    11.5    36.7    67.5   100.0    90.9
    57.5    31.6    20.5    25.6    43.1    56.3    60.3    57.2    52.5    46.1
    41.2    39.2    38.4    38.2    38.3
    12.5    13.1    13.1    12.5    12.3    12.5    12.8    13.1    12.8    11.0
     6.9     5.9     5.7     5.7     5.7     5.8     6.1     7.1     8.3     8.8
     8.8     8.6     8.5     8.5     8.9    11.5    17.4    18.7    17.1    14.1
     9.1     4.0     1.3     2.1     9.1    46.8    52.5    23.6    25.1    33.3
    53.3    60.0    28.5    10.8     9.9    21.6    53.1    84.9    83.6    57.5
    42.5    32.6    37.2    45.9    57.8    61.7    61.7    57.0    51.4    44.7
    40.3    38.9    38.5    38.4    38.3
    12.2    12.1    12.2    12.0    12.1    12.3    12.3    12.0    10.4     7.8
     6.1     5.8     5.7     5.8     5.8     5.8     6.3     7.8     9.2     9.6
     9.5     9.2     8.9     8.8    10.2    19.3    31.3    24.8    20.2    15.7
     9.6     3.3      .7      .9     4.4    41.1    57.1    40.9    37.9    40.0
    31.7    36.2    22.5    23.6    33.7    46.8    78.9    92.8    63.3    38.5
    30.6    33.3    40.2    50.4    57.5    60.0    59.0    54.6    48.3    42.4
    39.2    38.6    38.5    38.5    38.5
    11.9    11.9    11.8    11.8    11.4    11.2    10.6     9.7     7.8     6.3
     5.8     5.7     5.7     5.8     5.8     6.3     7.6     9.0     9.7     9.8
     9.7     9.7     9.5     9.4    10.3    21.0    36.1    32.3    23.8    17.8
    11.0     3.7     1.1     1.1     5.1    25.3    42.2    38.7    28.1    11.9
     8.8    14.3    13.0    14.2    33.7    59.7    97.6   100.0    62.4    38.3
    32.2    35.9    43.3    51.0    56.5    58.4    57.4    52.7    46.2    41.3
    39.3    38.6    38.6    38.5    38.5
    11.9    11.9    11.7    11.4    10.8     9.8     8.9     8.0     6.8     6.0
     5.8     5.8     5.8     5.8     6.1     7.3     9.0     9.7     9.8     9.8
     9.8     9.8     9.3     7.8     6.7     8.4    17.1    25.5    27.1    21.0
    14.3     6.6     2.6     2.5     5.7    14.2    17.2    13.2     9.8     4.9
     1.2     6.2    12.2     9.6    20.5    45.1    68.8    75.4    61.4    45.0
    39.7    41.9    45.3    49.4    53.3    56.1    55.5    51.4    45.1    41.0
    38.9    38.6    38.6    38.6    38.6
    11.9    11.9    11.7    11.1     9.9     8.5     7.7     7.1     6.3     5.9
     5.8     5.8     5.8     5.9     6.5     8.1     9.5     9.8     9.8     9.8
     9.8     9.8     9.0     6.8     5.7     5.8     8.6    17.2    23.8    25.3
    21.3    14.1     8.1     5.9     6.1     6.4     4.9     2.7     2.9     3.1
     3.5     3.9     5.9     8.4    15.9    26.7    38.1    44.3    44.7    42.0
    41.0    40.0    39.1    40.2    43.0    46.7    48.7    47.3    43.3    40.3
    38.9    38.6    38.6    38.6    38.6
    11.9    11.9    11.6    10.9     9.4     7.9     7.0     6.5     6.2     5.9
     5.8     5.8     5.8     6.1     6.9     8.2     9.2     9.8    10.0    10.3
    10.5    10.8    11.2     9.4     7.6     6.4     6.2    10.2    17.5    25.5
    29.5    27.4    21.0    14.7     9.9     6.0     4.0     2.2     2.1     2.3
     2.9     3.9     5.9     9.1    13.8    18.8    22.3    25.0    27.6    30.9
    33.8    34.3    33.0    32.8    33.6    35.6    37.7    38.8    38.6    38.5
    38.3    38.6    38.6    38.6    38.6
    11.9    11.9    11.6    10.7     9.0     7.5     6.6     6.2     6.0     5.8
     5.8     5.8     5.9     6.3     7.1     8.4     9.8    10.7    11.6    11.9
    12.9    17.9    28.5    29.1    20.3    13.1    10.2    12.5    20.1    28.7
    34.6    35.6    33.2    28.9    23.1    18.9    17.2     9.7     5.9     3.9
     4.5     5.9     8.5    12.0    15.7    18.3    19.4    19.9    21.5    25.4
    30.2    32.7    31.6    30.8    30.8    31.6    32.3    32.7    33.3    34.5
    35.8    37.2    37.9    38.6    38.6
    11.9    11.9    11.5    10.4     8.8     7.4     6.5     6.2     6.0     5.8
     5.8     5.8     5.9     6.4     7.4     9.0    10.6    12.4    12.9    13.4
    13.7    20.3    36.1    60.7    57.1    29.6    20.8    19.0    24.7    32.3
    36.0    37.4    36.7    35.8    32.8    31.7    50.8    44.3    35.1    15.6
    11.9    11.2    12.9    15.3    17.5    18.7    19.0    19.4    21.8    27.1
    35.2    36.3    33.5    33.5    28.9    29.7    30.7    30.2    29.6    30.3
    31.7    33.9    36.5    37.9    38.6
