diamond 4 10年12月02日08时500百帕相对湿度场
10 12 02 08   0  500
  2.000 -2.000  32.0 160.0  80.0  12.0
  65  35    10.0      .0   100.0  1  0
    61.6    61.6    62.0    63.0    63.2    61.7    58.8    56.0    55.7    58.0
    62.6    68.6    75.1    79.4    80.3    79.4    79.4    79.2    79.0    78.7
    78.2    78.5    79.9    74.2    61.2    51.0    45.8    44.5    45.0    46.6
    48.9    50.0    50.0    50.0    49.4    48.9    48.3    48.3    48.9    48.8
    49.4    50.5    52.3    55.5    58.9    61.7    63.3    62.5    60.4    56.9
    53.1    50.1    49.0    49.1    49.7    51.5    56.1    63.2    70.4    73.8
    75.6    75.6    75.6    75.6    75.6
    61.7    61.6    62.1    63.1    63.9    62.6    58.9    54.8    53.1    54.6
    58.8    64.2    70.3    76.1    78.3    79.3    79.2    77.9    77.5    76.3
    75.8    78.8    81.2    76.4    62.3    50.8    45.3    44.0    44.4    46.6
    49.4    51.8    51.8    51.2    50.0    48.8    48.3    48.3    48.9    49.4
    50.0    51.1    52.9    55.5    58.9    61.7    63.2    63.3    61.1    57.6
    53.7    50.8    49.0    48.5    49.1    52.1    57.4    65.5    71.2    74.7
    75.6    75.6    75.6    75.6    75.6
    61.7    61.6    62.1    63.9    64.8    64.3    59.9    54.4    51.3    51.2
    53.8    56.5    59.6    64.3    69.5    73.8    75.5    75.0    73.8    72.9
    74.0    77.2    81.5    77.7    62.1    50.7    45.3    43.4    44.4    46.6
    51.2    55.7    57.7    57.0    55.0    52.4    51.2    50.6    50.6    51.2
    52.3    53.6    54.2    56.1    58.8    61.0    62.5    63.2    62.5    59.7
    55.6    51.9    49.6    49.1    49.7    54.1    61.0    68.7    73.8    75.6
    75.6    75.6    75.6    75.6    75.7
    61.8    62.4    62.2    63.9    66.5    67.5    64.7    57.5    52.9    51.3
    52.4    53.0    52.5    53.9    58.1    63.9    68.5    71.1    72.1    72.2
    73.3    77.4    81.6    78.7    62.1    50.7    45.3    43.4    43.9    46.6
    51.8    58.4    62.7    64.2    63.4    61.9    59.7    57.6    55.6    54.9
    54.9    54.8    54.8    55.4    56.0    58.0    60.9    63.2    64.0    62.5
    59.7    56.4    52.6    50.8    52.1    57.4    64.8    72.1    74.7    75.6
    75.6    75.6    75.6    75.7    75.7
    61.8    62.5    62.2    63.2    67.3    75.2    76.7    67.7    55.3    50.2
    47.1    46.6    45.6    47.8    52.6    59.9    66.9    71.3    72.2    72.3
    73.3    77.4    81.7    78.8    62.2    50.7    44.7    42.9    43.3    44.9
    49.4    57.0    63.5    66.6    67.3    66.5    65.7    62.6    59.7    57.6
    56.2    55.5    54.8    53.4    52.0    51.9    55.2    60.1    63.2    64.8
    65.0    64.3    61.5    58.7    58.1    62.4    68.7    73.8    75.6    75.6
    75.6    75.7    76.6    76.6    76.5
    62.4    61.7    58.7    55.7    57.8    70.1    86.2    78.4    55.0    39.6
    33.3    32.1    37.8    47.3    57.7    63.7    69.6    72.2    72.2    72.3
    73.3    77.5    82.7    78.8    63.0    50.2    43.5    40.7    40.6    41.6
    46.5    55.2    63.7    69.2    70.0    69.0    67.4    63.4    59.7    58.2
    56.9    56.2    54.1    52.1    48.2    45.2    47.5    54.5    61.7    67.3
    72.5    75.3    73.6    70.2    68.6    69.5    72.1    74.7    75.6    75.6
    75.7    76.6    76.2    75.8    74.9
    60.7    58.7    53.3    41.7    38.8    54.8    73.3    76.7    52.5    32.9
    24.5    27.9    43.0    62.3    75.1    73.2    72.2    73.2    73.2    72.3
    74.4    78.6    84.8    80.9    64.0    50.1    42.4    37.6    37.6    41.2
    47.3    58.2    68.8    75.5    76.3    72.7    68.4    62.8    58.3    56.2
    54.8    53.5    52.8    53.5    50.2    44.2    44.1    47.5    59.5    69.1
    76.2    79.0    79.1    75.4    74.6    72.9    73.0    73.9    74.8    75.7
    75.8    75.4    75.2    74.3    73.5
    62.4    60.2    52.8    30.5    26.3    33.7    57.1    64.1    46.1    31.4
    25.7    32.9    58.5    79.0    75.9    69.4    69.5    71.3    72.3    73.4
    76.5    83.8    90.2    86.1    69.5    52.8    43.7    39.2    41.8    46.4
    56.7    66.4    75.0    81.3    82.1    78.3    70.4    62.4    54.5    49.3
    45.7    43.4    47.4    59.2    71.8    58.4    50.2    48.3    58.9    68.3
    75.3    78.1    76.3    74.6    74.7    75.6    74.8    74.0    73.5    73.4
    73.7    74.8    73.8    72.9    71.4
    73.7    77.1    78.7    74.1    41.7    32.2    43.1    46.0    41.5    34.5
    35.3    45.7    68.9    75.9    62.5    56.3    58.8    65.3    69.0    72.0
    79.8    88.2    94.6    91.5    79.2    60.6    51.4    48.8    55.3    68.8
    77.2    81.3    80.1    79.6    78.4    74.3    65.3    54.1    43.3    35.3
    30.1    29.6    36.2    51.3    68.6    68.5    61.3    50.3    56.1    63.4
    68.3    68.4    66.1    65.4    66.3    67.2    67.2    69.8    71.5    73.8
    75.9    75.0    72.0    69.5    68.9
    75.0    78.5    87.0   100.0    73.4    34.4    38.7    40.5    37.9    36.6
    38.8    47.8    58.5    54.7    46.2    42.5    47.6    54.4    60.4    68.1
    80.2    91.5    97.8    95.7    83.1    65.6    59.4    63.0    78.9    90.9
    95.5    84.3    76.5    73.1    69.7    66.2    59.8    47.3    36.0    27.9
    23.8    25.2    30.1    34.0    42.6    48.8    44.6    43.4    49.6    56.1
    58.2    52.9    45.2    43.2    45.5    47.8    49.7    56.3    69.3    78.5
    78.7    75.8    70.2    66.4    65.0
    59.3    46.3    51.3    58.6    42.1    25.3    31.0    35.7    39.2    38.3
    41.5    49.8    60.2    51.1    42.3    39.4    44.2    48.8    56.4    66.0
    83.2    97.8   100.0   100.0    86.0    63.8    58.5    65.9    86.6    95.5
    90.5    81.2    71.6    66.1    63.6    59.0    52.5    44.2    35.0    26.2
    23.7    27.0    39.1    40.2    39.0    32.7    30.6    30.1    39.3    47.4
    46.8    36.0    26.6    24.1    26.8    29.2    32.8    41.4    66.5    82.7
    85.9    76.6    68.2    62.9    60.7
    25.5    21.4    28.2    33.4    23.7    18.6    26.9    36.6    47.1    49.5
    48.1    57.2    61.0    55.6    41.4    39.6    43.0    47.3    54.4    69.5
    96.7   100.0   100.0   100.0    90.1    67.7    57.8    64.4    78.3    87.5
    86.9    79.8    70.7    62.9    54.6    48.5    45.1    40.6    37.5    34.6
    31.5    38.4    75.8    85.0    64.0    36.1    30.6    29.1    33.1    41.0
    38.0    28.0    19.7    18.7    20.8    24.2    26.8    38.0    59.8    83.2
    86.8    74.5    62.6    56.2    56.2
    11.9    10.3    19.0    37.2    39.5    20.5    16.1    21.1    32.5    42.9
    47.8    43.3    47.8    45.8    37.2    33.4    36.0    42.9    55.2    77.8
   100.0   100.0   100.0   100.0   100.0    69.0    59.7    62.1    72.9    83.1
    88.1    82.7    72.0    62.6    52.4    44.3    41.3    43.4    45.7    47.7
    56.9    65.5    85.8    88.2    65.6    46.5    38.3    40.6    46.2    47.9
    39.3    27.3    20.1    20.9    24.1    26.7    28.0    35.4    54.6    73.2
    75.0    62.3    51.0    48.5    47.9
     7.6     8.3    14.7    35.4    37.1    21.0     7.9     3.3    12.1    22.9
    23.8    18.9    18.6    21.8    23.2    23.6    28.3    36.9    53.7    82.0
   100.0    78.5    44.0    53.1    75.8    60.5    58.5    61.4    74.5    84.3
    95.9   100.0    87.5    66.1    54.6    45.3    44.0    51.3    55.0    61.2
    72.6    68.9    59.2    43.5    38.4    34.5    40.2    53.2    68.7    70.3
    50.9    32.7    25.3    25.6    31.5    30.3    23.5    27.5    40.0    54.7
    56.6    47.6    38.3    36.5    38.3
    12.6    15.9    28.6    40.9    58.0    41.2     8.0     3.8     4.1    13.3
    17.0    14.7    15.7    18.9    20.3    21.1    24.1    30.1    46.0    71.3
    87.3    61.7    22.6    18.2    33.6    52.3    62.1    72.4    88.1    91.0
   100.0   100.0    94.0    67.5    53.0    49.0    50.6    58.8    69.8    72.3
    74.5    56.8    29.6    28.9    37.0    24.5    22.5    48.9   100.0   100.0
    76.3    42.0    31.4    34.5    25.9    18.9    13.8    19.2    26.9    37.1
    40.7    37.3    31.7    31.7    32.5
    41.6    66.4    73.9    86.0    83.2    72.7    45.4    15.2     9.7    23.1
    24.6    18.6    18.4    19.9    21.4    21.8    24.1    28.0    36.9    56.3
    76.0    58.8    22.0    13.2    28.0    58.2    76.3    69.2    87.3    63.4
    69.9    85.6    85.7    60.6    48.6    43.8    45.4    51.8    67.1    75.6
    68.1    38.8    22.3    37.9    62.5    32.5     3.8    15.8   100.0   100.0
    87.7    46.1    26.3    19.8    12.6    14.4    16.3    26.7    29.2    32.5
    32.9    32.4    31.8    32.1    32.9
    79.8   100.0   100.0    98.2    86.1    88.5    90.1    79.3    55.2    49.7
    39.2    29.9    24.7    23.2    23.2    24.3    26.3    28.5    35.2    49.3
    75.6    74.0    48.2    39.6    45.3    80.0    48.9    31.2    32.9    21.6
    21.6    40.9    62.5    52.7    44.4    39.3    39.1    40.5    48.5    66.0
    53.9    35.0    18.6    47.7    31.0     9.9     4.6    12.4    72.7    95.8
    59.2    30.1    16.2     8.2    25.8    21.6    78.3    60.0    56.4    37.7
    31.1    30.7    31.6    32.6    33.0
    78.5    88.0    90.5    84.1    78.7    70.8    73.4    79.2    78.4    64.5
    49.8    39.5    32.2    27.4    25.7    26.5    28.5    30.0    34.9    44.3
    55.7    50.5    34.3    30.7    25.2    34.5    17.7    10.3    15.3     7.3
     7.4    27.3    47.9    45.3    36.3    32.4    29.4    25.2    27.5    42.3
    72.9    52.3    33.7    24.1    13.7    15.5    15.1    40.8    71.8    63.2
    36.4    20.8     7.6     2.8      .7     4.5    23.1    49.5    52.8    34.8
    27.2    27.9    30.0    32.1    32.6
    69.1    62.6    59.4    62.3    64.5    56.2    58.2    73.0    79.4    64.1
    52.3    44.8    39.0    33.6    30.9    32.0    34.3    37.2    42.1    49.3
    47.9    38.2    26.5    26.5    22.5    14.9     7.5     8.6    11.3     6.7
    12.8    36.0    48.1    46.6    25.5    22.9    21.2    12.2     7.8    18.3
    36.8    35.9    21.0     6.8    10.6    51.3    44.5    38.2    34.5    27.9
    23.0    18.0    12.5     7.0     5.7     4.9     3.7    19.4    25.1    22.6
    20.0    22.2    25.9    29.3    30.4
    71.5    60.7    53.5    51.0    52.3    53.5    56.9    64.8    67.1    58.9
    50.0    45.9    42.7    39.0    37.3    38.1    40.9    43.9    47.7    49.9
    39.9    26.6    19.2    33.2    53.4    18.2     7.7     8.0     8.8     8.7
    17.4    13.6    17.8    29.8    22.5    22.4    30.2     8.8     4.4     9.0
    17.0    29.9    17.5     3.7    12.9    54.6    46.0    22.6    14.7    17.5
    16.4    15.7    14.4    12.4    14.3    13.4    14.5    11.2    12.0    11.8
    12.3    14.9    18.9    23.3    25.3
    74.4    66.8    54.1    48.4    49.1    51.3    54.0    55.3    53.0    48.5
    45.3    43.8    43.2    41.9    41.0    41.9    43.1    44.4    45.0    41.0
    28.7    13.4    12.1    28.0    64.9    24.9     7.3     7.5     7.6     6.9
     5.0     2.9     6.9    19.5    23.3    25.1    27.0    10.9     6.3     9.4
    10.1    15.8    10.3     5.2    21.3    46.7    49.5    38.7    20.5    22.2
    17.6    13.9     9.6    12.3     9.6     8.3     6.7     8.1     7.9     7.7
     8.0     9.4    12.6    16.6    19.1
    77.2    68.6    54.0    46.4    45.0    47.5    49.2    48.1    46.1    44.4
    43.6    43.1    43.0    42.9    42.6    42.1    40.3    38.2    34.8    26.2
    14.4     7.2     7.7    13.9    20.3    15.1     9.0     8.0     7.2     6.1
     5.2     4.2     5.9    11.7    14.6    15.2    15.8    13.8    17.8    20.3
     9.2     8.0     6.7     6.3    19.9    40.3    61.9    80.2    76.4    50.3
    30.6    11.0     3.4     2.7     2.8     3.3     3.4     3.9     4.4     4.8
     5.3     6.3     8.6    11.6    13.8
    59.7    49.4    38.8    32.5    31.8    34.7    41.3    43.3    43.3    43.3
    43.3    43.3    43.3    43.3    42.8    40.9    36.1    29.8    24.8    19.6
    10.2     5.7     6.3     9.7    12.3    11.1     8.1     7.6     7.0     6.2
     7.3     8.3     8.7     8.2     8.1     5.1     5.0    12.3    25.5    38.4
    20.6    14.6     9.8    10.2    10.0    21.6    51.7    84.6    83.0    60.8
    42.4    23.2     4.2     1.1     1.0      .8     1.2     1.5     2.4     3.3
     4.3     5.4     7.1     9.1    10.5
    28.3    22.1    17.9    17.1    18.1    20.5    32.2    41.2    43.3    43.3
    43.3    42.5    40.5    39.0    36.8    31.9    24.9    16.5    12.0     9.2
     6.3     4.7     6.1     8.2     9.4     8.5     6.1     4.2     5.6     7.3
     6.8     8.8     8.0     8.2     7.5     3.0     2.5     4.1     7.8    21.3
    17.2    10.5     4.6    10.1    11.2    16.7    57.1    73.8    69.0    56.5
    46.6    72.5    18.1     4.1     3.5     4.6     3.5     3.2     3.3     4.1
     5.1     6.3     7.3     8.3     9.0
    16.9    14.4    13.1    13.6    14.5    16.2    25.5    38.1    42.5    42.5
    40.1    33.4    23.2    17.7    13.9    11.8     8.5     4.9     3.4     2.7
     2.5     2.4     2.7     2.9     3.7     2.8     1.2      .9     4.6    10.3
    11.1    10.7     8.4     9.5     9.6     4.2     3.1     2.0     2.4     3.9
     3.8     2.1     2.3    17.6    49.9    83.6   100.0    69.1    56.6    50.7
    55.8   100.0    68.3    22.9    16.9    14.6     7.0     5.2     5.1     5.7
     6.7     7.5     7.8     8.1     8.4
    14.4    12.9    12.6    13.5    13.9    15.0    20.3    30.4    34.7    32.5
    21.0    10.1     6.5     6.8     7.0     6.7     5.4     3.5     2.6     2.3
     2.3     2.3     2.3     2.2     2.1     1.2      .4      .5     3.5    43.4
    41.1    29.7    16.1    17.6    18.7    10.0    33.1     5.4     1.3     1.4
     2.4     1.7     2.1    12.1    47.7    72.3    72.8    39.1    27.2    32.2
    45.2    58.4    55.7    30.6    15.0     9.8     6.9     6.0     6.1     6.7
     7.5     7.9     8.0     8.1     8.1
    13.8    13.3    13.3    13.6    13.8    13.9    13.8    13.3    12.0     9.0
     6.0     4.8     5.0     6.6     8.1     8.2     6.6     4.4     2.8     2.3
     2.3     2.2     2.1     2.0     1.8     1.1      .3      .4     2.9    57.4
    90.0    31.6    18.3    12.9     3.8     8.8    54.2    25.8     1.8     1.3
     4.5     4.0     1.4     4.1    13.4    16.8    20.5    26.0    18.6    18.2
    20.5    23.8    22.0    14.0     8.2     6.3     5.6     5.7     6.2     7.0
     7.7     8.0     8.1     8.1     8.1
    13.9    13.8    13.8    13.6    12.9    11.1     7.7     6.0     5.5     4.9
     4.4     4.5     5.9     8.0    10.2     9.7     8.7     6.6     3.9     2.5
     2.3     2.1     1.9     1.9     1.8     1.3      .5      .5     1.9     7.5
    11.5    12.3     7.4      .8      .8     5.4    29.6    18.2     3.3     3.4
     6.3     6.4     1.6     2.7     3.6     3.8    30.1    67.9    25.2    17.9
    16.2    15.1    12.8     9.1     6.2     5.4     5.2     5.7     6.5     7.2
     7.9     8.1     8.2     8.1     8.1
    13.9    13.9    13.8    13.3    11.6     8.6     5.9     5.2     5.1     4.7
     4.1     4.6     6.4     8.5    10.6    10.8     9.4     7.5     5.3     3.3
     2.4     2.1     2.0     2.0     2.1     2.2     2.2     2.2     3.2     4.6
     5.5     5.1     3.6     1.4     1.0     3.9     5.2     2.3     2.2     7.9
    10.8     7.5     3.9     4.4     1.7     3.5    36.9    93.0    40.3    22.2
    16.0    14.1    11.5     8.3     6.3     5.6     5.6     6.0     6.8     7.5
     8.0     8.1     8.1     8.1     8.1
    13.9    13.9    13.8    12.7    10.4     7.3     5.5     5.2     5.1     4.7
     4.3     4.7     7.0     9.9    11.2    10.9     9.5     8.2     7.5     6.8
     6.3     5.0     3.8     3.9     5.2     5.5     4.5     3.7     3.4     3.9
     4.0     4.5     4.5     3.1     2.8     2.7     2.2     1.5     1.9     8.9
    11.4     8.1     6.4     5.2     4.8     9.8    53.5    95.4    41.0    22.1
    16.3    14.4    11.6     8.6     6.7     6.0     5.9     6.4     7.1     7.7
     8.0     8.1     8.1     8.1     8.1
    13.9    13.9    13.7    12.5     9.9     7.0     5.5     5.2     5.2     5.1
     4.9     6.0     8.6    10.5    11.1    10.2     9.0     9.5    11.0    12.3
    12.2     9.2     4.8     4.2     8.0     7.0     5.7     4.8     4.3     4.1
     4.3     4.6     4.8     4.4     3.7     2.7     1.9     1.9     2.0     2.5
     5.5     6.9     8.2    10.6    11.7    15.4    23.4    33.7    30.5    21.7
    17.1    15.5    13.2    10.1     7.8     6.7     6.4     6.7     7.3     7.8
     8.0     8.1     8.1     8.1     8.1
    13.9    13.9    13.7    12.4     9.8     7.1     5.5     5.3     5.3     5.5
     5.7     6.8     9.1    10.2    10.3     9.6    10.1    11.9    13.6    14.6
    15.3    13.0     6.5     9.4    19.8    19.2     7.9     5.8     6.1     6.7
     7.2     6.8     5.9     5.2     4.6     4.0     4.4     8.3     5.7     3.9
     3.2     6.5     9.8    13.5    15.3    16.1    16.9    18.3    18.6    17.5
    17.7    18.6    18.0    15.4    12.5    10.0     8.6     8.0     8.0     8.1
     8.1     8.1     8.1     8.1     8.1
    13.9    13.9    13.7    12.4    10.0     7.5     6.1     5.6     5.7     5.9
     6.2     7.2     8.3     9.1     9.6    10.3    11.6    13.3    14.7    15.6
    15.6    14.2    13.4    13.1    36.9    39.7    15.3    12.8    14.9    21.6
    25.1    20.3    12.8     8.2     7.0     9.8    17.9    35.8    29.2    17.5
    11.3    10.6    12.4    14.5    15.8    15.6    14.9    14.9    15.4    16.6
    19.0    21.4    22.5    22.1    20.4    18.1    15.4    13.0    11.1     9.5
     8.5     8.3     8.1     8.1     8.1
    13.9    13.9    13.7    12.4    10.2     7.8     6.4     6.0     6.0     6.2
     6.6     7.4     8.3     9.0     9.7    10.8    12.5    13.8    15.0    15.6
    15.9    16.0    17.5    24.6    70.4    86.4    37.9    29.9    35.4    47.6
    58.5    50.2    31.2    19.1    15.3    19.7    34.4    69.2    74.4    67.4
    36.8    23.8    17.5    15.7    14.7    14.0    13.5    13.5    14.3    16.3
    19.5    22.5    24.1    24.3    24.1    23.4    22.0    20.0    17.3    13.8
    11.0     9.5     8.7     8.3     8.1
    13.9    13.9    13.5    12.3    10.2     7.9     6.6     6.2     6.2     6.4
     6.8     7.5     8.3     9.0     9.8    11.0    12.6    14.0    14.7    15.5
    15.8    16.5    19.1    25.0    44.7    51.0    48.2    38.0    45.1    61.5
    68.9    63.6    45.2    31.5    26.5    31.0    49.1    64.4    65.4    52.8
    43.9    29.0    21.3    16.6    14.6    13.4    13.1    13.2    14.2    16.2
    19.5    22.4    24.1    24.3    24.6    24.3    24.9    25.0    24.3    20.5
    16.0    12.4     9.8     8.6     8.1
