diamond 4 10年12月01日20时500百帕相对湿度场
10 12 01 20   0  500
  2.000 -2.000  32.0 160.0  80.0  12.0
  65  35    10.0      .0   100.0  1  0
    68.6    68.6    69.3    69.2    67.3    59.9    49.0    40.8    37.2    39.2
    44.3    53.3    64.1    70.6    72.3    71.4    70.6    69.0    67.3    64.7
    63.7    63.2    62.7    59.1    51.2    44.3    39.7    38.6    39.5    44.1
    52.9    64.2    71.5    74.1    74.1    74.1    74.1    75.0    77.8    79.8
    82.7    82.7    80.7    76.0    69.7    65.5    63.1    62.3    62.3    62.3
    62.3    60.9    57.4    51.5    44.7    40.7    38.9    38.5    38.5    38.5
    37.2    33.8    28.4    23.8    22.3
    68.6    68.6    69.4    70.9    70.7    63.0    49.5    38.9    33.8    33.8
    37.3    44.9    55.3    64.9    68.2    69.8    68.2    65.5    61.5    58.5
    56.9    57.8    59.4    57.3    50.4    43.3    39.2    38.1    39.0    43.5
    52.9    65.0    71.5    74.1    74.1    74.1    74.1    75.0    77.8    80.7
    82.7    82.7    80.7    76.9    70.6    65.5    63.1    62.3    62.3    62.3
    62.3    60.9    57.4    50.9    44.2    40.3    38.9    38.5    38.5    38.5
    37.6    34.3    28.4    23.5    21.8
    69.4    69.4    71.1    73.6    76.1    70.6    53.9    38.8    30.7    27.2
    26.9    30.0    37.4    47.1    55.2    59.4    58.6    54.3    49.8    47.4
    47.3    49.3    53.1    54.4    49.6    43.2    39.3    38.1    39.0    43.5
    52.9    64.2    71.5    74.1    74.1    74.1    74.1    75.0    77.8    80.7
    82.7    82.7    81.7    77.8    72.3    67.2    63.9    63.1    63.1    63.1
    62.3    59.4    54.7    48.5    43.2    39.8    38.9    38.5    38.5    38.5
    37.6    33.8    28.0    23.5    21.5
    69.4    70.2    71.9    76.3    81.9    79.8    64.5    45.1    32.5    25.9
    22.6    23.5    27.9    33.0    39.6    44.7    46.3    45.7    44.0    43.4
    43.9    46.9    51.8    53.7    49.6    43.2    39.3    38.1    39.0    42.5
    50.4    61.9    70.7    73.2    74.1    75.0    75.0    76.0    77.8    80.7
    83.7    83.7    82.7    79.8    76.0    71.4    67.1    64.6    63.8    63.1
    60.1    55.3    49.1    43.6    40.7    38.9    38.5    38.5    38.5    38.0
    37.2    33.4    27.6    22.9    21.0
    70.2    71.1    72.8    78.1    86.9    92.1    83.6    62.1    42.6    30.3
    27.2    27.2    30.3    32.6    35.4    39.0    41.9    42.9    42.9    42.9
    43.9    46.3    51.8    53.7    49.6    43.2    39.2    38.1    38.1    40.4
    46.3    55.5    64.2    69.8    72.4    74.1    75.0    76.0    78.8    82.7
    85.7    85.7    84.7    83.7    84.7    84.6    77.8    70.5    64.6    60.1
    53.3    45.1    39.6    37.4    37.5    38.5    39.0    38.0    38.0    37.6
    36.3    32.2    26.9    22.6    20.7
    69.4    70.3    72.0    76.4    85.9    94.3    98.8    86.7    66.2    54.0
    49.4    49.5    45.2    39.4    36.3    39.0    41.4    42.9    42.9    42.9
    43.8    46.8    51.8    54.3    49.5    42.7    38.3    36.6    36.5    37.5
    40.9    46.9    52.3    56.2    61.2    67.4    71.5    75.1    79.8    85.7
    87.8    87.8    85.7    87.8    95.4   100.0    94.2    78.7    64.8    52.7
    40.5    33.5    32.0    33.3    37.6    41.0    41.5    39.5    39.0    38.6
    38.3    34.1    28.6    23.8    19.7
    68.6    70.3    69.5    72.9    79.2    91.1    98.8    98.8    88.8    84.7
    85.7    70.3    45.8    33.0    30.3    35.9    40.9    42.4    42.9    42.9
    44.3    47.9    53.3    55.2    50.0    43.2    37.8    34.3    33.8    36.1
    37.7    38.7    36.4    34.5    38.5    47.5    58.4    68.3    77.0    83.7
    82.7    79.8    77.0    78.9    87.8   100.0   100.0    91.0    61.9    44.7
    33.1    29.1    29.5    36.0    45.4    51.8    51.8    48.1    45.4    46.4
    46.8    42.8    35.2    28.2    23.2
    57.7    61.4    60.7    67.0    73.8    82.0    87.9    86.7    79.6    78.6
    78.6    59.4    34.2    26.9    31.1    38.5    42.3    42.9    42.9    43.8
    46.3    51.1    57.1    58.5    52.7    45.4    39.6    35.9    36.7    38.7
    42.0    38.7    32.5    25.8    26.0    31.9    44.5    56.6    65.2    66.7
    62.7    56.1    51.5    51.0    54.3    69.2    81.8    78.9    55.0    39.1
    30.8    28.7    33.4    43.3    57.8    69.8    71.5    66.5    63.0    63.3
    62.9    57.8    46.2    36.9    29.6
    36.1    31.4    34.9    48.3    60.8    68.1    67.9    60.3    51.4    47.5
    45.9    40.4    29.6    29.9    42.1    52.5    52.4    47.4    45.8    46.8
    50.5    56.5    62.0    63.6    60.1    53.8    47.9    45.2    47.6    55.7
    50.8    42.3    35.4    29.1    30.6    36.3    48.0    52.5    48.5    40.0
    33.3    31.2    32.4    36.0    38.9    45.2    53.0    57.7    48.5    39.4
    34.5    34.3    39.4    51.7    65.0    74.9    75.8    74.6    71.4    72.3
    71.9    67.0    57.0    47.3    43.5
    24.4    23.2    28.9    44.0    54.7    60.7    56.3    48.5    40.4    38.1
    38.1    37.1    37.0    48.5    66.8    80.1    70.9    60.2    55.0    56.5
    61.2    63.8    64.7    65.5    67.1    67.7    65.5    63.1    67.1    58.6
    48.9    40.4    44.6    44.3    47.0    59.9    66.4    59.5    44.2    30.0
    22.6    24.2    29.4    36.5    38.5    36.6    36.6    37.5    37.8    37.8
    38.3    40.4    47.0    56.5    63.9    68.7    68.8    69.0    71.6    73.3
    73.7    71.0    63.3    57.6    54.3
    23.7    23.5    31.2    50.0    61.0    64.0    55.1    45.6    39.6    37.4
    38.7    42.7    49.2    63.8    79.7    86.3    75.7    66.2    63.8    69.6
    74.9    74.1    70.8    70.9    72.7    75.3    74.2    70.1    66.0    45.7
    30.6    30.6    56.0    71.1    76.8    84.1    84.0    68.0    50.7    29.9
    22.0    23.0    34.8    45.2    45.9    38.2    30.1    28.2    31.1    35.1
    38.7    43.8    50.1    54.7    56.9    57.7    58.6    62.5    70.3    73.5
    73.9    70.3    66.3    63.2    61.7
    33.5    29.0    51.2    63.6    69.6    68.5    56.3    45.7    39.1    38.6
    43.7    49.6    55.6    63.1    76.4    73.5    63.3    57.9    64.1    77.8
    90.4    91.6    87.7    85.0    83.2    80.5    76.8    67.2    49.6    26.6
    21.4    25.9    52.1    72.2    85.1    92.9    90.5    73.0    57.7    41.6
    27.0    27.4    53.4    68.7    61.0    40.4    28.5    24.2    24.3    28.6
    35.2    43.8    51.9    53.9    52.7    50.9    53.0    58.8    67.3    72.9
    72.3    66.5    60.5    59.6    68.5
    25.6    15.6    26.5    57.3    83.7    66.1    58.9    49.9    44.4    44.2
    49.5    58.7    60.8    61.4    65.5    68.2    62.4    59.8    65.2    84.5
    98.9   100.0   100.0    97.0    93.1    84.8    78.6    65.6    46.0    28.8
    21.4    31.4    51.2    59.9    73.1    90.5    95.1    81.6    71.0    54.9
    39.7    37.3    53.5    65.1    54.3    37.9    26.9    21.8    19.3    21.8
    29.4    40.9    48.4    47.3    44.1    44.2    48.8    56.1    64.3    68.1
    64.6    54.7    47.3    55.0    56.9
    15.6    10.8    14.9    35.7    49.6    60.3    60.4    66.9    52.6    54.5
    70.6    98.9    89.7    62.9    62.9    72.7    70.8    65.9    70.7    81.3
    92.8    93.9    92.2    93.3    92.4    85.3    80.2    74.2    65.3    53.7
    51.7    56.6    61.3    56.6    62.9    82.9    92.7    89.1    84.9    64.6
    41.2    35.5    40.4    40.2    37.4    31.7    31.8    28.6    27.9    26.9
    34.6    42.1    43.9    39.8    33.6    35.8    47.8    54.1    57.1    57.1
    50.4    40.6    32.3    32.6    37.3
    13.2    11.9    15.9    26.5    44.8    48.8    48.3    53.5    65.5    66.8
    81.6    97.9    65.8    38.0    46.8    64.8    75.7    76.7    71.4    71.6
    73.4    76.8    79.5    81.3    78.9    74.2    74.0    81.7    84.9    76.2
    71.0    71.0    68.6    60.6    57.4    59.8    66.9    78.5    89.1    71.3
    38.4    32.5    40.1    42.6    40.7    45.2    57.4    64.3    62.4    50.1
    44.6    41.3    38.3    30.1    37.3    48.4    65.4    53.5    48.0    43.2
    37.3    31.5    25.6    26.2    28.2
    18.3    19.1    24.2    33.5    45.7    37.8    19.1    31.6    58.4    63.1
    71.0    78.5    43.9    26.8    26.7    53.5    72.6    79.3    77.2    69.1
    65.6    65.1    64.6    60.8    55.3    52.1    58.2    73.0    91.3    75.0
    69.3    68.6    68.4    59.9    50.7    42.5    39.8    47.0    66.8    71.5
    40.1    37.8    47.9    52.6    56.7    65.5    85.8    93.6    86.5    68.0
    45.2    35.7    33.3    33.4    46.0    42.5    38.9    26.9    25.0    24.7
    25.9    25.9    25.6    26.5    28.2
    31.6    33.0    37.9    45.5    50.4    40.2    24.8    25.9    61.6    66.5
    63.7    53.0    29.7    20.6    27.3    45.3    67.3    78.2    76.9    68.8
    59.5    51.9    42.2    32.7    28.0    32.3    42.5    60.5    67.1    58.4
    48.3    45.5    45.4    47.9    46.5    39.1    32.1    31.4    39.8    62.3
    53.0    49.2    54.7    55.9    76.9    84.2    68.4    64.6    52.0    37.3
    27.4    24.0    25.4    25.5    15.5    13.6     8.6     9.5    10.5    14.3
    18.3    22.4    25.0    27.2    28.2
    49.3    54.8    57.1    59.4    63.0    77.4    71.6    74.3    81.9    78.7
    65.8    55.3    44.1    35.2    35.1    48.4    64.3    73.1    68.3    59.2
    47.3    35.5    22.0    12.7     6.2    12.2    26.7    43.0    46.9    32.8
    20.7    14.8    13.5    19.1    33.1    39.6    31.0    20.1    20.1    30.7
    47.9    34.9    34.0    38.1    65.4    60.2    41.1    31.1    16.3     9.2
     6.9     9.7    17.8    27.8    24.5    17.5    10.4     9.1     9.6    12.5
    16.3    20.5    24.7    27.5    28.5
    57.7    64.2    71.1    67.1    73.0   100.0   100.0    98.2   100.0    80.5
    68.0    60.0    54.1    47.9    45.1    49.1    54.5    55.5    50.7    42.7
    35.3    26.5    16.5     9.7     4.6     6.2    15.8    28.2    32.4    20.4
    10.8     7.0     4.2     5.1    27.9    45.9    28.9    12.7    16.5    17.1
    22.7    23.2    19.7    20.6    22.4    20.3    17.0    10.6     3.6     1.7
     1.4     3.7    14.5    38.6    68.6    51.8    33.1    18.3    15.3    15.9
    18.2    21.2    24.5    27.2    27.8
    50.7    57.9    67.1    71.5    73.4    88.2    95.6    81.8    70.8    64.7
    58.5    54.3    50.7    46.7    44.4    43.8    43.4    42.6    40.4    37.0
    33.4    27.1    18.9    11.8     7.9     7.5    11.3    16.6    18.5    14.0
     9.4    11.5     8.6    12.1    41.2    50.3    42.1     6.1     4.1     7.9
     8.1    19.5    14.3    10.1     3.8     3.2     6.8     3.1     1.0      .7
      .6     1.9     7.2    22.4    45.0    49.2    47.0    28.4    22.6    20.9
    20.3    21.3    23.1    24.9    25.7
    39.7    44.1    55.8    65.9    64.7    57.2    44.5    30.1    27.5    31.0
    36.1    37.9    36.6    35.8    36.1    37.6    39.2    39.3    38.8    37.8
    36.5    33.2    24.0    15.4    10.5     9.0     9.6    10.5     9.6     9.2
    12.9    27.8    21.8    30.0    56.9    55.8    45.6    12.6     5.0     6.5
     6.7    13.7     9.0     4.8     3.3     5.3    14.0     6.9      .8      .7
      .7     1.4     3.2    10.0    15.7    17.3    14.4    18.9    18.3    17.7
    17.4    17.7    19.1    21.2    22.6
    27.1    24.2    29.6    37.3    36.5    26.0    16.9    13.0    15.5    24.5
    33.5    35.2    33.2    31.4    31.8    34.6    39.6    43.2    44.2    45.5
    46.3    42.4    29.5    15.5     9.0     7.6     8.2     7.5     7.3     8.0
    11.2    23.0    21.4    22.2    39.0    42.7    38.4    36.2    18.7    13.6
    13.1    13.9     6.0     6.6    26.9    28.2    45.8    11.9     3.9     1.4
     1.3     1.6     2.4     3.6     4.8     5.9     6.8     8.5    10.3    11.5
    12.3    13.9    16.1    18.5    19.9
    12.0     8.8     8.7    13.1    13.7    10.1     8.2     8.7    13.5    21.9
    32.6    36.9    32.9    29.9    30.3    35.6    48.6    56.8    60.6    66.9
    72.5    71.7    48.6    18.9     8.3     6.7     7.0     6.6     7.0     7.5
    13.3    13.7     9.9     7.8    14.7    17.0    13.5    20.6    19.3    19.8
    12.8     9.2     9.1    21.2    37.8    52.8    37.6    17.0     5.9     1.9
     1.4     2.7     3.7     3.7     3.0     2.2     3.7     4.0     6.3     8.3
    10.5    12.9    15.2    17.4    18.6
     6.5     5.9     6.6     7.7     8.2     7.9     7.7     8.6    12.6    19.7
    31.7    34.9    32.3    29.3    29.6    36.8    55.1    64.7    67.2    71.1
    80.8    77.0    55.4    23.4     9.0     7.2     7.6     6.8     6.4     9.3
    10.3    11.6     8.4     8.8    11.8     8.3     4.7     4.1     4.5     8.2
     8.5    19.8    34.7    31.3    25.4    22.9    37.0    26.2     7.6     2.7
     2.0     5.0     8.4    23.1    30.8    39.1    20.7    13.2    10.2    11.5
    13.3    15.2    16.3    17.4    18.0
     7.0     6.6     6.8     7.0     7.4     7.7     8.1     8.6    10.3    15.4
    26.7    28.2    25.0    21.6    22.3    31.4    52.5    60.4    59.3    59.6
    58.4    45.4    19.6    10.6     6.9     6.3     6.7     5.1     4.4     3.9
     6.2    11.0     9.2    13.7    18.6    10.7     4.1     1.6     1.5     6.9
    86.5    70.4    95.4    82.0    68.2    84.5    92.9    24.6    15.1     7.5
     8.9    10.1    21.4    88.0   100.0   100.0    40.3    19.5    15.5    15.0
    16.1    17.1    17.3    17.5    17.6
     6.6     7.2     7.3     7.1     7.5     8.6     9.8    10.0    10.3    11.6
    14.9    15.2    14.0    13.5    13.5    15.2    21.0    23.1    18.4    13.0
     7.8     3.7     2.5     2.3     2.3     2.7     4.1     4.5     4.0     4.0
     7.0    21.9    22.7    32.9    47.0    30.3    10.7     3.6     1.7     9.0
    65.7    66.5    73.4    24.4    27.1    41.7    29.2    10.0     4.7     8.5
    18.3    15.1    28.2    57.7    64.6    40.3    20.0    14.1    13.3    14.6
    16.5    17.5    17.8    17.7    17.8
     6.8     7.0     7.0     7.1     7.8     9.2    10.5    10.7    10.7    11.2
    12.6    13.1    12.9    12.7    12.5    12.3    11.0     7.5     4.4     3.1
     2.4     2.0     1.9     1.9     1.9     2.3     3.6     4.4     4.2     4.5
     9.6    41.9    70.8    81.0    79.3    61.1    35.5    19.9    16.1    18.6
    23.6    15.7     4.1     1.5     2.5     3.9     3.3     3.8     3.0     4.4
     7.5    11.3    14.1    18.6    16.0    12.6    10.0    10.1    11.6    14.2
    16.5    17.6    17.8    17.8    17.8
     6.5     6.6     6.8     7.2     8.2     9.8    10.5    10.9    11.0    11.6
    13.0    13.6    13.7    13.5    13.2    12.9    11.6     7.7     3.7     2.4
     2.0     1.9     1.9     1.9     2.0     2.5     3.7     5.6     5.4     5.7
    12.3    38.4    71.0    87.3    64.2    44.0    32.9    32.8    29.3    18.2
     3.6     1.5      .6      .7     1.3     1.7     2.7     3.3     3.0     5.9
     8.9    11.0    10.4    10.7     9.2     8.6     8.4     9.9    12.1    14.9
    17.1    17.8    17.9    18.0    17.9
     6.7     6.7     6.8     7.3     8.5    10.1    10.6    10.8    11.4    12.4
    13.5    13.8    13.9    13.8    13.7    13.6    13.2    10.6     4.8     2.6
     2.2     2.1     2.2     2.3     2.9     4.9     9.0    11.7     9.6     9.1
    14.3    30.6    43.5    33.9    16.8     3.2     3.4     7.7     7.8     2.6
     1.9     1.8     2.1     1.5     1.5     1.6     2.4     3.5     5.0     8.6
    10.8    10.5    10.3     9.7     9.1     8.9     9.5    10.9    13.3    15.8
    17.6    18.0    18.0    17.9    17.9
     6.7     6.7     6.9     7.4     8.7    10.4    11.2    11.5    12.4    13.4
    13.8    13.9    13.9    13.8    13.8    13.8    13.5    11.8     6.8     4.1
     3.8     4.0     4.6     6.7    11.5    17.9    25.5    26.8    19.0    15.1
    15.7    17.9    14.4     5.4     1.2      .2      .4     1.8     2.6     2.5
     3.6     6.2     7.2     3.9     2.6     2.4     2.8     3.5     5.3     8.3
    10.2    10.3    10.1    10.1     9.9    10.1    10.4    12.1    14.4    16.5
    17.6    18.0    18.0    18.0    18.0
     6.7     6.7     6.9     7.5     9.0    11.0    11.8    12.3    13.0    13.7
    13.8    13.8    13.8    13.8    13.8    13.8    13.7    13.1    10.8     9.6
     9.5     9.8    10.0     9.6    12.1    24.0    36.1    36.8    27.9    22.4
    19.3    15.9     9.5     3.7      .9      .4      .6     1.5     1.0     1.5
     6.8    10.5    12.7     7.1     4.2     3.1     2.8     3.3     4.8     7.3
     9.3    10.0    11.1    12.0    12.0    11.5    11.5    12.7    14.9    16.9
    17.8    18.0    18.0    18.0    18.0
     6.7     6.7     6.9     7.6     9.3    11.5    12.5    12.8    13.4    13.7
    13.8    13.8    13.8    13.8    13.8    14.1    14.7    15.6    14.9    14.0
    13.2    11.8     8.9     7.4     9.1    17.2    27.2    37.8    29.6    26.7
    24.7    20.8    14.3     7.6     4.1     3.5     7.8    25.1     9.5     4.6
     6.5     9.5    10.6     9.2     6.6     4.3     3.3     3.4     4.8     7.5
    10.6    14.2    18.5    21.1    20.0    17.3    15.4    15.2    16.2    17.3
    17.8    18.0    18.0    18.0    18.0
     6.7     6.7     6.9     7.6     9.4    11.3    12.7    13.2    13.5    13.7
    13.8    13.8    13.8    14.0    14.8    17.4    21.3    24.7    25.3    23.9
    21.5    18.1    14.1    11.2     9.6    13.5    23.2    27.9    29.3    28.5
    28.1    27.0    23.3    20.4    21.6    36.5    68.3   100.0    66.3    24.9
    13.8    11.9    11.2    10.5     8.4     6.0     4.4     4.3     6.3    10.7
    17.3    24.6    31.1    34.3    33.4    30.0    26.2    23.4    21.3    19.6
    18.4    18.1    18.0    18.0    18.0
     6.7     6.7     6.9     7.8     9.5    11.4    12.8    13.4    13.5    13.8
    13.8    13.8    14.0    14.8    17.9    25.5    37.7    48.1    51.4    49.7
    45.0    40.8    39.7    31.9    19.5    16.4    20.5    24.6    27.1    28.5
    28.8    29.0    29.1    30.9    38.3    51.6    75.2   100.0   100.0    79.3
    24.7    14.4    12.2    11.2     9.8     7.6     6.2     7.0    11.4    20.4
    30.6    37.4    39.2    39.2    38.8    38.1    36.0    33.1    28.7    23.8
    20.2    18.5    18.1    18.1    18.0
     6.7     6.7     7.0     7.9     9.5    11.5    12.9    13.4    13.7    13.8
    13.8    13.8    14.3    16.0    21.1    32.4    49.1    63.1    68.8    67.1
    61.7    59.6    62.1    69.3    57.6    36.2    30.3    27.6    28.5    29.0
    29.0    29.6    30.6    34.2    42.0    54.1    67.4    80.7    71.7    47.7
    26.1    18.0    14.2    12.3    10.9     9.2     8.4    10.3    17.2    29.0
    41.4    44.2    42.3    41.4    38.2    38.5    38.6    36.2    31.2    25.6
    21.3    18.9    18.2    18.1    18.0
