diamond 4 10年12月01日08时500百帕相对湿度场
10 12 01 08   0  500
  2.000 -2.000  32.0 160.0  80.0  12.0
  65  35    10.0      .0   100.0  1  0
    72.8    71.9    69.2    64.1    59.2    58.1    62.6    69.1    72.4    69.3
    64.7    59.2    52.7    49.2    48.5    49.1    48.5    48.0    48.1    47.6
    47.7    48.5    48.7    47.1    42.2    37.6    34.7    34.2    35.0    39.6
    48.1    58.4    65.9    68.3    68.3    68.3    69.1    70.0    73.4    76.9
    80.7    81.7    79.7    75.9    71.4    68.0    66.3    67.2    70.7    77.2
    84.0    89.2    91.6    91.4    91.4    88.1    82.9    76.3    70.9    68.4
    67.6    67.6    67.6    67.6    67.6
    72.8    71.9    69.2    63.3    56.9    56.0    62.7    71.9    77.4    76.2
    71.1    64.2    58.4    52.0    50.5    49.2    48.6    47.6    47.2    46.7
    46.9    47.6    48.7    47.4    42.7    37.2    34.7    33.8    35.0    39.1
    48.1    59.2    65.9    68.3    68.3    68.3    68.3    70.0    73.4    76.9
    80.7    81.7    80.7    75.9    71.4    67.9    66.3    67.1    69.8    75.3
    83.0    89.2    91.6    92.6    91.4    88.1    81.9    75.3    70.1    68.4
    67.6    67.6    67.6    67.6    67.6
    71.9    71.0    68.4    61.7    54.8    53.2    59.7    71.3    82.6    85.6
    84.5    78.2    69.5    62.9    57.0    52.2    48.5    46.9    45.5    44.8
    44.6    46.1    47.6    47.1    42.5    37.2    34.7    33.8    34.6    38.7
    47.6    59.2    65.9    68.3    68.3    68.3    68.3    70.0    73.4    77.9
    80.7    81.7    80.7    76.8    71.4    67.9    66.3    66.3    68.0    72.5
    79.1    85.1    89.9    91.4    90.2    85.9    78.1    71.8    68.4    67.6
    67.6    67.6    67.6    66.8    66.9
    71.1    70.2    66.7    59.4    52.0    49.4    54.6    66.1    79.7    87.8
    91.0    88.8    83.4    75.2    65.7    56.3    49.7    45.7    44.0    43.4
    43.9    45.4    47.5    47.0    42.5    37.2    34.7    33.8    34.6    37.7
    45.9    56.4    64.3    67.5    68.3    69.1    69.1    70.0    73.4    77.9
    81.7    82.6    80.7    76.9    72.3    68.8    67.1    67.0    68.7    69.7
    71.7    75.5    81.2    85.7    86.2    82.0    75.4    70.1    68.4    67.6
    67.6    67.6    66.9    66.1    66.1
    72.0    69.3    65.9    57.1    49.4    47.8    50.6    59.0    71.3    84.7
    89.9    89.9    82.5    72.7    61.4    53.2    47.6    44.4    43.4    43.4
    43.8    45.4    47.4    47.0    42.5    37.2    34.3    33.4    33.8    35.4
    41.1    49.9    58.4    63.6    66.7    68.3    69.1    70.8    75.1    79.8
    82.7    83.6    81.7    76.9    73.2    69.7    67.9    68.7    67.9    64.7
    60.4    57.9    60.3    66.6    73.6    74.9    71.9    68.4    67.6    67.6
    67.6    66.9    65.3    64.7    63.8
    73.7    71.0    64.9    52.6    44.6    44.1    47.8    53.1    62.8    76.6
    86.6    82.4    64.6    50.6    43.1    42.2    43.3    43.9    43.9    43.4
    43.8    45.3    47.4    46.9    42.5    36.8    33.0    31.6    31.6    32.4
    35.8    41.1    47.0    51.2    55.7    62.1    65.9    70.0    76.0    82.7
    85.7    84.7    81.7    76.9    73.2    71.4    69.7    68.0    64.7    56.7
    45.1    39.2    39.9    45.9    56.3    65.3    68.0    68.5    67.7    66.8
    65.3    64.6    63.2    62.4    63.1
    80.1    76.3    62.3    44.7    35.9    37.6    42.7    49.0    57.9    71.8
    81.2    66.1    44.2    31.2    28.3    33.2    40.3    43.9    45.0    43.9
    44.3    45.8    48.0    48.1    43.0    36.8    32.2    29.6    29.2    31.2
    33.4    34.3    32.6    31.3    34.5    42.6    52.4    62.8    73.4    81.7
    82.6    79.7    76.0    74.2    72.4    72.4    70.6    67.2    56.8    46.2
    36.8    33.1    34.0    42.6    55.1    67.1    71.6    70.4    67.1    63.9
    61.7    60.3    60.3    60.9    62.3
    73.2    75.0    55.0    35.1    27.9    30.0    39.0    45.3    52.0    60.7
    64.4    51.4    30.5    22.0    22.3    27.6    36.9    42.8    44.4    44.3
    45.3    48.0    50.2    49.7    43.9    36.9    32.3    30.5    32.5    35.7
    39.6    37.3    30.5    23.2    22.9    26.3    35.6    48.3    60.6    67.4
    66.5    63.3    61.7    64.1    67.3    69.0    67.3    59.7    46.9    37.3
    32.3    32.0    37.1    48.1    63.5    76.6    79.9    75.1    67.4    60.5
    56.3    55.5    57.5    60.8    63.5
    47.0    38.1    41.1    52.5    39.4    33.2    37.7    39.4    40.8    41.3
    41.4    36.0    24.7    18.5    17.9    20.8    28.2    37.2    42.0    44.1
    47.3    50.1    51.9    50.8    45.9    39.4    35.1    36.0    43.3    56.0
    59.1    52.6    39.2    27.0    23.5    24.1    30.2    37.7    44.9    43.4
    41.0    40.9    46.4    54.7    62.7    63.5    58.3    46.9    35.1    29.6
    29.0    33.7    42.0    55.6    69.7    78.4    79.4    76.7    67.8    59.3
    55.7    54.9    58.0    62.6    67.6
    34.4    30.1    39.5    71.5    66.4    43.2    44.5    41.2    36.6    36.2
    37.1    36.6    30.3    19.7    15.3    14.8    20.8    28.9    37.4    45.1
    50.7    53.3    53.6    51.3    45.7    39.7    37.9    43.3    59.5    72.9
    79.7    69.8    56.6    39.7    30.5    27.9    30.0    39.3    43.2    34.2
    27.0    30.5    39.0    54.2    60.6    55.7    43.6    33.8    27.4    26.6
    28.0    35.4    47.5    61.1    68.8    72.0    71.2    69.6    69.0    64.7
    59.9    58.3    62.1    68.5    75.1
    37.0    27.6    34.3    59.9    62.6    56.7    53.8    50.7    45.4    41.9
    47.8    62.6    67.7    38.5    21.4    17.7    23.1    32.8    46.2    58.8
    65.9    64.4    59.8    53.8    45.4    37.2    35.1    43.0    62.4    78.0
    79.9    75.7    73.2    60.3    41.9    34.7    37.2    50.5    63.5    36.4
    25.1    25.4    36.7    50.3    55.0    48.2    32.8    26.6    26.0    27.9
    31.6    41.5    55.5    64.7    64.5    60.6    59.1    61.5    68.8    69.8
    67.7    65.7    68.1    75.0    81.2
    34.6    26.2    19.0    27.5    37.9    47.1    59.8    70.1    74.7    72.1
    74.4   100.0   100.0    72.9    38.4    35.6    41.4    53.1    65.0    79.0
    89.0    88.8    82.9    74.2    50.1    35.3    31.0    36.7    52.2    68.9
    76.1    75.8    75.5    67.0    53.8    40.6    42.3    64.8    66.3    52.0
    30.5    30.0    45.7    50.9    48.0    39.6    31.2    30.0    32.7    42.6
    47.2    54.8    65.6    68.7    63.8    56.2    54.1    59.9    67.9    74.0
    73.8    70.0    68.5    73.0    89.5
    19.3    26.8    28.8    18.2    18.7    38.4    57.0    73.9    85.6    84.8
    83.6    85.1   100.0    95.9    77.1    69.4    69.8    71.8    76.7    88.3
   100.0   100.0   100.0    94.9    65.9    31.4    24.4    29.2    42.7    60.8
    73.4    74.0    74.3    66.0    57.9    49.8    44.9    48.4    43.5    37.0
    45.3    50.7    50.8    39.6    27.2    27.5    36.4    59.8    89.9    89.9
    81.8    72.8    71.3    65.7    58.9    53.9    53.8    58.7    66.4    71.4
    69.8    62.8    59.0    70.3    74.7
    13.0    34.9    52.3    24.6    28.1    35.7    50.3    64.1    75.0    68.9
    48.7    32.6    38.1    64.6    81.1    88.1    84.5    79.1    78.0    85.0
    93.2    94.2    91.4    87.5    67.5    29.7    21.7    26.5    39.8    57.0
    71.6    76.9    72.0    63.9    58.2    50.8    38.5    30.3    21.4    26.6
    54.6    64.8    56.6    25.6    16.8    18.3    42.0    69.6    77.2    89.0
    71.2    66.5    63.5    57.8    50.6    48.2    52.3    56.9    62.6    64.9
    59.7    51.5    43.9    46.3    53.1
    17.8    73.6   100.0    48.4    39.4    42.3    50.4    56.9    59.6    48.1
    34.1    25.7    41.0    78.3    90.0    96.3    89.2    78.3    68.8    70.8
    75.3    78.5    77.8    75.1    61.0    42.0    34.5    42.9    61.3    71.0
    77.3    78.1    74.0    64.0    59.0    53.5    46.8    42.5    45.3    51.7
    70.4    81.2    80.2    44.6    22.9    20.5    33.3    25.0    20.7    34.2
    47.1    52.4    53.3    48.3    49.3    51.9    55.7    57.7    59.0    56.9
    50.9    43.6    37.0    38.6    41.3
    56.5    76.7    86.2    68.2    53.8    53.3    53.8    56.2    51.8    38.0
    28.6    26.3    53.5    90.7   100.0    91.9    76.5    61.1    54.5    58.3
    63.2    67.3    69.5    73.1    81.5    84.5    86.9    88.4    91.1    68.0
    61.9    65.6    68.8    62.2    58.0    52.1    47.2    49.0    79.1   100.0
    90.3    96.7    94.6    65.6    43.4    37.4    46.4    23.6    16.5    34.1
    64.3    61.6    54.0    54.4    58.1    61.2    63.3    61.8    59.7    54.9
    48.4    42.0    38.4    38.9    41.0
    97.1    90.5    85.9    72.7    69.5    69.0    68.5    69.4    69.6    41.1
    28.0    31.6    65.9    99.1    95.4    78.0    61.2    50.5    49.2    52.7
    58.8    61.8    64.5    73.0    90.4   100.0   100.0   100.0    62.6    33.7
    25.0    30.6    43.2    55.0    60.9    57.4    43.5    36.9    45.6    86.3
    65.1    58.3    61.4    50.1    45.8    44.7    42.8    32.2    40.4    83.0
    68.5    61.3    56.4    60.6    61.5    68.1    66.3    67.9    62.6    56.3
    50.4    45.0    41.6    40.5    41.1
    99.1    91.8    83.4    81.6    82.4    87.4    89.2    92.6    80.0    48.2
    27.7    25.5    38.5    54.2    61.9    55.7    50.0    46.8    48.3    51.3
    56.1    57.0    60.5    56.7    73.0    76.8    91.3    77.2    32.6    14.1
     7.9     9.4    17.0    40.0    83.9    89.1    47.3    20.9    16.5    17.8
    15.7     8.2     9.2    16.4    33.5    36.0    14.5    11.1    32.2    82.4
    67.4    59.5    54.8    51.9    66.2    58.3    59.1    58.4    56.2    51.0
    47.5    45.4    42.5    41.8    41.8
    78.4    70.1    66.2    77.0    86.2    96.4   100.0    94.5    87.5    49.4
    29.8    22.7    21.9    22.7    24.0    27.9    35.5    44.5    49.9    54.3
    52.4    46.8    41.6    34.7    33.5    32.5    37.7    29.4    15.2     8.4
     4.9     5.1    12.6    40.2   100.0   100.0    40.0    11.8    12.2     9.8
     8.3     5.3     5.3    24.1    62.4    37.5     4.8     3.6    22.0    60.9
    70.0    48.8    30.9    22.8    17.2    21.2    30.6    31.4    32.9    32.6
    33.4    35.2    37.6    39.6    40.6
    59.2    53.2    54.4    62.9    75.9    86.4    92.9    88.6    72.8    47.4
    27.6    17.1    11.5     8.5     8.3    11.3    20.2    34.5    46.9    51.5
    44.3    33.0    24.8    18.0    12.8    10.5    10.4    13.9    11.2     8.6
     5.2     7.2    14.5    27.8    72.8    77.6    29.4     4.1     3.9     9.6
     7.2     4.2     2.6    13.3     7.9     4.7     6.2    10.4    39.1    63.4
    62.4    23.4    11.9     8.8     8.4    10.6    11.9    14.3    15.4    16.4
    18.3    22.2    28.2    34.2    36.8
    48.0    46.5    46.3    50.2    58.5    66.6    70.2    60.9    46.0    29.1
    16.6     9.7     6.6     5.3     5.2     6.6    11.3    21.6    35.6    41.2
    32.9    18.9    13.4    10.0     7.7     5.8     5.7    10.1    11.3    10.0
     9.4    12.4    16.7    20.6    36.3    37.8    19.3     6.6     5.2    13.5
    15.2     5.9     1.8     1.9     2.2     4.0    19.0    40.2    44.5    32.7
    12.8     4.3     1.7     2.4     5.4    10.0    16.1    10.7    10.9    11.3
    12.6    15.7    21.6    28.3    31.8
    40.2    40.4    41.2    42.6    44.6    43.9    34.8    22.9    14.8     9.7
     6.9     5.6     4.9     4.6     4.6     5.1     6.8    11.3    20.3    24.7
    18.2    10.7     9.3     9.9     9.9     8.5     7.5    10.3    11.6    11.3
    11.3    14.1    19.6    22.9    19.8    12.6    10.2    10.7    12.9    28.9
    51.4    20.6     3.9     1.9     7.1     9.0    27.8    22.9     9.5     1.7
     1.8     1.1     1.4     2.3     4.5    10.8    15.0    14.4    12.8    12.4
    12.9    15.5    20.1    25.5    28.7
    30.4    30.6    29.9    28.9    26.2    19.6     9.2     4.0     3.2     3.2
     3.6     4.2     4.5     4.6     4.6     4.6     4.8     5.9    11.5    17.6
    11.9     7.9     8.7    12.1    13.2    12.9    11.4    11.3    11.3    11.5
    16.2    13.8    15.7    19.7     8.8     3.6     2.7     2.7     7.1    33.1
    71.6    42.3    24.2    26.2    15.3    15.1    10.4     8.9     4.1     1.5
     1.5     5.7     6.7     7.3    12.9    32.1    37.7    28.4    22.9    20.5
    19.7    20.6    22.7    25.2    26.9
    22.5    20.6    19.7    18.8    15.5     9.5     4.1     2.7     2.5     2.4
     2.5     3.0     3.8     4.4     4.5     4.6     4.6     4.9     6.1     7.2
     5.8     4.3     4.8     8.0    11.8    12.6     8.3     6.1     7.9    14.2
    14.1    12.7     7.6     7.8     5.5     2.1     1.7     1.3     3.5    25.9
    67.7    52.2    30.9    23.6    11.0     5.6     6.1     5.9     5.1     5.9
    10.6    38.6    36.6    32.8    56.7   100.0    83.6    56.4    38.7    31.4
    26.8    24.9    24.8    25.3    26.0
    18.4    17.6    17.2    16.3    12.6     7.0     3.2     2.6     2.5     2.3
     2.2     2.2     2.6     3.5     4.4     4.6     4.6     4.3     3.2     2.3
     1.8      .9      .6     1.0     5.4    11.0     3.7     1.9     4.5     7.7
    10.0    10.2     5.4     5.8     6.2     3.2     4.3     7.7    17.0    38.9
    57.4    34.2    23.5    24.6    17.1     7.4     3.6     9.1    27.3    37.0
    64.3    95.6   100.0    86.0    96.6   100.0    71.3    49.3    38.8    32.3
    28.1    26.1    25.4    25.5    25.8
    17.6    17.0    16.9    15.5    11.2     6.0     3.0     2.5     2.5     2.3
     2.2     2.3     2.6     3.4     4.8     5.5     5.3     3.9     2.4     1.7
      .9      .5      .4     1.2    12.6    46.2     4.2     1.3     2.9    11.3
    14.9    17.0     9.6    13.8    23.7    38.9    69.8    83.1    73.6    52.9
    49.2    25.5    20.3    34.4    49.4    37.1    16.3    20.1    21.6    45.3
    92.4    72.0    87.1    85.7    73.4    58.3    44.2    36.2    32.7    29.6
    27.3    26.0    25.6    25.6    25.5
    17.4    17.2    16.9    14.3     9.2     4.5     2.8     2.5     2.5     2.5
     2.8     4.3     6.2     8.4    11.2    12.0    10.6     6.3     2.9     1.9
      .9      .5      .8     5.1    35.0    96.0    16.0     1.8     2.6    12.0
    23.6    23.9    17.8    28.2    53.7    75.2    54.7    41.1    31.8    31.6
    43.7    15.9     4.7     7.6    26.3    49.4    51.7    18.1    11.8    11.5
    11.5    14.4    21.8    33.1    36.7    34.8    31.4    30.2    29.7    28.3
    27.0    26.2    26.0    25.7    25.7
    17.4    17.2    16.3    12.7     7.2     3.3     2.6     2.5     2.7     3.3
     5.5     8.7    13.4    14.8    15.6    16.0    15.5    12.5     6.3     2.9
     1.5      .9     1.5    11.7    61.3   100.0    27.9     1.9     1.7     4.4
    10.5    10.6     2.7     4.2    18.2    36.0    11.1     6.4     4.7    13.8
    12.3     3.2      .9      .7     1.8     6.0    13.0    12.8     6.7     5.0
     4.3     4.3     8.6    17.6    25.7    28.7    29.0    29.2    28.9    27.6
    26.5    26.0    25.8    26.0    25.8
    17.4    17.2    16.1    12.3     6.6     3.2     2.7     2.9     4.0     7.2
    13.1    15.1    16.4    16.0    16.2    16.3    16.4    15.7    13.1     8.6
     6.1     4.2     9.3    51.6   100.0   100.0    49.7     3.4     1.6     2.5
     7.3     6.2     1.0     1.0     2.4     8.3     7.8     4.9     2.9     4.1
     5.7     1.5      .5      .3      .8     2.2     6.1     9.4     5.8     3.3
     2.6     3.3     6.6    15.1    24.3    28.7    29.5    29.5    28.6    27.0
    26.2    26.0    25.9    25.8    25.8
    17.4    17.2    16.1    12.3     7.1     3.8     3.6     4.1     6.1     9.9
    13.0    14.2    14.4    15.9    16.2    16.3    16.4    16.0    15.7    14.5
    14.1    13.9    20.3    46.7    53.1    67.4    62.3    16.9     3.7     3.9
     7.6     5.8     1.5      .8     1.3     3.6     5.1     3.8     2.5     3.3
     6.0     2.7     1.6     1.8     2.4     3.9     9.5    11.3     6.5     3.4
     2.7     3.6     7.0    14.9    24.3    29.2    30.4    29.8    28.1    26.7
    26.2    26.0    26.0    25.9    25.9
    17.4    17.3    15.7    11.7     7.0     4.2     3.9     4.2     4.5     4.5
     4.1     4.1     5.3    11.5    15.1    15.9    16.0    16.0    15.6    12.9
    12.5    13.0    15.8    21.8    18.5    10.8    22.2    24.8    14.2     8.3
    10.7     8.0     3.7     2.0     2.2     3.9     5.1     4.4     3.5     3.6
     4.4     5.1     7.0    13.2    22.2    25.0    22.2    18.5    11.0     5.5
     4.0     4.9     7.9    14.1    21.8    27.0    29.0    29.0    27.6    26.5
    26.2    26.0    26.0    26.0    25.9
    17.1    16.3    13.4     9.2     5.7     3.8     3.5     3.5     3.4     3.3
     3.2     3.2     3.7     6.1     9.8    11.9    14.2    16.2    16.4    13.9
    12.0    11.9    16.2    23.8    18.5     9.3     8.9    22.1    20.7    15.0
    11.7    10.3     7.6     5.4     4.9     6.0     7.0     7.7     5.5     4.3
     4.2     4.9     9.2    22.7    34.8    38.1    31.4    24.0    15.5     8.7
     5.9     5.5     6.8     9.6    13.5    17.8    21.5    24.1    25.2    25.8
    26.0    26.0    26.0    26.0    26.0
    15.5    13.7     9.8     6.3     4.3     3.5     3.3     3.3     3.2     3.2
     3.2     3.2     3.4     4.1     5.6     8.0    11.7    14.8    14.8    13.2
    12.9    17.3    26.1    35.3    30.7    15.4     6.7     9.7    13.7    14.7
    13.8    12.9    11.7    10.5    10.8    13.1    16.0    17.1    12.7     7.9
     5.3     5.2     9.1    18.9    32.2    32.6    25.2    19.4    14.1     9.5
     6.8     5.9     6.0     6.6     7.5     9.0    11.1    13.9    17.9    22.3
    25.1    26.3    26.2    26.0    26.0
    13.2    10.4     6.9     4.6     3.6     3.3     3.2     3.2     3.2     3.2
     3.2     3.2     3.2     3.4     4.1     6.1    10.0    14.3    15.3    14.5
    15.8    24.8    50.2    66.6    51.3    27.7    13.4    11.1    12.9    13.9
    14.3    14.5    14.7    16.6    20.5    26.4    33.9    37.6    28.7    17.4
     7.9     6.7     8.5    14.0    17.9    15.8    12.9    11.2    10.0     7.9
     6.4     5.8     5.9     6.0     6.2     6.4     6.9     9.0    13.8    21.2
    28.0    30.5    28.7    26.2    26.0
    11.4     9.0     6.1     4.2     3.4     3.2     3.2     3.2     3.2     3.2
     3.2     3.2     3.2     3.4     4.0     5.9    10.0    14.4    16.6    16.4
    20.6    33.0    66.6    84.9    69.6    34.0    19.1    14.6    14.0    14.2
    14.4    14.7    15.9    19.2    25.4    35.0    56.6    59.1    49.0    24.2
    13.4     9.1     9.5    11.8    13.7    11.2     9.6     8.9     8.7     7.1
     5.7     5.4     5.7     5.8     6.2     6.2     7.1    10.3    19.7    34.5
    46.9    46.5    35.6    29.0    26.0
